0
0
-2.7547186408489614e-08
0
0
0
0
0
0
0
0.0015463636213901984
0
0.005578992968835675
0
0
0.0017737829040391667
0
0
0
0
0
0
0.005574530632863937
0.001989567313585404
0.00027762988032551506
0.004756851691383041
0.0031705222530248466
0
0
0
0
0
0
0
0.0011873300359381996
0.005898826465920996
0
0
0
0
0
0
0
0
0
0
0.004164060980197952
0
0
0
0
0
0
0
0
0
0
0.0018105496149966943
0
0
0
0
0
0
0.001832563342476409
0
0
0
0.00596621454939591
0.0036938108460840523
0.03187998047086842
0
0
0.0014001466804029624
0
0.00273256712863986
0
0
0
0
0
0
0
0
0.005339131952506954
0
0.0013687505759777457
0
0
0
0
0
0
0
0.00720196414692567
0
0
0.0015251447946003271
0
0
0
0
0.00356936178251997
0
0
0.0009610281207472354
0
0
0
0
0
0
0
0.0025134274526747496
0.01621306783051621
0
0
0
0.006493341767702203
0
0
0
0
0
0
0
0
0
0
0
0.005667932409458002
0.004341876587067494
0
0
0
0
0
0
0
0
0
0
0
0
0.00549486347515786
0
0
0
0
0
0
0
0
0
0.007438545699420227
0.021454041079553617
0
0
0
0
0
0
0
0
0
0.004399462627645959
0
0
0
0
0
0
0
0.0042257461086385745
0
0
0
0
0.009052513555683428
0
0
0
0.0013413369789569295
0
0
0.002126606439165742
0
0
0
0
0.012238215122479733
0
0
0
0
0.0012658967228748905
0.0022872429027336653
0
0.0027792051018449026
0
0
0.0018373001078100565
0.005409693913054348
0.00466028898648738
0
0.02421480173148781
0
0
0
0.004796370351901683
0
0
0.010279348412162883
0
0
0
0
0
0.0032686894813427434
0.0032159956086401766
0
0.0018269357408041756
0
0.0037055103430111342
0
0
0.0035884905699505123
0
0
0
0
0
0
0.00907930234387936
0
0
0.0069958395308146746
0
0.005026854905349499
0
0
0
0
0
0
0
0
0
0
0
0
0
0
0
0
0
0.0054439632286166426
0
0
0.0017194722432046072
0
0
0
0.002760016506987548
0
0
0
0.002406168939545766
0
0
0
0
0
0
0.002600801969969231
0
0
0.001704523882968356
0.0034497162517354543
0.053041075774058616
0.012322616256295391
0
0
0.0012020022964105276
0
0
0
0
0
0
0
0
0
0
0
0.0021996792435899025
0.0008301904820194021
0.009441298976486281
0
0
0
0.00878346184094621
0
0
0
0.0031635210269097755
0
0
0
0
0.001050557551591112
0
0
0
0
0
0
0.001360714918252229
0
0
0
0
0
0.002908057676195572
0.004273356120921838
0
0.001968738705121761
0
0
0
0.0024824012167461358
0
0
0.001236988716379951
0.0018204464597413603
0
0.0016816919531929817
0
0.001310107880789001
0
0.00400438327735404
0
0
0
0
0.0019523640421552522
0.0017182132939911972
0
0
0
0
0.015582551538760911
0
0
0.0016593935007123241
0
0
0
0
0
0.003595140223649758
0
0.0034728577246722243
0
0
0
0
0
0
0
0
0
0
0.002110243183079162
0.004591293748744993
0
0
0
0
0
0
0
0.005235359066876239
0.00438793806652797
0
0
0
0.005796166811949717
0.0036672778424695286
0
0.005915297643400885
0.034391777732270055
0.002591681896650789
0
0
0
0
0
0
0
0
0
0
0
0
0
0
0
0.003415742728854694
0
0
0
0.0028829838600092994
0
0.0021249466867120743
0
0.001907511695170961
0
0
0
0
0
0.003980028260289731
0
0
0
0
0.00667299305658093
0.0012868723294923753
0
0.0023270301492992846
0.0006217562580332554
0
0.003055942263454152
0.0013737881490771258
0
0
0
0
0.0016921479591473464
0
0
0
0.0029092292001679323
0
0
0
0
0
0
0.0021845895335579186
0
0
0.005006037931230403
0
0
0
0
0
0
0.005470379898441454
0.0022312431832793604
0
0.0023865940806335013
0.0024468171776295664
0
0.0026397874540532514
0
0
0
0
0.015981891516236725
0
0
0.0034902393779174933
0
0
0.001707479288110803
0
0.004487186209601997
0
0
0
0
0
0
0
0
0
0
0
0
0
0
0
0
0.0020897146632240494
0.006106130521132603
0.0020243408453322624
0
0
0
0
0.0027506961332828357
0.0023156095561470773
0
0.0017839866206360053
0
0
0
0.002575156101676174
0
0
0
0.002049510472352314
0
0
0
0
0
0
0
0
0
0
0
0.0014937294692172174
0
0
0
0.0030981726327037828
0
0
0.0016950334864737618
0
0
0.0025160995851727062
0
0
0.0006478897159246607
0.0010292841010893369
0.0031955070068999374
0
0
0
0
0
0
0
0.024392972157148834
0
0
0.0013347944257846801
0.0015754034487054187
0
0
0.0013741776888619923
0.0014159534718951997
0
0
0
0.00200385470233841
0.002241514255528416
0.002549713027678334
0
0
0
0
0
0.003502104745416347
0
0
0.000984020126508247
0
0
0
0
0
0.0031693520956550345
0
0.0014117468616579314
0.000975458880912847
0.0013896025509224513
0
0
0
0
0
0.006313718453387984
0
0
0
0
0
0
0.00452243215955413
0
0.003375699092310699
0
0
0
0
0
0
0.0018717270107897622
0.003254627912511442
0
0.00772635121516629
0
0.0035458831728378062
0
0
0
0.008435682972832849
0
0
0
0
0.0017531519250207287
0.0011516786572600818
0
0
0
0
0.007227079934525736
0
0.0015858468659300329
0.0015657296330279806
0
0.0016842945480081543
0
0.0026010304280180145
0
0
0
0.0027460198921633442
0.001722514317609378
0
0
0
0.002054168431410314
0.0011849500308482306
0.005040394010603826
0
0
0.0012786297032895682
0
0.011795025207157046
0.004459394625154001
0.08437003741785518
0
0
0
0
0
0
0
0
0
0.0070917663456756125
0
0.0022073919834651365
0.0012580497925863531
0
0.011812432230730564
0
0
0
0.007476018343930822
0
0
0.006350048773065439
0
0
0.002282511769709149
0
0
0.0014869047365525334
0
0.005516299626240783
0
0.0019015278776341276
0
0.0035526301520589433
0
0
0
0
0
0
0.004384159029932014
0.0016185013525236434
0
0
0
0
0.0027800083108655504
0.006341044506049693
0
0
0
0
0
0
0
0.002021945294901529
0
0.003192023313489158
0
0
0
0
0
0
0
0
0
0
0.0574935866130213
0
0
0
0
0
0
0
0
0.0032466708838511014
0.0024385045881838035
0
0
0
0.0014735189046252135
0
0
0.0017621268584727462
0.0015941174406994452
0
0.002354665712895206
0.0008592510233915678
0
0
0
0
0
0
0
0.003238251765280487
0
0
0
0.008678229803773781
0
0
0.0058790279456688715
0
0
0
0
0
0
0
0
0.0016682482641452326
0
0.0021539112801851517
0.0033378714050965527
0
0.00559698180037262
0
0
0.0015183490424739206
0
0
0.001764602625460639
0.0028541061072882576
0.018941849557222057
0
0.005891571145164536
0.0015657296330279806
0
0
0.00731896763692676
0
0
0
0
0
0
0
0.001917412419529116
0.002414789728568609
0.0022648531382725738
0.002760016506987548
0.0019020918736593732
0
0
0.002441546662588574
0.003193009777739099
0
0
0
0
0
0
0
0
0
0
0
0
0
0
0.0016304979576552672
0.002987458938434435
0.004685326400225797
0
0
0
0
0
0
0.00240050033449795
0
0
0
0
0
0
0
0
0
0
0.001482564358092722
0.0036172123877854165
0
0.0026632308484182262
0
0
0
0
0.0020353768403775343
0
0
0
0
0
0
0
0.006840813844690959
0
0
0
0.007879865328807098
0
0
0
0
0
0.0055204892133009125
0
0
0.001231336368049688
0
0.0037133839625823747
0
0
0
0
0
0
0.00989946687939761
0
0
0
0
0
0
0.0015361457981734946
0
0
0.004073545995760993
0
0
0
0
0
0.002420617567400002
0
0
0.000833614977485756
0
0
0
0.0021332990765287646
0
0
0
0
0
0
0.004228968844933073
0.00455608085991217
0
0
0
0
0
0
0
0.007828648165139902
0
0.0030762849569983854
0
0.001551823379163532
0
0
0.004644319904044794
0
0
0
0
0
0
0
0
0.004899470333218915
0
0.0017563956156373805
0.004384173373261171
0
0
0
0
0.001362235952184427
0
0
0
0
0.0012605479175801194
0
0
0
0.008672489465529227
0
0
0
0
0
0.0022519928381619842
0.0016013130085771666
0
0
0
0
0
0
0
0
0
0
0
0
0
0
0
0
0.0034619464132705437
0
0
0
0
0
0
0
0
0
0
0
0
0
0
0
0
0
0
0
0
0
0
0
0
0
0
0
0
0
0
0.008327537928229779
0.0012481759010823685
0
0
0
0
0
0
0
0
0
0
0.0030083242399826155
0.002336909918474956
0
0
0
0
0
0.0018149481163872935
0
0
0
0
0.007509056896845605
0
0.0027949964244126167
0.0008204524128337059
0
0
0.001435755811491177
0
0
0.005464232667879924
0
0
0
0
0
0
0
0.002009539856086964
0
0.0038415102181481096
0.003145078862987282
0
0
0
0
0.0017134411031656449
0
0.004429581156404209
0
0
0
0.0020284518750378747
0
0
0
0
0
0
0
0
0
0.0023149393407575587
0
0
0
0
0
0
0
0
0
0
0.0017015852224208055
0
0
0
0
0
0
0
0
0
0
0
0
0
0.006511140446567369
0
0
0
0
0
0.002489458135685574
0
0.0015606803234995822
0.0016414721410096997
0.005269565044158159
0.001325842318864281
0
0.0013233631708229109
0
0
0
0
0.0032098971525200766
0
0
0
0
0
0.002716768784508787
0
0
0
0
0
0
0
0
0
0
0
0
0
0
0
0
0
0.0014883596384859402
0
0
0.003066013884749329
0
0
0
0
0
0
0
0
0
0
0
0
0
0
0.006879769530870061
0
0
0
0.0029817198341799437
0
0
0.0022271910361129736
0
0
0
0
0
0
0.0013773045842355172
0.009212495893462146
0
0
0
0
0
0.01298993481767804
0
0
0
0
0
0
0.0015056420816397273
0
0.0018799275325878132
0
0
0.005612133006717834
0.0036190148980536126
0
0.003982586447525409
0
0
0
0.005566144800874301
0.0019951495404056077
0.001289844671146413
0.07821744306830958
0
0
0
0
0
0
0
0
0
0
0.0023956500961331956
0
0
0
0
0
0
0
0
0.0025204843261476644
0
0
0
0
0
0
0
0
0
0
0
0
0
0
0
0
0
0
0
0
0
0
0
0
0
0.008101886016949618
0
0
0
0
0.005865950170194613
0
0
0
0
0
0
0
0.003192023313489158
0
0
0
0
0.004318389827286271
0
0
0
0.0018158604687758722
0
0
0
0.0016744682584633156
0.004538158769655043
0
0
0
0
0.00368416106116464
0
0
0
0
0
0
0.001973666744086564
0
0
0
0.006522564669119937
0
0
0
0
0
0
0
0
0
0
0
0.0037055103430111342
0.030982734795553687
0
0
0.0018809617746038216
0.0032973976993471215
0.0019773937459853577
0
0
0
0.0017119442126629816
0
0
0
0
0
0
0
0
0
0
0
0
0
0
0
0
0
0
0
0
0
0.0023337408811200644
0
0
0
0
0
0
0
0
0
0
0
0
0
0
0
0
0
0
0
0.0021216430309623445
0
0
0
0
0
0
0
0
0
0
0
0
0
0
0
0
0
0
0
0
0
0
0
0
0
0
0
0
0
0
0
0
0.0030819214742552354
0
0
0.0014917703650970176
0
0
0.002866259235060625
0
0
0
0
0
0
0
0
0.0024265116330899994
0
0
0
0
0
0.0021883210043224556
0
0
0.0030052763603960636
0
0
0
0
0
0
0
0
0
0
0
0
0
0
0
0.014295557734011156
0
0
0
0
0
0
0
0
0
0
0
0
0
0
0
0.00290176616207037
0
0
0
0
0
0
0
0
0
0
0
0
0
0
0
0
0
0
0
0
0
0
0
0
0
0
0
0
0
0
0
0
0.002615405278768337
0.002201596703071918
0
0.005067835188277528
0
0
0
0
0
0
0
0
0
0
0
0
0.004730183271559175
0
0
0
0
0
0
0
0
0
0
0
0
0
0
0
0
0
0.0011416265558339084
0
0.002344445240343685
0
0
0
0
0
0
0
0
0
0
0
0
0
0.0022171970429252777
0.0018882597952972564
0
0
0.002215221146443604
0
0
0.007509056896845605
0.0029670515052407577
0
0
0
0
0
0
0
0
0
0
0
0
0
0
0
0
0
0
0
0
0
0
0
0
0.0016141505715969657
0
0.0017141911715525741
0
0
0
0.0027183966635880314
0
0
0
0
0
0
0
0
0
0
0
0
0
0
0
0
0
0
0
0
0
0
0
0.004236720569132523
0
0
0
0
0
0
0
0
0
0
0
0.0015794398286027502
0
0
0
0
0
0.002239443705077411
0.001916302959856528
0
0
0
0
0
0
0
0.0029244853646940177
0.002203521277447715
0
0
0
0
0
0
0.0015846760478275173
0
0
0.002280271281563653
0
0
0
0
0
0
0
0
0
0
0
0
0.010683390302304595
0
0
0.0021845895335579186
0
0
0
0
0
0
0
0
0.0031834818632400608
0
0
0
0
0.0023125546367904273
0.00750734849221094
0
0
0
0.00817524288199101
0
0
0
0
0
0
0
0
0
0
0.004191890069651421
0
0
0
0
0
0
0
0
0
0
0.017546912188164107
0.004491360639373497
0
0
0
0
0.0015512748098906405
0
0
0
0
0
0
0
0
0
0
0
0.0023838570178218604
0
0
0
0
0
0
0
0
0
0
0
0
0
0
0
0
0.006000592601822508
0.004380393710377472
0
0
0.002322159952022397
0
0
0
0
0
0
0.004027069567321327
0
0
0
0
0
0
0
0
0.023760915022064462
0
0
0.002748861836229787
0
0
0
0
0
0
0
0
0
0
0
0
0
0
0
0
0
0
0
0
0
0
0
0
0
0
0
0
0
0
0
0
0
0
0.0021167266699900706
0
0
0
0
0
0
0
0
0
0
0
0
0
0
0.004204502314962427
0.0029817198341799437
0
0
0
0
0.001860658900813105
0
0.002392111922026165
0
0
0
0
0
0
0
0.004233453339980141
0
0
0
0
0
0
0
0
0
0
0
0.0020438107204977527
0
0
0
0
0
0
0
0
0
0
0
0
0
0
0
0
0
0
0
0
0
0
0.002128271519886825
0
0
0
0
0
0
0
0
0
0
0
0
0
0
0
0
0
0
0
0
0
0
0
0
0
0
0
0
0
0
0
0
0
0.0074386572917809
0
0
0
0
0
0.0021574277153435435
0
0
0
0
0
0
0
0
0
0
0
0
0
0
0
0
0
0
0
0
0
0
0
0
0
0
0
0
0
0
0.002241514255528416
0
0
0.006374840060136223
0
0
0
0
0
0
0
0
0
0
0
0
0
0
0
0
0
0
0
0
0
0
0
0
0
0.0024507814264026337
0
0
0
0
0
0
0
0
0
0
0
0
0
0
0.00913818748283544
0
0
0
0
0
0
0
0
0
0.002760016506987548
0
0
0
0
0
0
0
0
0
0
0
0
0
0
0
0
0
0
0
0
0
0
0
0
0
0
0
0
0
0
0
0
0
0
0
0
0.0029244853646940177
0
0
0.006152835753404801
0
0
0
0
0
0
0
0
0
0
0
0
0
0
0
0
0.028072168181738272
0
0
0
0
0
0
0
0
0
0
0
0
0
0
0.006593306539769245
0
0
0.005161375468947562
0
0
0
0
0
0
0
0
0
0
0
0
0
0
0.002691462682761156
0
0
0
0
0
0.004773188161267003
0
0
0
0
0
0
0
0
0
0
0
0
0
0
0
0
0
0
0
0
0
0
0
0
0
0.005113571648905068
0
0
0
0
0
0
0
0
0
0
0.0018158604687758722
0
0
0
0
0
0
0
0
0
0
0
0
0
0
0
0
0
0
0
0
0
0
0
0
0
0
0
0.003848238962162225
0
0.0023838570178218604
0
0
0.004164060980197952
0
0
0
0
0
0.002859111546802231
0
0
0
0
0
0
0
0
0
0.0038437482867580896
0
0
0
0
0
0
0
0
0
0
0
0
0
0
0
0
0.0024354802519230183
0
0
0
0.0017970301965090489
0
0
0
0
0.001709706945933874
0.002549713027678334
0
0
0
0
0
0
0
0
0
0
0
0
0
0
0
0
0.00233940954836912
0
0
0
0
0
0
0
0
0
0.00493309550548615
0
0
0
0
0.0041459145513104865
0
0
0
0
0.002322159952022397
0
0
0
0
0
0
0
0
0
0
0
0
0
0.002128271519886825
0
0
0
0
0
0
0
0
0.0200618703438242
0
0
0
0.0017340836939134746
0
0
0
0
0
0
0
0
0
0
0
0
0
0
0
0
0
0
0
0
0
0
0
0
0
0
0
0
0
0
0
0
0
0
0
0
0
0
0
0
0
0
0
0
0
0
0
0
0
0
0
0.002160968153658066
0
0
0
0
0.002476242842479669
0
0
0
0
0
0
0
0
0
0
0.002711607824522704
0
0
0
0
0
0
0
0
0
0.002531252993911372
0
0
0
0
0.004107653541527753
0
0
0
0
0
0
0
0
0
0
0
0
0
0
0
0.006117075442090355
0
0
0.0029647126646659447
0
0
0
0
0
0
0
0
0
0
0
0
0
0
0
0
0
0
0
0
0
0
0
0
0
0
0
0
0
0
0
0
0
0
0
0
0
0
0
0
0
0
0
0
0
0
0
0
0
0
0
0
0
0
0
0
0
0
0
0
0
0
0
0
0
0
0
0
0.0026442781504967755
0
0
0
0
0
0
0
0
0
0.0022093382228938452
0
0
0
0
0
0
0
0
0
0
0
0
0
0
0
0
0
0
0
0
0
0
0
0
0
0
0
0
0
0
0
0
0
0
0
0
0
0
0
0
0
0
0
0
0
0
0
0
0
0
0
0
0
0
0
0
0
0
0
0
0
0
0
0
0
0
0
0
0
0
0
0
0
0
0
0
0
0
0
0
0.024840148562887934
0
0
0
0.0018140373660230481
0.0016216315503112318
0
0
0
0
0
0
0
0
0.0029731465447861627
0
0
0
0
0
0
0
0
0
0
0
0
0
0
0
0
0
0
0
0
0
0
0
0
0.002134985816874396
0
0
0
0
0
0
0
0
0
0
0
0
0
0
0
0
0
0.0033420081964068453
0
0
0
0
0
0
0
0
0
0
0
0
0
0
0
0
0
0
0
0
0
0
0
0
0
0
0
0
0
0
0
0
0
0
0
0
0
0
0
0
0
0
0
0
0
0
0
0
0.0019196384838867618
0
0
0.011156215916396801
0
0
0
0
0
0
0
0
0
0
0
0
0
0.0025968975599427154
0
0
0
0
0
0.0034603969814689015
0
0
0
0
0
0
0
0
0
0
0
0
0
0
0.002531252993911372
0
0
0
0
0.0024601835968344576
0
0
0.0026136303722965647
0
0
0
0
0
0
0
0
0
0
0
0.002894408986244667
0
0
0
0
0
0
0
0.002190196855188736
0
0
0
0
0
0
0.0020699678022544393
0
0
0
0
0
0
0
0
0
0
0
0
0
0
0
0
0
0
0
0
0
0
0
0.013511957028971905
0
0
0
0
0
0
0
0
0
0
0
0
0.005581976702439314
0.0020243408453322624
0
0
0
0
0
0
0
0
0
0
0
0
0
0.0023495303026344638
0
0.005774309422723006
0.012716863767254616
0.0029168011915689453
0
0
0
0.015558218392016172
0
0
0
0
0
0
0
0
0
0
0
0
0
0.0049991907486252665
0
0
0
0
0
0
0
0
0
0
0.010420785968705387
0
0
0
0
0
0
0
0
0
0.005520033013975096
0
0
0.002748861836229787
0
0.004233453339980141
0
0
0
0
0
0
0
0
0
0
0
0
0
0
0
0
0
0
0
0
0
0
0
0
0
0
0
0
0
0
0
0.0019354943272916778
0
0
0
0
0
0
0
0
0.002588729325000734
0
0
0
0
0
0
0
0
0
0
0
0
0
0
0
0
0
0
0
0
0
0
0
0.002280271281563653
0.003154512596902215
0
0
0
0
0
0
0
0
0
0
0
0
0
0
0
0
0
0
0
0
0
0
0
0
0
0
0
0
0
0
0
0
0
0
0
0
0
0.0026397874540532514
0
0
0
0
0
0
0
0
0
0
0
0
0
0
0
0
0
0
0
0
0
0
0.0018819980830388182
0
0
0
0
0
0
0.004110547112158022
0
0
0
0
0.0018140373660230481
0
0
0
0
0
0
0
0
0
0
0
0
0
0
0
0
0
0
0
0
0
0
0
0
0
0
0
0
0.003017504518561143
0
0
0
0
0
0
0
0
0
0
0
0
0
0
0
0
0
0
0
0
0
0
0
0
0
0
0
0
0
0
0.002549713027678334
0
0
0
0
0
0
0
0
0
0.0018306806826991378
0
0
0
0
0
0
0
0
0
0
0
0
0
0
0
0
0
0
0
0
0
0
0
0
0
0
0
0
0
0
0
0
0
0
0
0
0
0
0
0
0
0
0
0
0
0
0
0
0
0
0
0
0
0
0
0
0
0
0
0
0
0
0
0.0028659814776891713
0.01923092973980722
0.0028456387841449384
0.002727247367142355
0
0
0
0
0
0
0
0
0
0
0
0
0
0
0
0
0
0
0
0
0
0
0
0
0
0
0
0
0
0
0
0
0
0
0
0
0
0
0
0
0
0
0
0
0
0
0
0
0
0
0
0
0.004992388465901035
0
0
0
0.002284761978007177
0
0
0
0
0
0
0
0
0
0
0
0
0.004901562852805267
0
0
0
0
0
0
0
0
0
0
0
0
0
0
0
0
0
0
0
0
0
0
0
0
0
0
0
0.0049991907486252665
0
0
0
0
0
0
0
0
0
0
0
0
0
0
0
0
0
0
0
0
0
0
0
0
0
0.0032612823345599686
0
0
0
0.002711607824522704
0
0
0
0
0.005297616134986035
0
0
0
0
0
0
0
0.02675818604982418
0
0
0
0.0026051964921763467
0
0
0.0027014374555453307
0
0
0
0
0
0
0
0
0
0
0
0
0
0
0
0
0
0
0
0
0.0032051549566345368
0
0
0
0
0
0
0
0
0.0023125546367904273
0
0
0
0
0
0
0
0
0
0
0
0
0
0
0
0
0.0017547696826470426
0
0
0.014701019534816897
0
0
0
0
0.005946293089572325
0
0
0
0
0
0
0
0
0
0
0
0
0
0
0
0
0
0
0
0
0
0
0
0
0
0
0.0018851194898466827
0.004606247946731073
0
0
0
0
0
0
0
0
0
0
0
0
0
0
0
0
0
0
0
0
0
0
0
0
0
0
0
0
0
0
0
0
0
0
0
0
0
0
0
0
0.014036457290214719
0
0
0
0
0
0
0
0
0
0
0
0
0
0
0.0023811343228601674
0
0
0
0
0
0
0
0
0
0
0
0
0
0
0.0020596382847746977
0
0
0
0
0
0
0
0
0
0
0
0
0
0
0
0
0
0
0.002592797363102926
0
0
0
0
0
0
0
0
0
0
0
0
0
0
0
0
0
0
0
0
0
0
0
0.006791767154062971
0
0
0
0
0
0
0
0.003291801266107133
0
0
0
0
0
0
0
0
0
0
0
0
0
0
0
0
0
0
0
0
0
0
0
0
0
0
0
0
0
0
0
0
0
0
0
0
0
0
0
0
0
0
0
0
0
0
0
0
0
0.005531370224070729
0
0
0
0
0
0
0
0
0
0
0
0
0
0
0
0
0
0.0029244853646940177
0
0
0
0
0
0
0
0.01563117895305808
0
0
0
0
0
0
0
0
0
0
0
0
0
0
0.021122531629928002
0
0
0.0023650916357795876
0
0
0
0
0.0024176954627743506
0
0
0
0
0
0
0
0
0
0
0
0
0
0
0
0
0
0
0
0
0
0
0
0
0
0
0
0
0
0
0
0
0
0
0
0
0
0
0
0
0
0
0
0
0
0
0
0
0
0
0
0
0
0
0
0.002609396290014842
0
0
0
0
0
0
0
0
0
0
0.019230102544148274
0
0
0
0
0
0
0.0073805507905033724
0
0
0
0
0
0
0
0
0
0
0
0
0
0
0
0
0.002777211635263949
0
0
0
0
0
0
0
0
0
0
0
0
0
0
0
0
0
0
0
0
0
0
0
0
0
0
0.0053188247592567085
0
0
0
0.003179215941813654
0
0
0
0
0
0
0
0
0
0
0
0
0
0
0
0
0
0
0
0
0
0
0
0
0
0
0
0
0
0
0
0
0
0
0
0
0
0
0
0
0
0
0
0
0
0
0
0
0
0
0.002004260704159705
0
0
0
0
0
0
0
0
0
0
0
0
0
0
0
0
0
0
0
0
0.007371091693911491
0
0
0
0
0
0
0
0
0
0
0
0
0
0
0
0
0
0
0
0
0
0
0
0
0
0
0
0
0
0
0
0
0
0
0
0
0
0
0
0
0
0
0
0
0
0
0
0
0
0
0
0
0
0
0
0
0
0
0
0
0
0
0
0.006871602258975967
0
0
0
0
0
0.0020257075712855842
0
0
0
0
0
0
0
0
0
0
0
0
0
0
0
0
0
0
0
0
0
0
0
0
0
0
0
0
0
0
0
0
0
0
0
0
0
0
0
0
0
0
0.00712719431579276
0
0
0
0.0027890001472336357
0
0
0
0
0
0
0.0037007521791591405
0
0
0
0
0
0
0
0.011647412523456862
0
0
0
0
0
0
0
0
0
0.0034358011294879833
0
0
0.002022977711304114
0
0
0
0
0
0
0
0
0
0
0
0
0
0
0
0
0
0
0
0
0
0.0026051964921763467
0
0
0
0
0
0
0
0
0
0
0
0
0
0
0
0
0
0
0
0
0
0
0
0
0
0
0
0
0
0
0
0
0
0
0
0
0
0
0
0.002293861723676736
0
0
0
0
0
0
0
0
0
0
0
0
0
0
0
0
0
0
0
0
0
0
0
0
0
0
0
0
0
0
0.00614423895475547
0
0
0
0
0
0
0
0
0
0
0
0
0
0
0
0
0
0
0
0
0
0
0
0
0
0
0
0
0
0
0
0
0
0
0
0
0
0
0
0
0
0
0
0
0
0.0032763173640585432
0.003108378008719385
0.005788817972489334
0.09168885657985011
0
0
0
0
0
0.003456974363160315
0
0
0
0
0
0
0
0
0
0
0
0
0
0
0
0.02492968851880763
0.002300792858434084
0
0
0
0
0
0
0
0
0
0
0
0
0
0
0
0
0
0
0
0
0
0
0
0
0
0
0
0
0
0
0
0
0
0
0
0
0
0
0
0
0
0
0
0
0
0
0
0
0
0
0
0
0
0
0
0
0
0
0
0
0
0
0
0
0
0
0
0
0
0
0
0
0
0
0
0
0
0
0
0
0
0
0
0
0
0
0
0
0.003026850216435976
0
0
0
0
0
0
0
0
0
0
0
0
0
0
0
0
0
0
0
0
0
0
0
0
0
0
0
0
0
0
0
0
0
0
0
0.002182733817091174
0
0
0
0
0
0
0
0
0
0
0
0
0
0
0
0
0
0
0.0023319465102715586
0
0
0
0
0
0
0
0
0
0
0.0018527551715055671
0
0
0
0
0
0.003026850216435976
0
0
0
0
0
0
0
0
0
0
0
0
0
0
0
0
0
0
0
0
0
0
0
0
0
0
0
0
0
0
0
0
0
0
0
0
0
0
0
0
0
0
0
0
0
0
0
0
0
0
0
0
0
0
0
0
0
0
0
0
0
0
0
0
0
0
0
0
0
0
0
0
0
0
0
0
0
0
0
0
0
0
0
0
0.002017560720037992
0
0
0
0
0
0
0
0
0
0
0
0
0
0.0024995953743126333
0
0
0
0
0
0
0
0
0
0
0
0
0
0
0
0
0
0
0
0
0
0.0033077616699799307
0
0
0
0
0
0
0
0
0
0
0
0
0.01640756200907947
0
0
0
0
0
0
0
0
0
0
0
0
0
0
0
0
0
0
0
0.0046990606052689276
0
0
0
0
0
0
0
0
0
0
0
0
0
0
0
0
0
0
0
0
0
0
0
0
0
0
0
0
0
0
0
0
0
0
0
0
0
0
0.002553485205753583
0
0
0
0
0
0
0
0
0
0
0
0
0
0
0
0
0
0
0
0
0
0
0
0
0
0
0
0
0
0
0
0
0
0
0
0
0
0
0
0
0
0
0
0
0
0
0
0
0
0
0
0.002580687734473781
0
0
0
0
0
0.0032186277192918296
0
0
0
0
0
0
0
0.005626825513199621
0
0
0
0
0
0
0
0
0
0
0
0
0
0
0
0
0
0.0027014374555453307
0
0
0
0
0
0
0
0
0
0
0
0
0
0
0
0
0
0
0
0
0
0
0
0
0
0
0
0
0
0
0
0
0
0.002113474796020363
0
0
0
0
0
0
0
0
0
0
0
0
0
0
0
0
0
0
0
0
0
0
0
0
0
0
0
0
0
0
0
0
0
0
0
0
0
0.0030363674045418873
0
0.0034358011294879833
0
0.009655883157875488
0
0
0
0
0
0
0
0
0
0
0
0
0
0
0
0
0
0
0
0
0
0
0
0
0
0
0.006854285934021531
0
0
0
0
0
0
0
0
0
0
0
0
0
0
0
0
0
0
0
0
0
0
0
0
0
0
0
0
0
0
0
0
0
0
0.0034154584359437504
0
0.0036358335365481416
0
0
0
0
0
0
0
0
0
0
0
0
0
0
0
0.002094380411620614
0
0
0
0
0
0
0.006261865054720657
0
0
0
0
0
0.003502104745416347
0
0
0
0
0
0
0
0
0.0020655156530369123
0
0
0
0
0
0
0
0
0
0
0
0
0
0
0
0
0
0
0
0
0
0
0
0
0.002852331421507961
0
0
0
0
0
0
0
0
0
0
0
0
0
0
0
0
0
0
0
0
0
0
0
0
0
0
0
0
0
0
0
0
0
0
0
0
0
0
0
0
0
0
0
0
0
0
0.056952045150016145
0
0
0
0
0
0
0
0
0
0
0
0
0
0
0
0
0
0
0
0
0
0
0
0
0
0
0
0
0.0015817605134548877
0
0.015298278166070003
0
0
0
0
0
0
0
0
0
0
0
0
0
0
0
0
0
0
0
0.0022435931048009985
0
0
0
0
0
0
0
0
0
0.0027949964244126167
0
0
0
0
0
0.0027830724004371506
0
0
0
0
0
0
0
0
0
0.011040066027950192
0
0
0
0
0
0
0
0.002852331421507961
0
0
0
0
0
0
0
0
0
0
0
0
0
0
0
0
0
0
0
0
0
0
0
0
0
0
0
0
0
0
0
0
0
0.003066013884749329
0
0
0
0
0
0
0
0
0
0
0
0
0
0
0
0
0
0
0
0
0
0
0
0
0
0
0
0
0
0
0
0
0
0
0
0
0
0
0
0
0.009278967581728984
0
0
0.04450902318539116
0
0
0
0
0
0
0
0.004883093325177148
0
0
0
0
0
0
0
0
0
0
0
0.0036672778424695286
0
0
0
0.002686546321788883
0
0
0
0
0
0
0
0
0
0
0
0
0
0
0
0
0
0
0
0
0
0
0
0
0
0
0
0
0
0
0
0
0
0
0
0
0
0
0
0
0
0
0
0
0
0
0
0
0
0
0
0
0
0
0
0
0
0
0
0
0
0
0
0
0
0
0
0
0
0
0
0
0
0
0
0
0
0
0
0
0
0
0
0
0
0
0
0
0
0
0
0
0
0
0
0
0
0
0
0
0
0
0
0
0
0
0
0
0
0
0
0
0
0
0
0
0
0
0
0
0
0
0
0
0
0
0
0
0
0
0
0
0
0
0
0
0
0
0
0
0
0
0
0
0
0
0
0
0
0
0
0
0
0
0
0
0
0
0
0
0
0
0
0.003142588572926749
0
0
0
0
0
0
0
0
0
0
0
0
0
0
0
0
0
0
0
0
0
0
0
0.00782211131693671
0
0
0
0
0
0
0
0
0
0
0
0
0
0
0
0
0
0
0
0
0
0
0
0
0
0
0
0
0
0
0
0.0031309325273603285
0
0
0
0
0
0
0
0
0
0
0
0
0
0
0
0
0
0
0
0
0
0
0
0
0
0
0
0
0
0
0
0
0
0
0
0
0
0
0
0
0.004938177872401172
0
0
0
0
0
0
0
0
0
0
0
0
0
0
0
0
0
0
0
0
0
0
0
0
0
0
0
0
0
0
0
0
0
0
0
0
0
0
0
0
0
0
0
0
0
0
0
0
0
0
0
0
0
0
0
0
0
0
0
0
0
0
0
0
0
0
0
0
0
0
0
0
0
0
0
0
0
0
0
0
0
0
0
0
0
0
0
0
0
0
0
0
0
0
0
0
0
0
0
0
0
0
0
0
0
0
0
0
0
0
0
0
0
0
0
0
0
0
0
0
0
0
0
0
0
0
0
0
0
0
0
0
0
0
0
0
0
0
0
0
0
0
0
0
0
0
0
0
0
0
0
0
0
0
0
0
0
0
0
0
0
0
0
0
0
0
0
0
0
0
0
0
0
0
0
0
0
0
0
0
0
0
0
0
0
0
0
0
0
0
0
0
0
0
0
0
0
0
0
0
0
0
0
0
0
0
0.0029731465447861627
0
0
0
0
0
0
0
0
0
0
0
0
0
0
0
0
0
0
0
0
0
0
0
0
0
0
0
0
0
0
0
0
0
0
0
0
0
0
0
0
0
0
0
0
0
0
0
0
0
0
0
0
0
0
0
0
0
0.0020162152661079885
0
0
0
0
0
0
0
0
0
0
0
0
0
0
0
0
0
0
0
0
0
0
0
0
0
0.0033077616699799307
0
0
0
0
0
0
0
0
0
0
0
0
0
0
0
0
0
0
0
0
0
0
0
0
0
0
0
0
0
0
0
0
0
0
0
0
0
0
0
0
0
0
0
0
0
0
0
0
0
0
0
0
0
0
0
0
0.002686546321788883
0
0
0
0
0
0
0
0
0
0
0
0
0
0
0
0
0
0
0
0.010404121712072058
0
0
0
0
0
0
0
0
0
0
0
0
0
0
0
0
0
0
0
0
0
0
0
0
0
0
0
0
0
0.0029564137324323138
0
0
0
0.010053709810698998
0
0
0
0
0
0
0
0
0
0
0
0
0
0
0
0
0.002711607824522704
0
0
0
0
0
0
0
0
0
0
0
0
0
0
0
0
0
0
0
0
0
0
0
0
0
0
0
0
0
0
0
0
0
0
0
0
0
0
0
0.003108378008719385
0
0
0
0
0
0
0
0
0
0
0
0
0
0
0
0
0
0.0028010628350781724
0
0
0
0
0
0
0
0
0
0
0
0
0
0
0
0
0
0
0
0
0
0
0.0029564137324323138
0
0
0
0
0
0
0
0
0
0
0
0
0
0
0
0
0
0
0.0022054530197148214
0
0
0
0
0
0
0
0
0
0
0
0
0
0
0
0
0.0028010628350781724
0
0
0
0
0
0
0
0
0
0
0
0
0
0
0
0
0
0
0
0
0
0
0
0
0
0
0
0
0
0
0
0
0
0.0030083242399826155
0
0
0
0
0
0
0
0
0
0
0
0
0
0
0
0
0
0
0
0
0
0
0
0
0
0
0
0
0
0
0
0
0
0
0
0
0
0
0
0
0
0
0
0
0
0
0
0
0
0
0.0024697593555687604
0
0
0
0
0
0
0
0
0
0.0030867635396319535
0
0
0
0
0
0
0
0
0
0
0
0
0
0
0
0
0
0
0
0
0
0
0
0
0
0
0
0
0
0
0
0
0
0
0
0
0
0
0
0
0
0
0
0
0
0
0
0
0
0
0
0
0
0
0
0
0
0
0
0
0
0
0
0
0
0
0
0
0
0
0
0
0
0
0
0
0
0
0
0
0
0
0
0
0
0
0
0
0
0
0
0
0
0
0
0
0.003502104745416347
0
0
0
0
0
0
0
0
0
0
0
0
0
0
0
0
0
0
0
0
0
0
0
0
0
0
0
0
0
0
0
0
0
0
0
0
0
0
0
0.003324228837155543
0
0
0
0
0
0
0
0
0
0
0
0
0
0
0
0
0
0
0
0
0
0
0
0
0
0
0
0
0
0
0
0
0
0
0
0
0
0
0
0
0
0.002887154711361503
0
0
0
0
0
0
0
0
0
0
0
0
0
0
0
0
0
0
0
0
0
0
0
0
0
0
0
0
0
0
0
0
0
0
0
0
0
0
0
0
0
0
0
0
0
0.0028659814776891713
0
0
0
0
0
0
0
0
0
0
0
0
0
0.002777211635263949
0
0
0
0
0
0
0
0
0
0
0
0
0
0
0
0
0
0.0036358335365481416
0
0
0
0
0
0
0
0
0
0
0
0
0
0
0
0
0
0
0.00984073438733783
0
0
0
0
0
0
0
0
0
0
0
0
0
0
0
0
0
0
0
0
0
0
0
0
0
0
0
0
0
0
0
0
0
0
0
0
0
0
0
0
0
0
0
0
0
0
0
0
0
0
0
0
0
0
0
0
0
0
0
0
0
0
0
0
0
0
0
0
0
0
0
0
0
0
0
0
0
0
0
0
0
0
0
0.0027219816143083213
0
0.05009401448493998
0
0
0
0
0
0
0
0
0
0
0
0
0
0
0
0
0
0
0
0
0
0
0
0
0
0
0
0
0
0
0
0
0
0
0
0
0
0
0
0
0
0
0
0
0
0
0
0.006583602532214266
0
0
0
0
0
0
0
0
0
0
0
0
0
0
0
0
0
0
0
0
0
0
0
0
0
0
0
0
0
0
0
0
0
0
0
0
0
0
0
0
0
0
0
0
0
0
0
0
0
0
0
0
0
0
0
0
0
0
0
0
0
0
0
0
0
0
0
0
0
0
0
0
0
0
0
0
0
0
0
0
0
0
0
0
0
0
0
0
0
0.003192023313489158
0
0
0
0
0
0
0
0
0
0
0
0
0
0
0
0
0
0
0
0
0
0
0
0
0
0
0
0
0
0
0
0
0
0
0
0
0
0
0
0
0
0
0
0
0
0
0
0.02933822273975623
0
0
0
0
0
0
0
0
0
0
0
0
0
0
0.0029244853646940177
0.013576124935204487
0.008820611720890138
0
0
0
0.0024176954627743506
0.007156287783562855
0
0
0
0
0
0
0.006053700432871952
0
0
0
0
0
0
0
0
0
0
0
0
0
0
0
0
0
0
0
0
0
0
0
0
0
0
0.003055942263454152
0
0
0
0
0
0
0
0
0
0.0037749746084333484
0
0
0
0
0
0
0
0
0
0
0
0
0
0
0
0
0
0
0
0
0
0
0
0
0
0
0
0
0
0
0
0
0
0
0
0
0
0.003551539485978756
0
0
0
0
0.007649139083035002
0
0
0
0
0
0
0
0
0
0
0
0
0
0
0.003551539485978756
0
0
0
0
0.008297055336106092
0
0
0
0
0
0
0.00913818748283544
0.008459099307972166
0.0036672778424695286
0
0
0
0
0
0
0
0
0.005880407813926759
0
0
0
0
0
0
0.0029817198341799437
0.0027714163548707305
0
0
0
0
0.09654052294764864
0.061478251846987506
0.03624114613463214
0.03469963856592436
0.002617899303383969
0
0
0
0
0
0
0
0
0
0
0
0
0
0
0
0
0.0034790488519667443
0.003551539485978756
0
0
0
0
0
0.030298501038924036
0
0
0
0
0
0
0
0
0
0
0
0
0
0
0
0
0
0
0
0
0
0
0
0
0
0
0
0
0
0
0
0
0
0
0
0
0
0
0
0
0
0
0
0
0
0
0
0
0
0
0
0
0
0
0
0
0
0
0
0
0
0
0
0
0
0
0
0
0
0
0
0
0
0
0
0
0
0
0
0
0
0
0
0
0
0
0
0.0036061870563406993
0
0
0
0
0
0
0
0
0
0
0
0
0
0
0
0
0
0
0
0
0
0
0
0
0
0
0
0
0
0
0
0
0
0
0
0
0
0
0
0
0
0
0
0
0
0
0
0
0
0
0
0
0
0
0
0
0
0
0
0
0
0
0
0
0
0
0
0
0
0
0.0027830724004371506
0
0
0
0
0
0
0
0
0
0
0
0
0
0
0
0
0
0
0
0
0
0
0
0
0
0
0
0
0
0
0
0
0
0
0
0
0
0
0
0
0
0
0
0
0
0
0
0
0
0
0
0
0
0
0
0
0
0
0
0
0
0
0
0
0
0
0
0
0
0
0
0.0026051964921763467
0
0
0
0
0
0
0
0
0
0
0
0
0
0
0
0
0
0
0
0
0
0
0
0
0
0
0
0
0
0
0
0
0
0
0
0
0
0
0
0
0
0
0
0
0
0
0
0
0
0.01609005674707197
0
0
0
0
0
0
0
0
0
0
0
0
0
0
0
0
0
0
0
0.020637718482432326
0
0
0
0
0
0
0
0
0
0
0
0.002681676124511995
0
0
0
0
0
0
0
0
0
0
0
0
0
0
0
0
0
0
0
0
0
0
0
0
0
0
0
0
0
0
0
0
0
0
0
0
0
0
0
0
0
0
0
0
0
0
0
0.0029817198341799437
0
0
0
0
0
0
0
0
0
0
0
0
0
0
0
0
0
0
0
0.0029817198341799437
0
0
0.0035262333842311254
0
0
0
0
0
0
0
0
0
0
0.0031309325273603285
0
0
0
0
0
0
0
0
0
0
0
0
0
0
0
0
0
0
0
0
0
0
0
0
0
0
0
0
0
0
0
0
0
0
0
0
0
0
0
0
0
0
0
0
0
0
0
0
0
0
0
0
0
0
0
0
0
0
0
0
0
0
0
0
0
0
0
0
0
0
0
0
0
0
0
0
0
0
0
0
0
0
0
0
0
0
0
0
0
0
0
0
0
0
0
0
0
0
0
0
0
0
0
0
0
0
0
0
0
0
0
0
0
0
0
0
0
0
0
0
0
0
0
0
0
0
0
0
0
0
0
0
0
0
0
0
0
0
0
0
0
0
0.0036061870563406993
0
0
0
0
0
0
0
0
0
0
0
0
0
0
0
0
0
0
0
0
0
0
0
0
0
0
0
0
0
0
0
0.009198041654247988
0
0
0
0
0
0
0
0
0
0
0
0
0
0
0
0
0
0
0
0
0
0
0
0
0
0
0.003154512596902215
0
0
0
0
0
0
0
0
0
0
0
0
0
0
0
0
0
0
0
0
0
0
0
0
0
0
0
0
0
0
0
0
0
0
0
0
0
0
0
0
0
0
0
0
0
0
0
0
0
0
0
0
0
0
0
0
0.006648457674311086
0
0
0
0
0
0
0
0
0
0
0
0
0
0
0
0
0
0
0
0
0
0
0
0
0
0
0
0
0
0
0
0
0
0
0
0
0
0
0
0
0
0
0
0
0
0
0
0
0
0
0
0
0
0
0
0
0
0
0
0
0
0
0
0
0
0
0
0
0
0
0
0
0
0
0
0
0
0
0
0
0
0
0
0
0
0
0
0
0
0
0
0
0
0
0
0
0
0
0
0
0
0
0
0
0
0
0
0
0
0
0
0
0
0
0
0
0
0
0
0
0
0
0
0
0
0
0
0
0.0029817198341799437
0
0
0
0
0
0
0
0
0
0
0
0
0
0
0
0
0
0
0
0.005833602383137891
0
0
0
0
0
0.0029564137324323138
0
0
0
0
0
0
0
0
0
0
0
0
0
0
0
0
0
0
0
0
0
0
0
0
0
0
0
0
0
0
0
0
0
0
0
0
0
0
0
0
0
0
0
0
0
0
0
0
0
0
0
0
0
0
0
0
0
0
0
0
0
0
0
0
0
0
0
0
0
0
0
0
0
0
0
0
0
0
0
0
0
0
0
0
0
0
0
0
0
0
0
0
0
0
0
0
0
0
0
0
0
0
0
0
0
0
0
0
0
0
0
0
0
0
0
0
0
0
0
0
0
0
0
0
0
0
0
0
0
0
0
0
0
0
0
0
0
0
0
0
0
0
0
0
0
0
0
0
0
0
0
0
0
0
0
0
0
0
0
0
0
0
0
0
0
0
0
0
0
0
0
0
0
0
0
0
0
0
0
0
0
0
0
0.002706497712259731
0
0
0
0
0
0
0
0
0
0
0
0
0
0
0
0
0
0
0
0
0
0
0
0
0
0
0
0
0
0
0
0
0
0
0
0
0
0
0
0
0
0
0.002887154711361503
0
0
0
0
0
0
0
0
0
0
0
0
0
0
0
0
0
0
0
0
0
0
0
0
0
0
0
0
0
0
0
0
0
0
0
0
0
0.0035262333842311254
0
0
0
0
0
0
0
0
0
0
0
0
0
0
0
0
0
0
0
0
0
0
0
0
0
0
0
0
0
0
0
0
0
0
0
0
0
0
0
0.003179215941813654
0
0
0
0
0
0
0
0
0
0
0
0
0
0
0
0
0
0
0
0
0
0
0
0
0
0
0
0
0
0
0
0
0
0
0
0
0
0
0
0
0
0
0
0
0
0
0
0
0
0
0
0
0
0
0
0
0
0
0
0
0
0
0
0
0
0
0
0
0
0
0
0
0
0
0
0
0
0
0
0
0
0
0
0
0
0.005566144800874301
0
0.0032324597976539464
0
0
0
0
0
0
0
0
0
0
0
0
0
0
0
0
0
0
0
0
0
0
0
0
0
0
0
0
0
0
0
0
0
0
0
0
0
0
0
0
0
0
0
0
0
0
0
0
0
0
0
0
0
0
0
0
0
0
0
0
0
0
0
0
0
0
0
0
0
0
0
0
0
0
0
0
0
0
0
0
0
0
0
0
0
0
0.0034154584359437504
0
0
0
0
0
0
0
0
0
0
0
0
0
0
0
0
0
0
0
0
0
0
0
0
0
0
0
0
0
0
0
0
0
0
0
0
0
0
0
0
0
0
0
0
0
0
0
0
0
0
0
0
0
0
0
0
0
0
0
0
0
0
0
0
0
0
0
0
0
0
0
0
0
0
0
0
0
0
0
0
0
0
0
0
0
0
0.006173527079263907
0
0
0
0
0
0
0
0
0
0
0
0
0
0
0
0
0
0
0
0
0
0
0
0
0
0
0
0
0
0
0
0
0
0
0
0
0
0
0
0.003066013884749329
0
0
0
0
0
0
0
0
0
0
0
0
0
0
0
0
0
0
0
0
0
0
0
0
0
0
0
0
0
0
0
0
0
0
0
0
0
0
0
0
0
0
0
0
0
0
0
0
0
0
0
0
0
0
0
0
0
0
0
0
0
0
0
0
0
0
0
0
0
0
0
0
0
0
0
0
0
0
0
0.0032612823345599686
0
0
0
0
0
0
0
0
0
0
0
0
0
0
0
0
0
0
0
0
0
0
0
0
0
0
0
0
0
0
0
0
0
0
0
0
0
0
0
0
0
0
0
0
0
0
0
0
0
0
0
0
0
0
0
0
0
0
0
0
0
0
0
0
0
0
0
0
0
0
0
0
0
0
0
0
0
0
0
0
0
0
0
0
0
0
0
0
0
0
0
0
0
0
0
0
0
0
0
0
0
0
0
0
0
0
0
0
0
0
0
0
0
0
0
0
0
0
0
0
0
0
0.00478422384405233
0.006958097703933489
0
0
0
0
0
0
0
0
0
0
0
0
0
0
0
0
0
0.0029731465447861627
0
0
0
0
0
0
0
0
0
0
0
0
0
0
0
0
0
0.0035781438917814276
0
0
0
0
0.002128271519886825
0
0
0
0
0
0
0
0
0
0
0
0
0
0
0
0
0
0
0
0
0
0
0
0
0
0
0
0
0
0
0
0
0
0
0
0
0
0
0
0
0
0
0
0
0
0
0
0
0
0
0
0
0
0
0
0
0
0.0032051549566345368
0
0
0
0
0
0
0
0
0
0
0
0
0
0
0
0
0
0
0
0
0
0
0
0
0
0
0
0
0
0
0
0
0
0
0
0
0
0
0
0
0
0
0
0
0
0
0
0
0
0
0
0
0
0
0
0
0
0
0
0
0
0
0
0
0
0
0
0
0
0
0
0
0
0
0
0
0
0
0.0030460624942784805
0
0
0
0
0
0
0
0
0
0
0
0
0
0
0
0
0
0
0
0
0
0
0
0
0
0
0
0
0
0
0
0
0
0
0
0
0
0
0
0
0
0
0
0
0
0
0
0
0
0
0
0
0
0
0
0
0
0
0
0
0
0
0
0
0
0
0
0
0
0
0
0
0
0
0
0
0
0
0
0
0
0
0
0
0
0
0
0
0
0
0
0
0
0
0
0
0
0
0
0
0
0
0
0
0
0
0
0
0
0
0
0
0
0
0
0
0
0
0
0
0
0
0
0
0
0
0
0
0
0
0
0
0
0
0
0
0
0
0
0
0
0
0
0
0
0
0
0
0
0
0
0
0
0
0
0
0
0
0
0
0
0
0
0
0
0
0
0
0
0
0
0
0
0
0
0
0
0
0
0
0
0
0
0
0
0
0
0
0
0
0
0
0
0
0
0
0
0
0
0
0
0
0
0
0
0
0
0
0
0
0
0
0
0
0
0
0
0
0
0
0
0
0
0
0
0
0
0
0
0
0
0
0
0
0
0
0
0
0
0
0
0.0033588197990324473
0
0
0
0
0
0
0
0
0
0
0
0
0
0
0.009325134026158154
0
0
0
0
0
0
0
0
0
0
0
0
0
0
0
0
0
0
0
0
0
0
0
0
0
0
0
0
0
0.0032612823345599686
0
0
0
0
0
0
0
0
0
0
0
0
0
0
0
0
0
0
0
0
0
0
0
0
0
0
0
0
0
0
0
0
0
0
0
0
0
0
0
0
0
0
0
0
0
0
0
0
0
0
0
0
0
0
0
0
0
0
0
0
0
0
0
0
0
0
0
0
0
0
0
0
0
0
0
0
0
0
0
0
0
0
0
0
0
0
0
0
0
0
0
0
0
0
0
0
0
0
0
0
0
0
0
0
0
0
0
0
0
0
0
0
0
0
0
0
0
0
0
0
0
0
0
0
0
0
0
0
0
0
0
0
0
0
0
0
0
0
0
0
0
0
0
0
0
0
0
0
0
0
0
0
0
0
0
0
0
0
0
0
0
0
0
0
0
0
0
0
0
0
0
0
0
0
0
0
0
0
0
0
0
0
0
0
0
0
0
0
0
0
0
0
0
0
0
0
0
0
0
0
0
0
0
0
0
0
0
0
0
0
0
0
0
0
0
0
0
0
0
0
0
0
0
0
0
0
0
0
0
0
0
0
0
0
0
0
0
0
0
0
0
0
0
0
0
0
0
0
0
0
0
0
0
0
0
0
0
0
0
0
0
0
0
0
0
0
0
0
0
0
0
0
0
0
0
0
0
0
0
0
0
0
0
0
0
0
0
0
0
0
0
0.0037007521791591405
0
0
0
0
0
0
0
0
0
0
0
0
0
0
0
0
0
0
0
0
0
0
0
0
0
0
0
0
0
0
0
0
0
0
0
0
0
0
0
0
0
0
0
0
0
0
0
0
0
0
0
0
0
0
0
0
0
0
0
0
0
0
0
0
0
0
0
0
0
0.02642482225903344
0
0
0
0
0
0
0
0
0
0
0
0
0
0
0
0
0
0
0
0
0
0
0
0
0
0
0
0
0
0
0
0
0
0
0
0
0
0
0
0
0
0
0
0
0
0
0
0
0
0
0
0
0
0
0
0
0
0
0
0
0
0
0
0
0
0
0
0
0
0
0
0
0
0
0
0
0
0
0
0
0
0
0
0
0
0
0
0
0
0
0
0
0
0
0
0
0
0
0
0
0
0
0
0
0
0
0
0
0
0
0
0
0
0
0
0
0
0
0
0
0
0
0
0
0
0
0
0
0
0
0
0
0
0
0
0
0
0
0
0
0
0
0
0
0
0
0
0
0
0
0
0
0
0
0
0
0
0
0
0
0
0
0
0
0
0
0
0
0
0
0
0
0
0
0
0
0
0
0
0
0
0
0
0
0
0
0
0
0
0
0
0
0
0
0
0
0
0
0
0
0
0
0
0
0
0
0
0
0
0
0
0
0
0
0
0
0
0
0
0
0
0
0
0
0
0
0
0
0
0
0
0
0
0
0
0
0
0
0
0
0
0
0
0
0
0
0
0
0
0
0
0
0
0
0
0
0
0
0
0
0
0
0
0
0
0
0
0
0
0
0.005315976692143089
0
0
0
0
0
0
0
0
0
0
0
0
0
0
0
0
0
0
0
0
0
0
0
0
0
0
0
0
0
0
0
0
0
0
0
0
0
0
0
0
0
0
0
0
0
0
0
0
0
0
0
0
0
0
0
0
0
0
0
0
0
0
0
0
0
0
0
0
0
0
0
0
0
0
0
0
0
0
0
0
0
0
0
0
0
0
0
0
0
0
0
0
0
0
0
0
0
0
0
0
0
0
0
0
0
0
0
0
0
0
0
0
0
0
0
0
0
0
0
0
0
0
0
0
0
0
0
0
0
0
0
0
0
0
0
0
0
0
0
0
0
0
0
0
0
0
0
0
0
0
0
0
0
0
0
0
0
0
0
0
0
0
0
0
0
0
0
0
0
0
0
0
0
0
0
0
0
0
0
0
0
0
0
0
0
0
0
0
0
0
0
0
0
0
0
0
0
0
0
0
0
0
0
0
0
0
0
0
0
0
0
0
0
0
0
0
0
0
0
0
0
0
0
0
0
0
0
0
0
0
0
0
0
0
0
0
0
0
0
0
0
0
0
0
0
0
0
0
0
0
0
0
0
0
0
0
0
0
0
0
0
0
0
0
0
0
0
0
0
0
0
0
0
0
0
0
0
0
0
0
0
0
0
0
0
0
0
0
0
0
0
0
0
0
0
0
0
0
0
0
0
0
0
0
0
0
0
0
0
0
0
0
0
0
0
0
0
0
0
0
0
0
0
0
0
0
0
0
0
0
0
0
0
0
0
0
0
0
0
0
0
0
0
0
0
0
0
0
0
0
0
0
0
0
0
0
0
0
0
0
0
0
0
0
0
0
0
0
0
0
0
0
0
0
0
0
0
0
0
0
0
0
0
0
0
0
0
0
0
0
0
0
0
0
0
0
0
0
0
0
0
0
0
0
0
0
0
0
0
0
0
0
0
0
0
0
0
0
0
0
0
0
0
0
0
0
0
0
0
0
0
0
0
0
0
0
0
0
0
0
0
0
0
0
0
0
0
0
0
0
0
0
0
0
0
0
0
0
0
0
0
0
0
0
0
0
0
0
0
0
0
0
0
0
0
0
0
0
0
0
0
0
0
0
0
0
0
0
0
0
0
0
0
0
0
0
0
0
0
0
0
0
0
0
0
0
0
0
0
0
0
0
0
0
0
0
0
0
0
0
0
0
0
0
0
0
0
0
0
0
0
0
0
0
0
0
0
0
0
0
0
0
0
0
0
0
0
0
0
0
0
0
0
0
0
0
0
0
0
0
0
0
0
0
0
0
0
0
0
0
0
0
0
0
0
0
0
0
0
0
0
0
0
0
0
0
0
0
0
0
0
0
0
0
0
0
0
0
0
0
0
0
0
0
0
0
0
0
0
0
0
0
0
0
0
0
0
0
0
0
0
0
0
0
0
0
0
0
0
0
0
0
0
0
0
0
0
0
0
0
0
0
0
0
0
0
0
0
0
0
0
0
0
0
0
0
0
0
0
0
0
0
0
0
0
0
0
0
0
0
0
0
0
0
0
0
0
0
0
0
0
0
0
0
0
0
0
0
0
0
0
0
0
0
0
0
0
0
0
0
0
0
0
0
0
0
0
0
0
0
0
0
0
0
0
0
0
0
0
0
0
0
0
0
0
0
0
0
0
0
0
0
0
0
0
0
0
0
0
0
0
0
0
0
0
0
0
0
0
0
0
0
0
0
0
0
0
0
0
0
0
0
0
0
0
0
0
0
0
0
0
0
0
0
0
0
0
0
0
0
0
0
0
0
0
0
0
0
0
0
0
0
0
0
0
0
0
0
0
0
0
0
0
0
0
0
0
0
0
0
0
0
0
0
0
0
0
0
0
0
0
0
0
0
0
0
0
0
0
0
0
0
0
0
0
0
0
0
0
0
0
0
0
0
0
0
0
0
0
0
0
0
0
0
0
0
0
0
0
0
0
0
0
0
0
0
0
0
0
0
0
0
0
0
0
0
0
0
0
0
0
0
0
0
0
0
0
0
0
0
0
0
0
0
0
0
0
0
0
0
0
0
0
0
0
0
0
0
0
0
0
0
0
0
0
0
0
0
0
0
0
0
0
0
0
0
0
0
0
0
0
0
0
0
0
0
0
0
0
0
0
0
0
0
0
0
0
0
0
0
0
0
0
0
0
0
0
0
0
0
0
0
0
0
0
0
0
0
0
0
0
0
0
0
0
0
0
0
0
0
0
0
0
0
0
0
0
0
0
0
0
0
0
0
0
0
0
0
0
0
0
0
0
0
0
0
0
0
0
0
0
0
0
0
0
0
0
0
0
0
0
0
0
0
0
0
0
0
0
0
0
0
0
0
0
0
0
0
0
0
0
0
0
0
0
0
0
0
0
0
0
0
0
0
0
0
0
0
0
0
0
0
0
0
0
0
0
0
0.0032324597976539464
0
0
0
0
0
0
0
0
0
0
0
0
0
0
0
0
0
0
0
0
0
0
0
0
0
0
0
0
0
0
0
0
0
0
0
0
0
0
0
0
0
0
0
0
0
0
0
0
0
0
0
0
0
0
0
0
0
0
0
0
0
0
0
0
0
0
0
0
0
0
0
0
0
0
0
0
0
0
0
0
0
0.002932285093617535
0
0
0
0
0
0
0
0
0
0
0
0
0
0
0
0
0
0
0
0
0
0
0
0
0
0
0
0
0
0
0
0
0
0
0
0
0
0
0
0
0
0
0.0024265116330899994
0
0
0
0
0
0
0
0
0
0
0
0
0
0
0
0
0
0
0
0
0
0
0
0
0
0
0
0
0
0
0
0
0
0
0
0
0
0
0
0
0
0
0
0
0
0
0
0
0
0
0
0
0
0
0
0
0
0
0
0
0
0
0
0
0
0
0
0
0
0
0
0
0
0
0
0
0
0
0
0
0
0
0
0
0
0
0
0
0
0
0
0
0
0
0
0
0
0
0
0
0
0
0
0
0
0
0
0
0
0.003291801266107133
0
0
0
0
0
0
0
0
0
0
0
0
0
0
0
0
0
0
0
0
0
0
0
0
0
0
0
0
0
0
0
0
0
0
0
0
0
0
0
0
0
0
0
0
0
0
0
0
0
0
0
0
0
0
0
0
0
0
0
0
0
0
0
0
0
0
0
0
0
0
0
0
0
0
0
0
0
0
0
0
0
0
0
0
0
0
0
0
0
0
0
0
0
0
0
0
0
0
0
0
0
0
0
0
0
0
0
0
0
0
0
0
0
0.00894515950253983
0
0
0
0
0
0
0
0
0
0
0
0
0
0
0
0
0
0
0
0
0
0
0
0
0
0
0
0
0
0
0
0
0
0
0
0
0
0
0
0
0
0
0
0
0
0
0
0
0
0
0
0
0
0
0
0
0
0
0
0
0
0
0
0
0
0
0
0
0
0
0
0
0
0
0
0
0
0
0
0
0
0
0
0
0
0
0
0
0
0
0
0
0
0
0
0
0
0
0
0
0
0
0
0
0
0
0
0
0
0
0
0
0
0
0
0
0
0
0
0
0
0
0
0
0
0
0
0
0
0
0
0
0
0
0
0
0
0
0
0
0
0
0
0
0
0
0
0
0
0
0
0
0
0
0
0
0
0
0
0
0
0
0
0
0
0
0
0
0
0
0
0
0
0
0
0
0
0
0
0
0
0
0
0
0
0
0
0
0
0
0
0
0
0
0
0
0
0
0
0
0
0
0
0
0
0
0
0
0
0
0
0
0
0
0
0
0
0
0
0
0
0
0
0
0
0
0
0
0
0
0
0
0
0
0
0
0
0
0
0
0
0
0
0
0
0
0
0
0
0
0
0
0
0
0
0
0
0
0
0
0
0
0
0
0
0
0
0
0
0
0
0
0
0
0
0
0
0
0
0
0
0
0
0
0
0
0
0
0
0
0
0
0
0
0
0
0
0
0
0
0
0
0
0
0
0
0
0
0
0
0
0
0
0
0
0
0
0
0
0
0
0
0
0
0
0
0
0
0
0
0
0
0
0
0
0
0
0
0
0
0
0
0
0
0
0
0
0
0
0
0
0
0
0
0
0
0
0
0
0
0
0
0
0
0
0
0
0
0
0
0
0
0
0
0
0
0
0
0
0
0
0
0
0
0
0
0
0
0
0
0
0
0
0
0
0
0
0
0
0
0
0
0
0
0
0
0
0
0
0
0
0
0
0
0
0
0
0
0
0
0
0
0
0
0
0
0
0
0
0
0
0
0
0
0
0
0
0
0
0
0
0
0
0
0
0
0
0
0
0
0
0
0
0
0
0
0
0
0
0
0
0
0
0
0
0
0
0
0
0
0
0
0
0
0
0
0
0
0
0
0
0
0
0
0
0
0
0
0
0
0
0
0
0
0
0
0
0
0
0
0
0
0
0
0
0
0
0
0
0
0
0
0
0
0
0
0
0
0
0
0
0
0
0
0
0.005848970729388035
0
0
0
0
0
0
0
0
0
0
0
0
0
0
0
0
0
0
0
0
0
0
0
0
0
0
0
0
0
0
0
0
0
0
0
0
0
0
0
0
0
0
0
0
0
0
0
0
0
0
0
0
0
0
0
0
0
0
0
0
0
0
0
0
0
0
0
0
0
0
0
0
0
0
0
0
0
0
0
0
0
0
0
0
0
0
0
0
0
0
0
0
0
0
0
0
0
0
0
0
0
0
0
0
0
0
0
0
0
0
0
0
0
0
0
0
0
0
0
0
0
0
0
0
0.021815001219288848
0
0
0
0
0
0
0
0
0
0
0
0
0
0
0
0
0
0
0
0
0
0
0
0
0
0
0
0
0
0
0
0
0
0
0
0
0
0.01050631423624904
0
0
0
0
0
0
0
0
0
0
0
0
0
0
0
0
0
0
0
0
0
0
0
0
0
0
0
0
0
0
0
0
0
0
0
0
0
0
0
0
0
0
0
0
0
0
0
0
0
0
0
0
0
0
0
0
0
0
0
0
0
0
0
0
0
0
0
0
0
0
0
0
0
0
0
0
0
0
0
0
0
0
0
0
0
0
0
0
0
0
0
0
0
0
0
0
0
0
0
0
0
0
0
0
0
0
0
0
0
0
0
0
0
0
0
0
0
0
0
0
0
0
0
0
0
0
0
0
0
0
0
0
0
0
0
0
0
0
0
0
0
0
0
0.0036672778424695286
0
0
0
0
0
0
0
0
0
0
0
0
0
0
0
0
0
0
0
0
0
0
0
0
0
0
0
0
0
0
0
0
0
0
0
0
0
0
0
0
0
0
0
0
0
0
0
0
0
0
0
0
0
0
0
0
0
0
0
0
0
0
0
0
0
0
0
0
0
0
0
0
0
0
0
0
0
0
0
0
0
0
0
0
0
0
0
0
0
0
0
0
0
0
0
0
0
0
0
0
0
0.0036061870563406993
0
0
0
0
0
0
0
0
0
0
0
0
0
0.009875403798321398
0
0
0
0.003551539485978756
0
0
0
0
0
0
0
0
0
0
0
0
0
0
0
0
0
0
0
0
0
0
0
0
0
0
0
0
0
0
0
0
0
0
0
0
0
0
0
0
0
0
0
0
0
0
0
0
0
0
0
0
0
0
0
0
0
0
0
0
0
0
0
0
0
0
0
0
0
0
0
0
0
0
0
0
0
0
0
0
0
0
0
0
0
0
0
0
0
0
0
0
0
0
0
0
0
0
0
0
0
0
0
0
0
0
0
0
0
0
0
0
0
0
0
0
0
0
0
0
0
0
0
0
0
0
0
0
0
0
0
0
0
0
0
0
0
0
0
0
0
0
0
0
0
0
0
0
0
0
0
0
0
0
0
0
0
0
0
0
0
0
0
0
0
0
0
0
0
0
0
0
0
0
0
0
0
0
0
0
0
0
0
0
0
0
0
0
0
0
0
0
0
0
0
0
0
0
0
0
0
0
0
0
0
0
0
0
0
0
0
0
0
0
0
0
0
0
0
0
0
0
0
0
0
0
0
0
0
0
0
0
0
0
0
0
0
0
0
0
0
0
0
0
0
0
0
0
0
0
0
0
0
0
0
0
0
0
0
0
0
0
0
0
0
0
0
0
0
0
0
0
0
0
0
0
0
0
0
0
0
0
0
0
0
0
0
0
0
0
0
0
0
0
0
0
0
0
0
0
0
0
0
0
0
0
0
0
0
0
0
0
0
0
0
0
0
0
0
0
0
0
0
0
0
0
0
0
0
0
0
0
0
0
0
0
0
0
0
0
0
0
0
0
0
0
0
0
0
0
0
0
0
0
0
0
0
0
0
0
0
0
0
0
0
0
0
0
0
0
0
0
0
0
0
0
0
0
0
0
0
0
0
0
0
0
0
0
0
0
0
0
0
0
0
0
0
0
0
0
0
0
0
0
0
0
0
0
0
0
0
0
0
0
0
0
0
0
0
0
0
0
0
0
0
0
0
0
0
0
0
0
0
0
0
0
0
0
0
0
0
0
0
0
0
0
0
0
0
0
0
0
0
0
0
0
0
0
0
0
0
0
0
0
0
0
0
0
0
0
0
0
0
0
0
0
0
0
0
0
0
0
0
0
0
0
0
0
0
0
0
0
0
0
0
0
0
0
0
0
0
0
0
0
0
0
0
0
0
0
0
0
0
0
0
0
0
0
0
0
0
0
0
0
0
0
0
0
0
0
0
0
0
0
0
0
0
0
0
0
0
0
0
0.0026442781504967755
0
0
0
0
0
0
0
0
0
0
0
0
0
0
0
0
0
0
0
0
0
0
0
0
0
0
0
0
0
0
0
0
0
0
0
0
0
0
0
0
0
0
0
0
0
0
0
0
0
0
0
0
0
0
0
0
0
0
0
0
0
0
0
0
0
0
0
0
0
0
0
0
0
0
0
0
0
0
0
0
0
0
0
0
0
0
0
0
0
0
0
0
0
0
0
0
0
0
0
0
0
0
0
0
0
0
0
0
0
0
0
0
0
0.005788817972489334
0
0
0
0
0
0
0
0
0
0
0
0
0
0
0
0
0
0
0
0
0
0
0
0
0
0
0
0
0
0
0
0
0
0
0
0
0
0
0
0
0
0
0
0
0
0
0
0
0
0
0
0
0
0
0
0
0
0
0
0
0
0
0
0
0
0
0
0
0
0
0
0
0
0
0
0
0
0
0
0
0
0
0
0
0
0
0
0
0
0
0
0
0
0
0
0
0
0
0
0
0
0
0
0
0
0
0
0
0
0
0
0
0
0
0
0
0
0
0
0
0
0
0
0
0
0
0
0
0
0
0
0
0
0
0
0
0
0.024683633689617877
0
0
0
0
0
0
0.0036672778424695286
0
0
0
0
0
0
0
0
0
0
0
0
0
0
0
0
0
0
0
0
0
0
0
0
0
0
0
0
0
0
0
0
0
0
0.024576318216179623
0
0
0
0
0
0
0
0
0
0
0
0
0
0
0
0
0
0
0
0
0
0
0
0
0
0
0
0
0
0
0
0
0
0
0
0
0
0
0
0
0
0
0
0
0
0
0
0
0
0
0
0
0
0
0
0
0
0
0
0
0
0
0
0
0
0
0
0
0
0
0
0
0
0
0
0
0
0
0
0
0
0
0
0
0
0
0
0
0
0
0
0
0
0
0
0
0
0
0
0
0
0
0
0
0
0
0
0
0
0
0
0
0
0
0
0
0
0
0
0
0
0
0
0
0
0
0
0
0
0
0
0
0
0
0
0
0
0
0
0
0
0
0
0
0
0
0
0
0
0
0
0
0
0
0
0
0
0
0
0
0
0
0
0
0
0
0
0
0
0
0
0
0
0
0
0
0
0
0
0
0
0
0
0
0
0
0
0
0
0
0
0
0
0
0
0
0
0
0
0
0
0
0
0
0
0
0
0
0
0
0
0
0
0
0
0
0
0
0
0
0
0
0
0
0
0
0
0
0
0
0
0
0
0
0
0
0
0
0
0
0
0
0
0
0
0
0
0
0
0
0
0
0
0
0
0
0
0
0
0
0
0
0
0
0
0
0
0
0
0
0
0
0
0
0
0
0
0
0
0
0
0
0
0
0
0
0
0
0
0
0
0
0
0
0
0
0
0
0
0
0
0
0
0
0
0
0
0
0
0
0
0
0
0
0
0
0
0
0
0
0
0
0
0
0
0
0
0
0
0
0
0
0
0
0
0
0
0
0
0
0
0
0
0
0
0
0
0
0
0
0
0
0
0
0
0
0
0
0
0
0
0
0
0
0
0
0
0
0
0
0
0
0
0
0
0
0
0
0
0
0
0
0
0
0
0
0
0
0
0
0
0
0
0
0
0
0
0
0
0
0
0
0
0
0
0
0
0
0
0
0
0
0
0
0
0
0
0
0
0
0
0
0
0
0
0
0
0
0
0
0
0.003108378008719385
0
0
0
0
0
0
0
0
0
0
0
0
0
0
0
0
0
0
0.011733166975405062
0
0
0
0
0
0
0
0
0
0
0
0
0
0
0
0
0
0
0
0
0
0
0
0
0
0
0
0
0
0
0
0
0
0
0
0
0
0
0
0
0
0
0
0
0
0
0
0
0
0
0
0
0
0
0
0
0
0
0
0
0
0
0
0
0
0
0
0
0
0
0
0
0
0
0
0
0
0
0
0
0
0
0
0
0
0
0
0
0
0
0
0
0
0
0
0
0
0
0
0
0
0
0
0
0
0
0
0
0
0
0
0
0
0
0
0
0
0
0
0
0
0
0
0
0
0
0
0
0
0
0
0
0
0
0
0
0
0
0
0
0
0
0
0
0
0
0
0
0
0
0
0
0
0
0
0
0
0
0
0
0.0037749746084333484
0
0
0
0
0
0
0
0
0
0
0
0
0
0
0
0
0
0
0
0
0
0
0
0
0
0
0
0
0
0
0
0
0
0
0
0
0
0
0
0
0
0
0
0
0
0
0
0
0
0
0
0
0
0
0
0
0
0
0
0
0
0
0
0
0
0
0
0
0
0
0
0
0
0
0
0
0
0
0
0
0
0
0
0
0
0
0
0
0
0
0
0
0
0
0
0
0
0
0
0
0
0
0
0
0
0
0
0
0
0
0
0
0
0
0
0
0
0
0
0
0
0
0
0
0
0
0
0
0
0
0
0
0
0
0
0
0
0
0
0
0
0
0
0
0
0
0
0
0
0
0
0
0
0
0
0
0
0
0
0
0
0
0
0
0
0
0
0
0
0
0
0
0
0
0
0
0
0
0
0
0
0
0
0
0
0
0
0
0
0
0
0
0
0
0
0
0
0
0
0
0
0
0
0
0
0
0
0
0
0
0
0
0
0
0
0
0
0
0
0
0
0
0
0
0
0
0
0
0
0
0
0
0
0
0
0
0
0
0
0
0
0
0
0
0
0
0
0
0
0
0
0
0
0
0
0
0
0
0
0
0
0
0
0
0
0
0
0
0
0
0
0
0
0
0
0
0
0
0
0
0
0
0
0
0
0
0
0
0
0
0
0
0
0
0
0
0
0
0
0
0
0
0
0
0
0
0
0
0
0
0
0
0
0
0
0
0
0
0
0
0
0
0
0
0
0
0
0
0
0
0
0
0
0
0
0
0
0
0
0
0
0
0
0
0
0
0
0
0
0
0
0
0
0
0
0
0
0
0
0
0
0
0
0
0
0
0
0
0
0
0
0
0
0
0
0
0
0
0
0
0
0
0
0
0
0
0
0
0
0
0
0
0
0
0
0
0
0
0
0
0
0
0
0
0
0
0
0
0
0
0
0
0
0
0
0
0
0
0
0
0
0
0
0
0
0
0
0
0
0
0
0
0
0
0
0
0
0
0
0
0
0
0
0
0
0
0
0
0
0
0
0
0
0
0
0
0
0
0
0
0
0
0
0
0
0
0
0
0
0
0
0
0
0
0
0
0
0
0
0
0
0
0
0
0
0
0
0
0
0
0
0
0
0
0
0
0
0
0
0
0
0
0
0
0
0
0
0
0
0
0
0
0
0
0
0
0
0
0
0
0
0
0
0
0
0
0
0
0
0
0
0
0
0
0
0
0
0
0
0
0
0
0
0
0
0
0
0
0
0
0
0
0
0
0
0
0
0
0
0
0
0
0
0
0
0
0
0
0
0
0
0
0
0
0
0
0
0
0
0
0
0
0
0
0
0
0
0
0
0
0
0
0
0
0
0
0
0
0
0
0
0
0
0
0
0
0
0
0
0
0
0
0
0
0
0
0
0
0
0
0
0
0
0
0
0
0
0
0
0
0
0
0
0
0
0
0
0
0
0
0
0
0
0
0
0
0
0
0
0
0
0
0
0
0
0
0
0
0
0
0
0
0
0
0
0
0
0
0
0
0
0
0
0
0
0
0
0
0
0
0
0
0
0
0
0
0
0
0
0
0
0
0
0
0
0
0
0
0
0
0
0
0
0
0
0
0
0
0
0
0
0
0
0
0
0
0
0
0
0
0
0
0
0
0
0
0
0
0
0
0
0
0
0
0
0
0
0
0
0
0
0
0
0
0
0
0
0
0
0
0
0
0
0
0
0
0
0
0
0
0
0
0
0
0
0
0
0
0
0
0
0
0
0
0
0
0
0
0
0
0
0
0
0
0
0
0
0
0
0
0
0
0
0
0
0
0
0
0
0
0
0
0
0
0
0
0
0
0
0
0
0
0
0
0
0
0
0
0
0
0
0
0
0
0
0
0
0
0
0
0
0
0
0
0
0
0
0
0
0
0
0
0
0
0
0
0
0
0
0
0
0
0
0
0
0
0
0
0
0
0
0
0
0
0
0
0
0
0
0
0
0
0
0
0
0
0
0
0
0
0
0
0
0
0
0
0
0
0
0
0
0
0
0
0
0
0
0
0
0
0
0
0
0
0
0
0
0
0
0
0
0
0
0
0
0
0
0
0
0
0
0
0
0
0
0
0
0
0
0
0
0.0036672778424695286
0
0
0
0
0
0
0
0
0
0
0
0
0
0
0
0
0
0
0
0
0
0
0
0
0
0
0
0
0
0.0036672778424695286
0
0
0
0
0
0
0
0
0
0
0
0
0
0
0
0
0
0
0
0
0
0
0
0
0
0
0
0
0
0
0
0
0
0
0
0
0
0
0
0
0
0
0
0
0
0
0
0
0
0
0
0
0
0
0
0
0
0
0
0
0
0
0
0
0
0
0
0
0
0
0
0
0
0
0
0
0
0
0
0
0
0
0
0
0
0
0
0
0
0
0
0
0
0
0
0
0
0
0
0
0
0
0
0
0
0
0
0
0
0.0037007521791591405
0
0
0
0
0
0
0
0
0
0
0
0
0
0
0
0
0
0
0
0
0
0
0
0
0
0
0
0
0
0
0
0
0
0
0
0
0
0
0
0
0
0
0
0
0
0
0
0
0
0
0
0
0
0
0
0
0
0
0
0
0
0
0
0
0
0
0
0
0
0
0
0
0
0
0
0
0
0
0
0
0
0
0.003377020691050741
0
0
0
0
0
0
0
0
0
0
0
0
0
0
0.0036061870563406993
0
0
0
0
0
0
0
0
0
0
0
0
0
0
0
0
0
0
0
0
0
0
0
0
0
0
0
0
0
0
0
0
0
0
0
0
0
0
0
0
0
0
0
0
0
0
0
0
0
0
0
0
0
0
0
0
0
0
0
0
0
0
0
0
0
0
0
0
0
0
0
0
0
0
0
0
0
0
0
0
0
0
0
0
0
0
0
0
0
0
0
0
0
0
0
0
0
0
0
0
0
0
0
0
0
0
0
0
0
0
0
0
0
0
0
0
0
0
0
0
0
0
0
0
0
0
0
0
0
0
0
0
0
0
0
0
0
0
0
0
0
0
0
0
0
0
0
0
0
0
0
0
0
0
0
0
0
0
0
0
0
0
0
0
0
0
0
0
0
0
0
0
0
0
0
0
0
0
0
0
0
0
0
0
0
0
0
0
0
0
0
0
0
0
0
0
0
0
0
0
0
0
0
0
0
0
0
0
0
0
0
0
0
0
0
0
0
0
0
0
0
0
0
0
0
0
0
0
0
0
0
0
0
0
0
0
0
0
0
0
0
0
0
0
0
0
0
0
0
0
0
0
0
0
0
0
0
0
0
0
0
0
0
0
0
0
0
0
0
0
0
0
0
0
0
0
0
0
0
0
0
0
0
0
0
0
0
0
0
0
0
0
0
0
0
0
0
0.011449471606949738
0
0
0.00691394872632063
0
0
0
0
0
0
0
0.03569132905947268
0
0
0.0036061870563406993
0
0
0
0
0
0
0
0
0
0
0
0
0
0
0
0
0
0
0
0
0
0
0
0
0
0
0
0
0
0
0
0
0
0
0
0
0
0
0
0
0
0
0
0
0
0
0
0
0
0
0
0
0
0
0
0
0
0
0
0
0
0
0
0
0
0
0
0
0
0
0
0
0
0
0
0
0
0
0
0
0
0
0
0
0
0
0
0
0
0
0
0
0
0.03070417131214108
0.11530543943586472
0.0038616209179059453
0
0
0
0
0
0
0
0
0
0
0
0
0
0
0
0
0
0
0
0
0
0
0
0
0
0
0
0
0
0
0
0
0
0
0
0
0
0
0
0
0
0
0
0
0
0
0
0
0
0
0
0
0
0
0
0
0
0
0
0
0
0
0
0
0
0
0
0
0
0
0
0
0
0
0
0
0
0
0
0
0
0
0
0
0
0
0
0
0
0
0
0
0
0
0
0
0
0
0
0
0
0
0
0
0
0
0
0
0
0
0
0
0
0
0
0
0
0
0
0
0
0
0
0
0
0
0
0
0
0
0
0
0
0
0
0
0
0
0
0
0
0
0
0
0
0
0
0
0
0
0
0
0
0
0
0
0
0
0
0
0
0
0
0
0
0
0
0
0
0
0
0
0
0
0
0
0
0
0
0
0
0
0
0
0
0
0
0
0
0
0
0
0
0
0
0
0
0
0
0
0
0
0
0
0
0
0
0
0
0
0
0
0
0
0
0
0
0
0
0
0
0
0
0
0
0
0
0
0
0
0
0
0
0
0
0
0
0
0
0
0
0
0
0
0
0
0
0
0
0
0
0
0
0
0
0
0
0
0
0
0
0
0
0
0
0
0
0
0
0
0
0
0
0
0
0
0
0
0
0
0
0
0
0
0
0
0
0
0
0
0
0
0
0
0
0
0
0
0
0
0
0
0
0
0
0
0
0
0
0
0
0
0
0
0
0
0
0
0
0
0
0
0
0
0
0
0
0
0
0
0
0
0
0
0
0
0
0
0
0
0
0
0
0
0
0
0
0
0
0
0
0
0
0
0
0
0
0
0
0
0
0
0
0
0
0
0
0
0
0
0
0
0
0
0
0
0
0
0
0
0
0
0
0
0
0
0
0
0
0
0
0
0
0
0
0
0
0
0
0
0
0
0
0
0
0
0
0
0
0
0
0
0
0
0
0
0
0
0
0
0
0
0
0
0
0
0
0
0
0
0
0
0
0
0
0
0
0
0
0
0
0
0
0
0
0
0
0
0
0
0
0
0
0
0
0
0
0
0
0
0
0
0
0
0
0
0
0
0
0
0
0
0
0
0
0
0
0
0
0
0
0
0
0
0
0
0
0
0
0
0
0
0
0
0
0
0
0
0
0
0
0
0
0
0
0
0
0
0
0
0
0
0
0
0
0
0
0
0
0
0
0
0
0
0
0
0
0
0
0
0
0
0
0
0
0
0
0
0
0
0
0
0
0
0
0
0
0
0
0
0
0
0
0
0
0
0
0
0
0
0
0
0
0
0
0
0
0
0
0
0
0
0
0
0
0
0
0
0
0
0
0
0
0
0
0
0
0
0
0
0
0
0
0
0
0
0
0
0
0
0
0
0
0
0
0
0
0
0
0
0
0
0
0
0
0
0
0
0
0
0
0
0
0
0
0
0
0
0
0
0
0
0
0
0
0
0
0
0
0
0
0
0
