0
0
-3.4342693433926915e-08
0
0
0
0
0
0
0.0048875648475148175
0.0009639149893437772
0.005698054561027292
0.0011592087987838326
0
0
0
0
0
0
0
0
0
0.0008687112075785379
0
0
0
0
0
0
0.002851198447440539
0
0.008114998532585918
0
0
0.001480227810726705
0.007966816819799754
0
0
0
0.005088933028583384
0.0016658732977694421
0
0
0
0.0016318492909551542
0
0.0051912767991087305
0
0
0
0.002593739363231501
0.0016086537187408505
0.0015238285443252375
0.0028470854738495595
0
0
0
0
0.0018573361295683853
0
0.0010277049408893065
0.0008400068264799456
0.0011724844168885123
0.001877063002522725
0.0011423155914304936
0.004961003097580696
0.004443867334564137
0
0.004958664360916183
0.001151255627424839
0.004516400842653081
0
0
0
0
0
0
0
0
0
0
0.0015538790171701921
0
0
0.002218740468678394
0
0
0
0.0010938234555911731
0
0
0
0.0010973847424423457
0
0.0037410784770106407
0
0
0.00047534419075160537
0
0
0
0
0.011124683990783223
0.009721567382983154
0
0.005990501832527222
0
0
0
0
0
0
0
0
0.0011229225411227954
0
0
0.0021286906352910627
0
0
0
0
0.0009910940216249326
0.0014385621908078472
0
0
0.004990836239035038
0
0
0.002094507971497291
0.01648764215929415
0.003608638025591607
0
0.0016399663039299607
0
0.0014400351350483454
0
0.0013959416305817166
0.0046511791383498455
0
0
0
0
0.001464563344157532
0.0022834565750844606
0
0.00323240434274972
0.0017738091095478312
0.0038515835238075824
0.001642717900977458
0
0
0
0
0.012364708359506153
0
0
0
0
0
0
0
0
0
0.0013329416831275853
0.0009141247921221479
0
0.0011405568706752986
0
0
0
0
0
0.0015804536367517307
0
0
0
0
0
0
0
0
0.0008361130602744779
0.0010285307668851348
0
0
0
0
0
0.00240157453214357
0.0010898008755318889
0
0.00120362204447788
0
0
0
0.0049900792459252425
0
0.001732398136552529
0
0
0.0011452682210985415
0
0.0029049586698828545
0
0
0
0.001200088559016454
0
0.001793870424532773
0
0
0.002746097234120831
0
0
0
0.001662720139433343
0.0020755137208151673
0
0
0.0006756890179879379
0.0011388076651375528
0.0009731874134286559
0.0023098040547447356
0
0
0.003728100990874334
0
0
0
0
0
0.0008005248440478568
0.023769983401163115
0
0
0.04070087307161326
0
0.001566727490707054
0.002129002219366166
0.0019516449766410326
0.005913702854790561
0
0
0
0.0014792247796500825
0
0
0
0
0
0
0
0
0
0
0
0
0
0.001071821042644191
0
0
0
0
0
0.005007227368549073
0
0.0014998686438552336
0
0
0
0
0
0
0.009321852776941125
0.0024015843468868335
0
0.004250012345765265
0.0007167855300512939
0
0.006401014156196119
0.0023767112264032925
0
0
0
0.0009075175909377618
0
0
0
0
0
0
0
0
0
0
0.0031049607164566582
0
0.009179896911762134
0.0005900852567175669
0
0.0013687774352848605
0
0
0
0.002957938186169761
0
0
0
0.0034411584879547883
0.0006548577301867649
0
0
0
0.0038273002278218157
0
0
0
0.004862880198835568
0
0
0
0
0.010272065782410397
0
0
0.008590396884682602
0
0
0
0.0010315916684743077
0
0.0030902535155223534
0
0
0
0.0010482709620937825
0
0
0
0.0008320348053387855
0
0
0
0
0
0.0032131088562706387
0
0
0
0
0
0
0
0
0.000968003271867952
0
0
0
0
0.00448201121965518
0
0.003247172499111566
0
0
0
0
0
0
0.001254290675364561
0
0
0
0
0.006200893766491244
0.0014227878085998186
0
0
0
0
0
0
0
0
0
0
0
0
0
0
0.0007374519144181641
0
0.0024232602797006407
0.0007849742298440797
0
0
0
0
0.0013064927342851505
0
0
0
0.001714627269631202
0
0
0
0
0.0030438422020502886
0.0026614742892142945
0
0
0
0.008985439511959148
0
0
0.0029856797470467714
0
0
0
0
0.0012987715147560889
0.006207145535857468
0
0.0012079138424761651
0
0
0.001799687773522463
0.001039890932192696
0.0024064887015143544
0
0.010153766212396751
0.0007751348629085784
0
0
0
0
0
0
0
0.003164365921664485
0
0
0
0
0.0007812969059565886
0
0.002941995200644385
0
0.001158590022132593
0
0.0027234973299060244
0
0.0036839022427263856
0
0
0
0.0019012981993937537
0
0
0
0.004262403994582575
0.005563319569819084
0
0
0
0.002104218509529592
0
0.0011579724274814068
0
0
0
0.0037358252719816207
0
0.002642973287380615
0
0
0
0
0
0
0
0
0.0009781021115638161
0.0031603385161351276
0
0
0
0
0
0
0
0
0
0
0
0
0.0013026090755564072
0
0.0012618587616555453
0
0
0
0
0.001714627269631202
0.001443419083172184
0.0012079138424761651
0
0.001858634283963444
0
0
0.0010701370759848396
0
0.0014742633927523586
0.004858782522541992
0.0012775480732930041
0
0
0
0
0.005471649077232853
0.002781659784909542
0
0
0
0.00203289762076677
0
0
0.0031274116576176657
0.0020645466239467255
0
0.0019312243245563833
0
0
0.0031697619417278495
0.0025697008810192335
0
0.006273572583527938
0.005719533878460632
0
0
0.0012831941460719313
0.005975691085647992
0
0
0.0032921542273270372
0
0
0
0.0018190284454022937
0.0009503243274931894
0
0
0.001664069610677571
0
0
0.0017893899376286106
0
0
0
0
0
0.007182260986137606
0.0013972322937791098
0.0015893458510713961
0.0011212659497875643
0
0
0
0
0
0
0
0
0
0
0
0.005165969349843461
0
0.001975593546855127
0
0.0026400077102584785
0.0012160909941157253
0.0008661990682762645
0
0
0.008088801426478255
0
0
0.0007871224816121586
0
0.0008358851359072067
0.0015355157457854094
0
0
0.0010403194421316124
0.0033828318927722066
0
0
0
0.0017738091095478312
0.001288447218893493
0
0
0.0015016499745409658
0.0011667279912068096
0.0010143748165732398
0
0.00842829259617558
0
0.0022103015703948564
0
0
0
0.0010516648413593105
0
0
0
0
0.0005464075188231435
0
0
0
0.0006412225095243851
0.0019292990449047416
0
0
0
0
0
0.0020997865428772854
0
0.003242668390054143
0
0
0
0.0008558561836551775
0.0032211518955876633
0
0
0
0.0006402257898090989
0.0014772606915456764
0.00188513669300566
0
0
0
0
0.002100670509389754
0.002779732569446141
0.0014213912159245791
0
0
0
0.002090141841450549
0.0014551458618028523
0
0
0.002040026171277987
0
0
0.003242668390054143
0.0013759624132301273
0.0007841965729409922
0
0.0024543991099093146
0
0
0
0
0
0
0.002638839106470561
0
0.0007677294313044604
0
0
0.0009049684789027961
0.001853703415501639
0
0
0
0
0.003469617580370402
0
0
0
0.0009944252432122992
0
0.0024040285046221053
0
0
0
0.0016086537187408505
0
0
0.0010643453176455314
0
0.003952645912597416
0
0
0
0
0
0
0.00471686540195901
0
0
0
0
0
0
0
0
0
0
0
0.0018241991461033775
0
0
0
0
0.001147052829318263
0
0
0
0
0
0
0.0030400496902802283
0
0.002225142713090105
0.0022491753285930303
0
0
0.004106332305854581
0
0
0
0.0014677644663633875
0.0005356081387322802
0.001222645807821861
0
0
0
0
0
0.0016973317582396545
0
0
0.002312253381170172
0
0
0
0
0.0036646511087130894
0.001411780423727618
0.004948122124982609
0
0
0.0012174129192279335
0
0
0
0
0
0.0026852511789181846
0.00416127776852645
0
0
0
0.0015846938182708466
0.007571618374108553
0
0
0
0
0
0.0016746399315903545
0.002448313216483937
0.0019519733155369849
0
0.0009791650518141204
0.0034216706120258956
0.0021277675496194264
0.0011125713565450525
0.014064141478113431
0
0
0
0
0
0.001505242352628606
0.001411780423727618
0
0.0011856557169140872
0
0.0018042096752278428
0
0
0.0048452678217345575
0
0
0.0016716041280501542
0
0
0
0.0018278194828627893
0
0
0
0
0
0
0
0.0009311058573070791
0.00803155531005405
0
0
0
0
0
0
0.0014963351583938077
0
0
0
0
0.0555983697250905
0.009759293980889651
0.0017422415474515115
0
0
0
0.0009241461630788128
0.003382146209335734
0
0.0027668439895195285
0
0
0.000852480798916515
0
0
0
0
0.0008532011349773986
0.0010403194421316124
0
0
0
0
0
0
0
0
0
0
0.0011654625856713629
0
0
0.001147052829318263
0
0.0014341831978858437
0.00230263483763317
0
0.0023147120206462395
0
0
0
0
0
0
0
0
0
0
0
0
0
0
0.0012203927624561666
0
0
0
0
0
0
0
0
0
0
0
0
0
0
0
0
0
0
0
0
0
0.0017573988432009842
0
0.0018453056169068691
0
0
0
0
0
0
0.0009759866577684924
0
0
0
0.0009673182913117654
0
0
0
0
0
0
0.0013361375315700497
0
0
0
0
0.004581076043863272
0
0
0.0054656878523424105
0
0
0
0
0
0.0010450709207252746
0.0014037640452558378
0
0
0.003143015047002225
0
0
0
0
0
0
0
0.0010442018054126975
0
0
0.0009981673069954016
0
0
0
0
0
0
0
0
0.002122256538392797
0
0
0
0
0
0
0.0025610467565449035
0
0
0.006650656368223235
0
0
0
0
0
0
0
0
0
0
0
0
0
0
0
0.0014936576754383901
0
0
0
0.0015257473078298658
0
0
0
0
0.0017576402053853153
0
0
0
0
0.0015560835029335962
0
0
0
0
0
0
0
0
0
0
0
0
0
0
0
0.0016568385164002386
0.0013308285337645766
0
0
0
0.0012661410852087367
0
0
0
0
0
0
0.0013771755880178903
0
0
0
0.002554568521744058
0
0
0
0.0030383872871664447
0
0
0
0
0.0013055174373115242
0.005986446573383088
0.0029406944945875265
0
0
0
0.002781659784909542
0
0
0.004417837682274719
0.0013393652858488027
0
0
0
0
0
0
0
0.0012380812306751474
0
0
0.000916747425984216
0
0.00144300130907875
0.0014813211218624193
0
0
0
0
0
0
0
0
0
0.002121342585727328
0
0
0
0
0
0
0
0.0016226472724625602
0
0
0
0
0
0.008117348064003807
0.004713379030856156
0
0.0012325946143743195
0
0
0
0.002257013259748766
0.0009728392058542499
0.005116001111973328
0
0
0
0
0.0013895644869193246
0
0
0
0.0010004335127802631
0.0036433808686796567
0
0
0
0
0
0.0017385038098501292
0
0
0
0
0
0
0
0
0.001415864402681999
0
0
0
0
0
0
0
0
0
0
0
0
0
0.0012086347139043155
0
0
0
0
0
0
0
0
0
0.0011686354345069026
0
0
0
0
0
0
0
0
0
0
0
0
0
0
0
0.0008585332164261485
0
0
0
0
0
0.0014928398735233857
0
0
0.0013016454065819041
0
0.003247862164187518
0
0
0.001877063002522725
0
0
0
0
0
0.001127943860887062
0
0
0
0
0
0
0.0024873251302308516
0.002412047066896493
0
0
0
0
0
0
0
0
0
0
0.005528297314917473
0.0022399676941536376
0
0
0
0
0
0
0
0.004990836239035038
0
0
0
0
0.003968271165444433
0
0.0011692737579157995
0
0
0
0
0
0
0
0
0.001099437515697651
0
0
0
0
0
0
0
0
0.0013548694543331337
0
0.0010100508400050997
0.0020208830956982486
0
0
0
0
0
0
0
0
0
0
0
0
0
0
0.0025479903453732087
0
0.0026918382111244523
0.002090748434839383
0
0
0.005659519857419789
0
0
0
0.0020875362446280458
0.006600602517002315
0
0
0
0
0
0
0
0
0
0
0.0010958536707495446
0
0.0011763797736671008
0
0
0
0.000990358388311924
0.005777405673230209
0
0
0
0.001480895639707775
0
0
0
0
0
0
0
0
0
0
0.0030831148226679195
0.0012325946143743195
0
0
0
0
0
0
0
0
0
0
0
0
0
0
0
0
0.0015689194360628184
0
0
0
0
0.0034607986105513262
0
0
0
0
0
0
0
0
0
0
0
0
0
0
0
0
0
0
0
0
0
0
0
0
0
0
0.0035252282991507316
0
0.001482575179596913
0
0
0
0
0
0
0
0
0
0
0
0
0
0.0009859793953899203
0
0
0
0.001629188282504939
0.0014090861522891621
0
0
0
0
0
0
0
0.0017239705451031952
0
0
0
0.000929884663403508
0
0
0.001786662723956316
0.0037906946720673573
0
0
0
0
0
0
0
0
0
0
0
0
0
0
0
0
0.0018733180804538024
0
0
0
0
0
0
0
0
0
0
0
0
0
0
0
0
0
0.003440874119283539
0
0.0022660887968430975
0
0
0
0
0
0
0
0
0
0.0013214866436903074
0
0
0
0
0
0
0
0
0
0
0
0
0
0
0
0
0
0
0
0
0
0
0
0
0
0.0018640682051779224
0
0
0
0.001727543075393071
0
0
0
0
0.004075736645219329
0.001372349965574736
0
0
0
0
0
0
0
0.0028128282956226863
0.001366417492678455
0
0
0
0.004180126977491283
0
0
0
0
0
0
0
0
0
0
0
0
0
0
0
0
0
0
0.004395692396793524
0.0007116249594722844
0.0010171568557564013
0
0
0
0
0
0
0
0
0
0
0
0
0
0
0.0013820743287293682
0
0
0
0
0
0
0
0.0009247454416592599
0
0
0
0
0
0
0.0011083101983024371
0
0
0
0
0
0
0
0.0015559852832617517
0
0
0
0
0.0013560058727319195
0
0
0
0
0.001006169512460055
0
0
0
0
0
0.0016944936202385142
0
0
0
0
0
0
0
0
0
0.0012071945747677555
0.0008402434163975697
0
0
0
0
0
0
0
0
0
0
0
0
0
0
0
0
0
0
0
0
0
0
0
0
0
0
0
0
0
0
0
0.005972570492407673
0
0
0
0
0
0
0.003615138968999029
0
0
0
0.004454581917860751
0
0.0012279647877416816
0
0
0
0.008367936595556954
0
0.0014213912159245791
0
0
0
0
0
0.0021333259340163215
0
0
0
0
0
0
0
0
0
0
0
0
0.004197807566290826
0
0
0
0.0011903954351199343
0.0012731130146997939
0.0009922006195161393
0
0
0
0.0011897140635261532
0.0014415148204758954
0.0011699133440820153
0
0
0
0
0
0
0
0
0
0
0
0
0
0
0.0013064927342851505
0
0
0
0
0
0
0.001134188862277069
0
0
0
0
0.0013998291808457973
0
0
0
0
0.00386790537791032
0
0
0
0
0
0
0
0
0
0.0012372917047599999
0.0016454931171725408
0.001485960662903507
0
0
0
0
0
0
0
0
0
0
0
0
0.0010868164478644042
0
0
0
0.000935106897535871
0
0
0
0.002895004453604385
0
0
0
0
0
0.0008275629401113488
0
0
0.0017537212398074475
0
0
0
0.0010933178875419708
0
0
0.0010579429163211926
0
0
0
0
0
0
0
0
0.0029753335838741614
0
0
0
0
0
0.0014505380303423928
0
0
0
0
0
0
0
0
0
0
0
0
0
0
0
0
0
0.013532985550788183
0.002402994644944616
0
0
0
0.0013194468217720195
0
0
0
0
0.001459820314817799
0
0
0
0
0
0
0
0
0
0
0
0
0
0
0
0.0011598287619682076
0
0
0
0
0
0
0
0
0
0.01715280868303625
0
0.0020422696016504597
0
0
0
0
0
0.006456151992522105
0
0
0
0
0
0
0
0
0
0
0
0
0
0
0
0
0.0019065181785241198
0.0014459949480741577
0
0
0
0.002141682695652387
0
0
0
0
0
0
0
0
0
0
0
0
0
0
0
0
0
0
0
0
0.0015395072866267606
0
0
0.002497048943592986
0
0
0.0012404614429095701
0
0
0
0.002846116026387791
0
0
0
0
0
0.0020237896747704247
0
0
0.0019683443520609354
0
0
0.011420008042799686
0
0
0
0
0
0
0
0
0.0010485709354375028
0
0
0
0
0.003255470934271271
0
0
0
0
0
0
0
0
0.009573167175212009
0
0.0010057839301822913
0
0
0
0
0
0
0
0.0013972322937791098
0
0
0.003973712135771949
0.005014812384150462
0
0.001480895639707775
0.0010468161919084487
0
0.037450307816095776
0.0015940657991545364
0
0
0
0
0
0
0
0
0.003099414416599739
0
0
0
0
0
0.005505746244067269
0
0
0
0
0
0
0.0010538930424708272
0
0
0
0
0
0
0
0
0
0
0.0018229575761817222
0.001898741832838316
0
0
0
0
0
0.008674043950926004
0
0
0
0
0
0.0010789900880675087
0
0
0.0035856170173153594
0
0
0
0
0
0
0
0
0.00323240434274972
0
0
0
0
0
0
0.002169684050460021
0
0.0017033266808980441
0
0.0029364310498998076
0
0
0
0
0
0
0
0
0
0.0014356362821366809
0
0
0
0
0.005113769730602202
0
0
0
0
0
0
0
0
0
0
0
0
0.0012029122512145641
0
0
0
0.028192173498892664
0
0
0
0
0
0
0
0
0
0
0
0
0
0
0
0
0
0
0
0
0
0
0
0
0
0
0
0
0
0
0
0
0
0
0
0
0
0.0013134034551337548
0.0029753335838741614
0
0
0
0
0
0
0
0
0
0.0011993864725264743
0
0
0
0
0
0
0
0
0
0
0
0
0
0
0
0.0010625030864413161
0.0012079138424761651
0
0
0
0
0
0.0026208472238110443
0
0.0017738091095478312
0
0.0022638079429679156
0
0
0
0
0
0
0
0
0
0.001261009061556525
0
0
0
0.006538805253191333
0
0.002207165162936887
0.0012493419455609153
0.0014227878085998186
0
0.0038273002278218157
0
0
0
0
0
0
0
0.005996932362632371
0.0014709976003221925
0.005943842651614028
0
0
0
0
0
0
0
0
0
0
0
0.0010525542798888578
0
0
0
0
0
0
0.0011979868569139344
0.011654625856713627
0
0
0
0
0
0
0.011691148848063692
0
0
0
0
0
0
0
0
0
0
0
0
0
0
0
0
0
0.003197201737886042
0
0
0
0
0
0
0
0
0
0
0.0013256053070519079
0
0
0
0
0
0
0
0
0.0009391580725845694
0
0
0
0.0017908293919550156
0
0
0
0.0015375053563817164
0
0
0
0
0.0012921634747699027
0
0
0
0
0
0
0
0
0
0
0
0
0
0.0014284353006917654
0
0.0012627107007560966
0
0
0
0
0
0
0
0
0
0
0
0
0
0
0
0
0
0
0
0
0
0
0
0
0
0
0
0
0
0
0
0
0
0
0
0
0
0
0
0
0
0
0
0
0
0
0
0
0
0
0.0033432082561003084
0
0
0.002929126688315064
0.007059312361842382
0
0
0
0
0
0
0
0
0
0
0
0.0019897254925338175
0
0
0
0
0
0
0
0
0
0
0
0
0
0
0
0
0.016902618447073307
0
0
0
0
0
0
0.0015801077739798811
0
0
0
0
0
0
0
0
0
0
0
0
0
0
0.0030214137778744785
0.0029753335838741614
0
0
0
0
0.0012151959228728943
0
0
0.0019065181785241198
0
0
0
0
0
0
0
0
0
0
0
0
0
0
0
0
0
0
0
0
0.0011370678724105833
0
0
0
0
0
0
0
0
0
0
0
0.0019375857745913272
0.0013985281299891126
0
0
0
0
0
0
0
0
0
0
0
0
0
0
0
0
0
0
0
0
0
0
0
0
0.001485960662903507
0
0
0.0011229225411227954
0
0
0
0
0
0
0
0
0.0028860026181575
0
0
0
0
0
0.001379615680366866
0
0
0
0
0
0
0
0
0
0
0
0
0
0
0
0
0
0
0
0.007692268905414926
0
0
0
0.009318653882574236
0
0
0
0
0.0015778389176401958
0
0
0
0
0
0
0
0
0
0
0
0
0
0
0
0
0
0
0
0
0
0
0
0
0
0
0
0
0
0
0.00897431372298408
0
0
0
0
0
0
0
0
0.0012151959228728943
0
0
0
0
0
0
0
0
0
0
0.004613676172918735
0
0
0
0
0
0
0
0
0
0.001130767553085172
0.004043330913676114
0.002674419746377082
0
0
0
0
0
0
0
0
0
0
0
0.001558105361032899
0
0
0
0
0.0011245876642965152
0
0.008167095938447666
0
0.0014475022268021925
0
0
0
0.0013985281299891126
0
0
0
0
0
0
0
0
0
0
0
0
0
0
0
0
0
0
0
0
0.004674316083098697
0
0.002747099271205428
0
0
0.0034720292071734014
0
0
0
0
0
0
0
0
0
0.001254290675364561
0
0
0
0
0.0034537668822745165
0
0
0
0
0
0
0
0
0
0
0
0.0014385621908078472
0
0
0
0.0014356362821366809
0
0
0
0
0
0
0.0019477699113319457
0
0
0
0
0
0
0
0
0
0.001665616721723857
0
0
0
0
0
0
0
0
0.0026918382111244523
0
0
0
0
0
0
0
0
0
0
0
0
0.0010973847424423457
0
0.0010785071743084453
0
0
0
0
0
0
0
0
0
0
0
0
0
0
0
0
0
0
0
0
0
0
0
0
0
0
0
0
0
0
0
0
0
0
0
0
0
0
0
0
0
0
0
0
0
0
0
0
0
0
0
0
0
0
0
0
0
0
0
0
0.007346884959542509
0
0
0
0
0
0
0.004473318899773469
0
0.0016967282742924162
0
0
0.0013415351644740813
0.0014037640452558378
0
0
0
0
0
0
0
0.0018377682894152477
0
0
0
0.003521332984257531
0.003479486285904623
0
0
0
0
0
0
0
0
0
0
0
0
0
0
0
0
0
0
0
0
0.022698299029550374
0
0
0
0
0
0.008998438867612315
0
0
0
0
0
0
0
0
0
0
0
0
0
0.0011549020273723678
0
0
0
0
0
0
0
0
0
0
0
0
0
0
0
0.0017311555230484622
0
0
0
0
0
0
0
0
0
0
0
0
0
0
0
0
0
0
0.0017239705451031952
0
0
0
0
0
0
0
0
0
0
0.0021176996386091545
0.002510073993159133
0
0
0
0
0
0
0
0
0.0021830125926811245
0
0
0
0
0
0
0
0
0
0
0
0
0.0021830125926811245
0.0009788103499666027
0
0
0
0
0
0
0
0.0016568385164002386
0
0
0
0
0.007900538869899406
0
0
0
0.024163650670717848
0
0
0.001930778982092836
0
0
0
0
0
0
0
0
0
0
0
0
0
0.0018087957195188082
0.002141682695652387
0
0
0
0
0.0019049003181182043
0
0
0
0
0.0055759028518903315
0
0.0018752179549584491
0
0
0
0
0
0
0
0
0
0
0
0.0013174197887899323
0
0
0
0
0
0
0
0.0023068380864593673
0
0
0
0
0
0
0
0
0
0
0
0.0035193911775934445
0
0
0
0
0
0
0
0
0.0013652439498234345
0
0.0014759087433852298
0
0
0
0
0
0
0
0
0
0
0
0
0
0
0
0.0018926984662000514
0
0
0
0
0
0
0
0
0
0
0
0
0
0
0
0
0
0
0
0
0
0
0
0
0
0
0
0
0
0
0.0020319232414957793
0
0
0.001623931082093759
0
0.0015162653760178643
0
0
0
0
0
0
0
0
0
0
0
0
0
0
0
0
0
0
0.009129136388603784
0
0
0
0
0
0.001858634283963444
0
0
0
0
0
0
0
0
0
0
0
0
0.001898056982566373
0
0
0.0015355157457854094
0
0
0
0
0
0
0
0
0
0
0
0
0
0
0
0
0.001727543075393071
0
0
0
0
0
0
0
0
0
0
0
0
0
0
0
0
0
0.0016568385164002386
0
0
0
0
0
0.0015016499745409658
0
0
0.0017738091095478312
0
0
0
0
0
0
0
0
0
0
0
0
0
0
0
0
0
0
0
0
0
0
0
0
0
0
0
0
0
0.005020491513608483
0.0028712725642733618
0
0
0
0
0
0
0
0
0
0
0.0028427824318491583
0
0
0
0
0
0
0
0
0
0
0
0
0
0
0
0.0028483809205288313
0
0
0
0
0
0
0
0
0
0.0014582546425010228
0
0
0
0
0
0
0.004138847041100598
0
0
0
0
0
0
0
0
0
0
0
0
0
0
0
0
0
0
0.0013064927342851505
0
0
0
0
0
0
0
0
0
0
0
0
0
0
0
0
0
0
0
0
0
0
0
0
0
0.008092886834095602
0
0
0
0
0
0
0.0019241125458811532
0
0
0
0.0012766561811368194
0
0
0
0
0
0
0
0
0
0
0.004169882210156888
0
0
0
0
0
0
0
0
0
0
0
0
0
0
0
0
0
0
0
0
0
0
0
0
0
0
0
0
0
0.0014928398735233857
0
0
0
0
0
0
0.0014415148204758954
0
0
0
0
0
0
0
0.0019739511103257887
0
0
0.0021628310721271255
0
0
0
0
0
0.0010938234555911731
0
0
0
0
0
0
0
0.0018532901837529008
0
0
0
0
0
0
0
0
0.0027842005402537967
0.001966343448699473
0.001558105361032899
0
0
0
0
0.0014876667919370807
0
0
0
0
0
0
0
0
0.0017311555230484622
0
0.0011750760997169107
0
0
0
0
0
0
0
0
0
0
0
0
0
0
0
0
0
0
0
0
0
0
0
0
0
0.0016967282742924162
0
0
0
0.00161620217137486
0
0
0.018042096752278428
0
0
0.00195338054439091
0
0
0
0
0
0
0
0
0
0
0
0
0
0
0
0
0
0
0
0
0.0029685269799381853
0.0016870764918321248
0
0
0
0
0
0
0
0
0
0
0
0
0
0
0
0
0
0
0
0
0
0
0
0
0
0
0
0
0
0
0
0
0
0
0
0
0
0.0019516449766410326
0
0
0
0
0.010259606920553754
0
0
0.0015733484190431485
0
0
0
0
0
0
0
0
0
0
0
0
0.001966343448699473
0
0
0
0
0
0
0.003285435801954916
0
0
0
0
0
0
0
0
0
0
0.0011890341248915657
0
0
0
0
0.003937221358090491
0
0
0
0
0
0
0
0
0
0
0
0
0
0
0
0
0
0
0.0039342415336123425
0
0
0
0.001420000630118116
0
0
0
0
0
0
0
0.0017169417747713474
0
0
0
0
0
0
0
0
0.0018377682894152477
0
0
0
0
0
0
0
0
0
0
0
0
0
0
0
0
0
0
0.009743586492562554
0.002105042318896162
0
0
0
0.004012618327057645
0
0
0
0
0
0
0
0
0
0.0018809404176482003
0
0
0.004422790178257075
0
0
0
0
0
0
0
0
0
0
0
0
0
0
0
0
0
0
0
0
0
0
0
0
0
0
0
0
0
0
0
0
0
0
0
0
0
0
0.0016318492909551542
0.0018134477523193578
0
0
0.0010277049408893065
0
0
0
0
0
0
0
0.0015257473078298658
0
0
0
0
0
0
0
0
0
0
0
0
0
0
0
0
0
0
0
0.0015988556749337605
0
0
0
0.0017000106446331915
0
0
0
0
0
0
0
0
0
0
0
0
0
0
0
0
0.0016345323827154825
0
0
0
0
0
0
0
0
0
0
0
0
0
0
0
0
0
0.002213827393781779
0
0
0
0.001558105361032899
0.001505242352628606
0
0
0
0
0
0
0
0
0.005760140540193382
0
0
0
0
0
0
0
0
0
0
0
0
0
0
0
0
0
0
0
0
0
0
0
0
0
0
0
0
0
0
0
0
0
0
0
0
0
0
0
0
0
0
0
0
0
0
0
0
0
0
0
0
0
0.0024986838911218306
0
0
0
0
0
0
0
0
0
0
0.0031740229352669523
0
0
0
0
0
0
0
0
0
0
0.0015296193385594859
0
0
0
0.004103842768221502
0
0
0.0019739511103257887
0
0
0
0
0
0
0
0
0.0017952282448666804
0
0
0
0
0
0
0.0014104304814675209
0
0
0
0
0
0
0
0
0
0
0
0
0
0
0
0
0
0
0
0.0018480329833417207
0
0
0
0
0
0
0
0
0
0
0
0
0
0
0
0
0
0
0
0
0
0
0
0
0
0
0
0
0
0
0
0.0014963351583938077
0
0
0
0
0
0
0
0
0
0
0
0.0013426255894590923
0
0
0
0
0
0
0
0
0
0
0
0
0
0
0
0
0
0
0
0
0
0
0
0.0016345323827154825
0
0
0.0015623876845860902
0
0
0
0
0
0
0
0
0
0
0
0
0
0
0
0
0
0
0
0
0
0
0
0
0
0
0
0
0
0.00252201812311305
0
0
0
0
0
0
0.0015355157457854094
0
0
0
0
0
0
0
0
0
0
0
0
0
0
0
0
0
0
0
0
0
0
0
0
0
0.004840999164501858
0
0
0
0
0
0
0
0
0
0
0
0
0.003137838872125637
0
0.00873011501136553
0
0
0
0
0
0
0
0
0
0
0
0
0
0
0
0
0
0
0
0
0
0
0.0024636367156302824
0
0
0
0
0.001242859308300792
0
0
0
0
0
0
0.00246986925933398
0
0
0
0
0
0
0
0
0.0013287291062474256
0.0012766561811368194
0
0.0017537212398074475
0
0.0074128758979845645
0
0
0
0
0
0
0
0
0
0
0
0.0022663715028984214
0
0
0
0
0
0
0
0
0
0
0
0
0
0
0
0
0
0
0
0
0.0015602394328180114
0
0
0
0.0014945827925776619
0.009620562729405766
0
0
0
0
0
0.0018042096752278428
0
0
0
0
0.002485718616601584
0
0
0
0
0
0
0
0
0
0
0
0
0
0
0
0
0.003903289953282065
0.005179915881480883
0
0.0019049003181182043
0
0
0
0
0
0
0
0.0019739511103257887
0
0
0
0.0020827361852114056
0
0
0
0
0
0
0.0012940377449555882
0
0
0
0
0
0.0015125491201414545
0
0
0
0
0
0
0
0
0
0
0
0
0
0
0
0
0
0
0
0
0
0
0
0.0014385621908078472
0.0015916972119925342
0
0.0011056752146742688
0
0.0014520666889896432
0.001222645807821861
0
0.00133188338201379
0
0
0
0
0
0
0
0
0
0
0
0
0
0
0
0
0
0
0
0
0
0
0.002407114493929086
0
0
0
0
0
0
0
0.003773531986607541
0
0
0
0
0
0.0014459949480741577
0
0.007594967331353264
0
0
0
0
0
0
0
0
0
0
0
0
0
0
0
0
0
0
0
0
0
0
0.0014759087433852298
0
0
0
0
0
0
0
0
0
0
0
0
0
0
0
0
0
0
0
0
0
0
0
0
0
0
0
0
0
0
0
0
0
0
0.003464706082117103
0
0
0
0
0
0
0
0
0
0
0
0
0
0
0
0
0
0
0
0
0
0
0
0
0
0
0
0.004103842768221502
0
0
0
0
0
0
0
0
0
0
0
0
0
0
0
0.001384551817492889
0
0
0
0
0
0
0.002105042318896162
0
0
0
0
0
0
0
0
0
0
0
0.002553312362273639
0
0
0
0
0
0
0
0
0
0
0
0
0
0
0
0
0.0024129538073186904
0
0
0
0
0
0
0
0
0
0
0.0012576324177928384
0
0
0
0
0
0
0
0
0
0
0
0
0
0
0
0
0
0.004460822129553568
0
0
0
0
0
0.002072134884589682
0
0
0
0
0
0
0
0
0
0
0
0
0
0
0
0
0
0
0
0
0
0.0031786917021427922
0
0
0
0
0
0
0
0
0
0
0
0
0
0
0.0016568385164002386
0
0.0014693769919085018
0
0
0
0.0016318492909551542
0
0
0.00968317490022256
0
0.0020827361852114056
0
0
0
0
0
0
0
0
0
0
0
0
0
0.0014792247796500825
0
0
0
0
0
0
0
0
0
0
0
0
0
0
0.003865341656680479
0
0
0
0
0
0
0
0
0
0
0
0
0
0
0
0
0
0
0
0
0
0
0
0
0
0
0
0
0
0
0
0
0
0
0
0
0.0028597254466529243
0
0
0
0
0
0
0
0
0
0
0
0
0
0
0
0
0
0
0
0
0
0
0
0
0
0
0
0
0
0
0
0
0
0
0
0
0
0
0
0
0
0
0.001267004398676528
0
0
0
0
0
0.001480895639707775
0
0.002213827393781779
0
0
0
0
0
0.0018428599017554159
0
0
0
0
0
0
0
0.0019375857745913272
0
0
0
0
0
0
0
0
0
0
0
0
0.002141682695652387
0
0
0
0
0
0.0013617486649530122
0
0
0
0
0
0
0
0
0
0
0
0
0
0
0.0012295007084525118
0
0
0
0
0
0.004199487542537392
0
0
0
0
0
0
0
0
0
0
0
0
0
0
0.001337209873188541
0
0
0
0
0
0
0
0
0
0
0
0
0
0
0
0
0
0
0
0
0
0
0.0016902618447073308
0
0
0.0013959416305817166
0
0
0.001734808790185201
0
0
0
0
0
0
0
0.01281771414237974
0
0
0
0
0
0
0
0
0
0
0.0015257473078298658
0
0
0
0
0
0
0
0
0
0
0
0
0
0
0
0
0
0
0
0
0
0
0
0
0
0
0
0
0
0.0016539646245744238
0
0
0
0
0
0
0
0
0
0
0
0
0
0
0
0
0.0017204370596417694
0
0
0
0
0
0
0
0
0
0
0
0
0
0
0
0
0
0
0
0
0
0
0
0
0
0
0
0
0
0
0
0.0018695950184205025
0
0
0
0
0
0
0
0
0.0019817421066332767
0
0
0
0
0
0
0.0019241125458811532
0
0
0
0
0
0
0
0
0
0
0
0
0
0
0
0
0
0
0
0
0
0
0.011946739565914122
0
0
0
0
0
0
0
0
0
0
0
0
0
0
0
0
0
0
0.0034066533617960883
0.0018134477523193578
0
0
0
0
0
0
0
0
0
0
0
0.006258201224152052
0
0
0
0
0
0
0
0
0
0
0
0
0
0
0.003943917581559681
0
0.012714766808571169
0
0
0
0
0.0020063091635288224
0
0
0
0
0
0
0
0.003455086150786142
0
0
0
0
0
0
0.0041955843899673375
0
0
0
0
0
0
0
0
0
0
0
0
0
0
0
0
0
0
0
0
0
0
0
0
0
0.0017204370596417694
0
0
0
0
0
0
0
0
0
0
0
0
0
0
0
0
0.005609788382267921
0
0
0
0
0
0
0.015983288086366343
0
0
0
0
0
0
0
0
0
0
0
0
0
0
0
0
0
0.003822356786160173
0
0
0
0
0
0
0
0.0020149312932029773
0
0
0.0018695950184205025
0
0
0
0
0
0.009831717243497367
0
0
0
0
0
0
0
0
0
0
0
0
0
0
0
0
0
0
0
0
0
0
0
0
0
0
0
0
0
0
0
0
0
0
0
0
0
0
0
0
0
0
0
0
0
0
0
0
0
0
0.0016746399315903545
0
0
0
0
0
0
0.006641482181345336
0
0
0
0.0014963351583938077
0
0
0
0
0
0
0
0
0
0
0
0
0
0
0
0
0.0017952282448666804
0
0
0
0
0.001613666388167286
0
0
0
0
0
0
0
0
0
0
0
0
0
0
0
0
0
0
0
0
0
0
0
0
0
0
0
0
0
0
0
0
0
0
0
0
0
0
0
0
0
0
0
0
0
0
0
0
0
0.001564550306038013
0
0
0
0.0015988556749337605
0
0
0
0
0
0
0
0
0
0
0
0
0
0
0
0
0
0
0
0.006723193667480971
0
0
0
0
0.0011158044905038576
0
0
0
0
0
0
0
0
0
0
0
0
0
0
0
0
0
0
0
0
0
0.004944877084537132
0
0.0020827361852114056
0.0014505380303423928
0
0
0
0
0
0
0
0
0
0
0
0
0
0
0
0
0
0.001930778982092836
0
0
0.001385797717692045
0
0
0
0
0.001288447218893493
0.001958910691433163
0
0
0
0
0
0
0
0
0
0
0
0.001480895639707775
0
0
0
0
0
0
0
0
0
0
0
0
0
0
0
0.002051921384110751
0
0
0
0
0
0
0
0
0
0.011116515895354596
0
0
0
0
0
0
0
0
0
0
0
0
0
0
0
0
0
0
0
0
0
0
0
0
0
0
0
0
0
0
0
0
0
0
0
0
0.0010611282691963984
0
0
0
0
0
0
0
0
0
0
0
0
0
0.0030362792924070996
0
0
0
0
0
0
0
0.0020521191805128705
0
0
0
0
0
0
0
0
0
0
0
0
0
0
0
0
0
0
0
0
0
0
0
0
0
0
0.004315686572423542
0
0
0
0
0
0
0
0
0
0
0
0
0
0
0
0
0
0
0
0
0
0
0
0
0
0.002230411064776784
0
0
0
0
0
0
0
0
0
0
0
0
0
0
0.012973031286270306
0
0
0
0
0
0
0
0
0
0
0
0
0
0
0
0
0
0
0
0
0.0014241904602644156
0.0029856797470467714
0
0
0
0
0
0
0
0
0
0
0
0.001858634283963444
0
0
0
0
0
0
0
0
0
0
0
0
0
0
0
0
0
0
0
0
0
0
0
0
0
0
0
0
0
0
0
0
0
0
0
0
0
0
0
0.004123740381326419
0
0
0
0
0.0035174532506655368
0
0
0
0
0
0
0
0
0
0
0
0
0.0012477090597587594
0
0
0
0.0019817421066332767
0
0
0
0
0
0
0
0
0
0
0
0.0023789827845887594
0
0
0
0
0
0
0
0
0
0
0
0
0
0
0
0
0
0
0
0
0
0
0
0
0
0
0
0
0
0
0
0
0
0
0
0
0
0
0
0
0
0
0
0
0
0
0
0.00296179127941555
0
0
0.009086411451613005
0
0
0.001541521690037894
0
0
0
0
0
0
0
0
0
0
0
0
0.001727543075393071
0
0
0
0
0
0
0
0
0
0
0
0
0
0
0
0
0
0
0.0018640682051779224
0
0
0.0012567937384598132
0
0
0
0
0
0
0
0
0
0
0
0
0
0
0
0
0
0
0
0
0
0
0.0030362792924070996
0
0
0
0
0
0
0
0
0
0
0
0
0
0
0
0.0015200248451401142
0
0
0
0
0
0
0
0
0
0
0
0
0
0
0
0
0
0
0.0009749340989389528
0
0
0
0
0
0.004047579349540849
0
0
0
0
0.002716581527050061
0
0.0017822072622808607
0
0
0
0.00125931633150352
0
0
0
0
0
0
0
0
0
0
0.0016454931171725408
0
0
0
0
0
0
0
0
0
0
0
0
0
0
0
0
0
0
0
0
0
0.0037853969324001028
0
0
0
0
0
0
0
0.0017952282448666804
0
0
0
0
0
0
0
0
0
0
0
0
0
0
0.0028712725642733618
0
0
0
0
0
0
0
0
0
0
0
0
0
0.009555891965400432
0
0.0011555137791189045
0
0
0
0
0
0
0
0
0
0
0
0
0
0
0
0
0
0
0
0.001626548996814942
0
0
0
0
0
0
0
0
0
0
0
0
0
0
0
0
0
0
0
0.0016967282742924162
0
0
0
0
0
0
0
0
0
0
0
0
0.001930778982092836
0
0
0
0
0
0
0
0
0
0
0
0
0
0
0
0
0
0
0
0
0
0
0
0
0
0
0
0
0
0
0
0
0
0
0
0
0.0017656235912858556
0
0
0
0
0
0
0
0
0
0
0
0
0
0
0
0
0
0
0
0
0
0
0
0
0
0
0
0
0
0
0
0
0
0
0
0
0
0
0
0
0
0
0
0
0
0
0
0
0
0
0
0
0
0
0
0
0
0
0
0
0
0
0
0
0
0
0
0
0
0
0
0
0
0
0
0
0
0
0.0015964518668226976
0
0
0
0
0
0
0
0.002105042318896162
0
0.0018926984662000514
0
0
0
0
0
0
0
0
0
0
0.002285972091911171
0
0
0
0
0
0
0
0
0
0
0
0.0018278194828627893
0
0
0
0
0
0
0
0
0
0
0
0
0
0
0
0
0.005772337637643459
0
0
0
0
0
0
0
0
0
0
0
0
0
0
0
0
0
0
0
0
0
0
0
0
0
0
0
0
0
0.001623931082093759
0
0
0
0
0
0
0
0
0
0
0
0
0
0
0
0
0
0
0
0
0
0
0
0
0
0
0
0
0
0
0
0
0
0
0
0
0
0
0
0
0
0
0
0
0
0
0
0.002093696919668464
0
0
0
0
0
0
0
0
0.0021168003674480133
0
0
0
0
0
0
0.001799687773522463
0
0
0
0
0
0
0
0
0
0
0
0
0
0
0
0
0.0020422696016504597
0
0
0
0
0
0.0016111503388811386
0.0034201251283029373
0
0
0
0
0
0
0
0
0
0
0
0
0
0
0
0
0
0.0015144019086021675
0
0
0
0
0
0
0
0
0.0031786917021427922
0
0
0
0
0
0.002093696919668464
0
0
0
0
0.002141682695652387
0
0
0
0
0
0
0
0
0
0
0
0
0
0
0
0
0
0
0
0
0
0
0.001799687773522463
0
0
0
0
0
0
0.0042336007348960265
0
0
0
0
0
0
0
0
0
0
0
0.0020422696016504597
0.0021686408621376927
0
0
0
0
0
0
0
0
0
0
0.0067436747280551585
0
0
0
0
0
0
0
0
0
0
0
0
0
0
0
0
0
0
0
0
0
0
0
0
0
0
0
0
0
0.0014792247796500825
0
0
0
0
0
0
0
0
0
0.0017864895858340519
0
0
0
0
0
0
0
0
0
0
0
0
0
0.0015296193385594859
0
0
0
0
0
0
0
0
0.001629188282504939
0.06365617120674547
0
0
0
0
0
0
0
0
0
0
0
0
0
0
0
0
0
0
0
0
0
0
0
0
0
0
0
0
0
0
0
0
0
0
0
0
0
0
0
0
0
0.001749849209077827
0
0
0
0
0
0
0
0
0
0
0
0
0
0
0
0
0
0
0
0
0
0
0
0
0
0
0
0
0
0
0
0
0.0043889237717524895
0.012864378025906734
0
0
0
0
0
0
0
0
0
0
0
0
0
0
0
0
0
0
0
0
0
0
0
0
0
0
0
0
0
0
0.0018327556199888122
0
0
0.0019375857745913272
0
0
0
0
0
0
0
0
0
0
0
0
0
0
0
0
0
0
0
0
0
0
0
0
0
0
0
0
0
0
0
0
0
0
0
0
0
0
0
0
0
0
0
0
0
0
0
0
0
0
0
0
0
0
0
0
0
0
0
0
0
0
0
0
0
0
0
0
0
0
0
0
0
0
0
0
0
0
0
0
0
0
0
0.001944538960889731
0
0
0
0
0
0
0
0
0
0
0
0
0
0
0
0
0
0
0
0
0
0
0
0
0
0
0
0
0
0.0018532901837529008
0
0.003979450985067635
0
0
0
0.0018640682051779224
0
0
0
0
0
0
0
0
0
0
0
0
0
0
0
0
0
0
0
0
0
0
0
0
0
0
0
0
0
0
0
0
0
0
0
0
0
0
0
0
0
0
0
0
0
0
0
0
0
0
0
0
0
0
0
0
0
0
0
0.0028208609629350417
0
0
0
0
0.004521160865401502
0
0.0022663715028984214
0
0
0
0
0
0
0
0
0
0
0
0
0
0
0
0
0
0
0
0
0
0
0
0
0
0
0
0
0
0
0.0020063091635288224
0
0
0
0
0
0
0
0
0
0
0
0
0
0
0
0
0
0
0
0
0
0
0
0
0
0
0
0
0
0
0
0
0
0
0
0
0
0
0
0
0
0
0
0
0
0
0
0
0
0
0
0
0
0
0.017482804361785356
0.00161620217137486
0.011392450997029895
0.0023068380864593673
0
0
0
0
0
0
0
0
0
0
0
0
0
0
0
0
0
0
0
0
0
0
0.0016967282742924162
0
0.0017576402053853153
0
0
0
0
0.012760703033272055
0
0
0
0
0
0
0
0
0
0
0
0
0
0
0
0.03462211486087759
0
0
0
0
0.001966343448699473
0
0
0
0
0
0.0036175914390376165
0
0
0
0
0
0
0
0
0.004613676172918735
0
0
0
0
0
0
0.004636765634814808
0
0
0.0034338835495426948
0
0.014710791444439344
0
0
0
0
0
0
0
0
0
0
0
0
0
0
0
0
0
0
0
0
0
0
0
0
0.0021168003674480133
0
0
0
0
0.002093696919668464
0
0
0
0
0
0
0
0
0
0
0
0
0
0
0
0
0
0
0
0.0017537212398074475
0
0
0
0
0
0
0
0
0
0
0.001665616721723857
0
0
0
0
0
0
0
0.002285972091911171
0
0
0
0.0031786917021427922
0
0
0
0
0
0
0
0
0
0
0
0.0017385038098501292
0
0
0
0
0
0
0
0
0
0
0
0
0
0
0
0
0
0
0
0
0
0
0
0
0
0
0
0
0
0
0
0
0
0
0
0
0
0
0
0
0
0
0
0
0
0.0011679983688789367
0
0
0
0
0
0
0
0
0
0
0
0
0
0
0
0.0021686408621376927
0
0
0
0
0
0
0
0
0
0.001734808790185201
0
0
0
0
0.0021548808833407977
0
0
0
0
0
0
0
0
0
0
0
0
0
0
0
0
0
0
0
0
0
0
0
0
0
0
0
0
0
0
0
0
0
0
0
0
0
0
0.0016902618447073308
0
0
0
0
0
0
0
0
0
0
0
0
0
0
0
0
0
0
0
0
0
0
0
0
0
0.003995822021591586
0
0
0
0
0
0
0
0
0
0
0
0
0
0
0
0
0
0
0
0
0
0
0
0
0
0
0
0
0
0
0
0.0015823926647729923
0
0
0
0.0016746399315903545
0
0
0
0
0
0
0
0
0
0
0
0
0
0
0
0
0
0
0
0
0
0
0
0
0
0
0
0
0
0
0
0
0
0
0
0
0
0
0
0
0
0
0
0
0
0
0
0
0.0022478915760183863
0
0
0
0
0
0
0
0
0
0
0
0
0
0
0
0
0
0
0
0
0
0
0
0.0015296193385594859
0
0
0
0
0
0
0
0
0
0
0
0
0
0
0
0
0
0
0
0
0
0
0.026020879975488215
0
0
0
0
0
0
0
0
0
0
0
0
0
0
0
0.0012318183578151412
0
0
0
0
0
0
0
0
0
0
0
0
0
0
0
0
0
0
0
0
0
0
0
0
0
0
0
0
0
0
0
0
0
0
0
0
0
0
0
0
0
0
0
0
0
0
0
0
0
0
0
0
0.0016902618447073308
0
0
0
0
0
0
0
0
0
0
0
0
0
0.0021548808833407977
0
0
0
0
0
0
0
0
0
0
0
0
0
0.003469617580370402
0
0
0
0
0
0
0
0
0
0
0
0
0
0
0
0
0
0
0
0
0
0
0
0
0
0
0
0
0
0
0
0
0
0
0
0.004452790469907278
0
0
0
0
0
0
0
0
0
0
0
0
0
0
0
0
0
0
0
0
0
0
0
0
0
0
0
0
0
0
0
0.002285972091911171
0
0
0
0
0
0
0
0
0
0
0
0
0
0
0
0
0
0
0
0
0
0
0
0
0
0
0
0
0
0.0014024470955669804
0
0
0
0
0
0
0
0
0
0
0
0
0
0
0
0
0
0
0
0
0
0
0
0
0
0
0
0
0.00941241648245651
0
0
0
0
0
0
0
0
0
0
0
0
0
0
0
0
0
0
0
0
0
0
0
0
0
0
0
0
0
0
0
0
0
0
0
0
0
0
0
0
0
0
0
0
0
0
0
0
0
0
0
0
0
0
0
0
0
0
0
0
0
0
0
0
0
0
0
0
0
0
0
0
0
0
0.0020237896747704247
0
0
0
0
0
0
0
0
0
0
0
0
0
0
0
0
0
0
0
0
0
0
0
0
0
0
0
0
0
0
0
0
0
0
0
0
0
0
0
0
0
0
0
0
0
0
0
0
0
0
0
0
0
0
0
0
0
0
0
0
0
0
0
0
0
0
0
0
0
0
0
0
0
0
0
0
0
0
0
0
0
0
0
0
0
0
0
0
0
0
0
0
0
0
0
0
0
0
0
0
0
0
0
0
0
0
0
0
0
0
0
0
0
0
0
0
0
0
0
0
0
0
0
0
0
0
0
0
0
0
0
0
0
0
0
0
0
0
0
0.001372349965574736
0
0
0
0
0.0021980530115737504
0
0
0
0
0
0
0.003917821382866326
0
0
0
0
0
0
0
0
0
0
0
0
0
0
0
0
0
0
0
0
0
0
0
0
0.007696450183524613
0
0
0
0
0
0
0
0
0
0
0
0
0
0
0
0
0
0
0
0
0
0
0
0
0
0
0
0
0
0
0
0.001858634283963444
0
0
0
0
0
0
0
0
0
0.001997911010795793
0
0
0.0029165092850020457
0
0
0
0
0
0
0
0
0
0
0
0
0
0
0
0
0
0
0
0
0
0.0017576402053853153
0
0
0
0
0
0
0
0
0
0
0
0
0
0
0
0
0.0015940657991545364
0
0
0
0
0
0
0
0
0
0
0
0
0.0047965670248012815
0
0
0
0
0
0
0
0
0
0
0
0
0
0
0
0
0
0
0
0
0
0
0.001944538960889731
0
0
0
0
0
0
0
0
0
0
0
0.0018087957195188082
0
0
0
0
0
0
0
0
0
0
0
0
0
0
0
0
0
0
0
0
0
0
0
0
0
0
0
0
0
0
0
0
0
0
0
0
0
0
0
0
0.0017537212398074475
0
0
0
0
0
0
0
0
0.005412629025683529
0
0
0.0017100625641514686
0
0
0
0
0
0
0.018134381638826795
0
0
0
0
0
0
0.003599375547044926
0
0
0
0
0
0
0
0
0
0
0
0
0
0
0
0
0.0021548808833407977
0
0
0
0
0.0019049003181182043
0
0
0
0
0
0
0
0
0
0
0
0
0
0
0
0
0
0
0
0.0015335383041373536
0
0
0
0
0
0
0
0
0
0
0
0
0
0
0.0034479410902063905
0
0
0.0021548808833407977
0
0
0
0
0
0
0
0
0
0
0
0
0
0
0
0
0.014817602572136091
0.128813236931163
0.002213827393781779
0
0
0
0.001749849209077827
0
0
0
0
0
0
0
0
0
0
0.02139141052324303
0
0
0
0
0
0
0
0
0
0
0
0
0
0
0
0
0
0
0
0
0
0
0
0
0
0
0
0
0
0
0
0
0
0
0
0
0
0
0
0
0
0.005999474575420934
0
0.0036175914390376165
0
0
0
0
0
0
0
0
0
0
0
0
0
0
0
0
0
0
0.0017385038098501292
0.0020149312932029773
0
0
0
0
0
0
0
0
0
0
0
0
0
0
0
0
0
0
0
0
0
0.0030438422020502886
0
0
0
0
0
0
0
0
0
0
0
0
0
0
0
0
0
0
0
0
0
0
0
0
0
0
0
0.0065490377780433725
0
0.0014709976003221925
0
0
0
0
0
0
0
0
0
0
0
0
0
0
0
0
0
0.004814228987858172
0.004258004438732332
0
0
0
0
0
0
0
0.0020237896747704247
0
0
0
0
0
0
0
0
0
0
0
0
0
0
0
0
0
0
0
0
0
0
0
0
0
0
0
0
0
0
0
0
0
0
0
0
0
0
0
0
0
0.0021686408621376927
0
0
0
0
0
0
0
0
0
0
0
0
0
0
0
0
0
0
0
0
0
0
0
0
0
0
0
0
0
0
0
0
0
0
0
0
0
0
0
0
0
0
0
0
0
0
0
0
0
0
0
0
0
0
0
0
0
0.0019897254925338175
0
0
0
0
0
0
0
0
0
0
0
0
0
0
0
0
0
0
0
0.0031077580343403842
0
0
0
0
0.002329144220144124
0
0
0.0023789827845887594
0
0
0
0
0
0
0
0
0
0
0
0
0
0
0
0
0
0
0
0
0
0
0
0.0023068380864593673
0
0
0
0
0
0
0
0
0
0
0
0
0
0
0
0
0
0
0
0
0
0
0
0
0
0
0
0
0
0
0
0
0
0
0
0.0019241125458811532
0
0
0
0
0
0
0
0
0
0
0
0.001677704510948435
0
0
0
0
0.0016870764918321248
0
0
0
0
0
0
0
0
0
0
0
0
0
0
0
0
0
0
0
0
0
0
0
0
0
0
0
0
0
0
0
0
0
0
0
0
0
0
0
0
0
0
0
0
0
0
0
0
0
0
0
0
0
0
0
0
0
0
0
0
0
0.002051921384110751
0
0
0
0
0
0
0
0
0
0
0
0
0.0043372817242753854
0
0
0
0
0
0
0
0
0
0
0
0
0
0
0
0
0
0
0
0
0
0
0
0
0
0
0
0
0
0
0
0
0
0
0
0
0
0
0
0
0
0
0
0
0
0
0
0
0
0
0
0
0
0
0
0
0
0
0
0
0
0
0
0
0
0
0
0
0
0
0
0
0
0
0
0
0
0
0
0
0
0
0
0
0
0
0
0
0
0
0
0
0
0
0
0
0
0
0
0
0
0
0
0
0
0
0
0
0
0
0
0
0
0
0
0
0
0
0
0
0
0
0
0
0
0
0
0
0
0
0
0
0
0
0
0
0
0
0
0
0
0
0
0
0
0
0
0
0
0
0
0
0
0
0
0
0
0.007865373794797893
0
0
0
0
0
0
0
0
0
0
0
0.0021686408621376927
0
0
0
0
0
0
0
0
0
0
0
0
0
0
0
0
0
0.001769690446186231
0
0
0
0.0019175807944044252
0
0
0
0
0
0
0
0
0
0
0
0
0
0
0
0
0
0
0
0
0
0
0
0
0
0
0
0
0
0
0
0
0
0
0
0
0
0
0
0
0
0
0
0
0
0
0
0
0
0
0
0
0
0
0
0.002230411064776784
0.002213827393781779
0
0
0
0
0
0
0
0
0
0
0
0
0.002141682695652387
0.0021830125926811245
0
0
0
0
0.003773531986607541
0
0
0
0
0
0
0
0
0
0
0
0
0
0
0
0
0
0
0
0
0
0
0
0
0
0
0
0
0
0
0
0
0
0
0
0
0
0
0
0
0
0
0
0
0
0
0
0
0
0
0
0
0
0
0
0
0
0.002285972091911171
0
0
0
0
0
0
0
0
0
0
0
0
0
0
0
0
0
0
0
0
0
0
0
0
0
0
0
0
0
0
0
0
0
0
0
0
0
0
0
0
0
0
0
0
0
0
0
0
0
0
0
0
0
0
0
0
0
0
0
0
0
0
0
0
0
0
0
0
0
0
0
0
0
0
0
0
0
0
0.001966343448699473
0
0
0
0
0
0
0
0
0
0
0.002329144220144124
0
0
0
0
0
0
0
0
0
0
0
0
0
0
0
0
0
0
0
0
0
0
0
0
0
0
0
0
0
0
0.001734808790185201
0
0.0018867659933037705
0
0
0
0
0
0
0
0
0
0
0
0
0
0
0
0
0
0
0
0
0.001746023002273106
0
0
0
0
0
0
0
0
0
0
0
0
0
0
0
0
0
0
0
0
0
0
0
0
0
0
0
0
0
0
0
0
0
0
0
0
0
0
0
0
0
0
0
0
0
0
0
0
0
0
0
0
0
0
0
0
0
0
0
0
0
0
0
0
0
0
0
0
0
0
0
0
0
0
0
0
0
0
0
0
0
0
0
0
0
0.002093696919668464
0
0
0
0
0
0
0
0
0
0
0
0
0
0
0
0
0
0
0
0
0
0
0
0.0021830125926811245
0
0
0
0
0
0
0
0
0
0
0
0
0
0
0
0
0
0
0
0
0
0
0
0
0
0
0
0
0
0
0
0
0
0
0
0
0
0
0
0
0
0
0
0
0
0
0
0
0
0
0
0
0.001966343448699473
0
0
0
0
0
0
0
0
0
0
0
0
0
0
0
0
0
0
0
0
0
0
0
0
0
0
0
0
0
0
0
0
0
0
0
0
0
0
0
0
0
0
0
0
0
0
0
0
0
0
0
0
0
0
0
0
0
0
0
0
0
0.0031556778352803917
0
0
0
0
0
0
0
0
0
0
0
0.002230411064776784
0
0
0
0
0
0
0
0
0
0
0.0016539646245744238
0
0
0
0
0
0
0
0
0
0
0
0
0
0
0
0
0
0
0
0
0
0
0.001997911010795793
0
0
0
0
0
0
0
0
0
0
0
0
0
0
0.0022663715028984214
0
0
0
0
0
0
0
0
0
0
0
0
0
0.0021548808833407977
0
0
0
0
0
0
0
0
0
0
0
0
0
0
0
0
0
0
0
0
0.0037065803675058015
0
0
0
0
0
0
0
0
0
0
0
0
0
0
0
0
0
0
0
0
0
0
0
0
0
0
0
0
0
0
0
0
0
0
0
0
0
0
0
0
0
0
0
0
0
0
0
0
0
0
0
0
0
0
0
0
0
0
0
0
0
0
0
0
0
0
0
0
0.0043372817242753854
0
0.012550369965795663
0.002285972091911171
0
0
0
0
0
0
0
0
0
0
0.0018042096752278428
0
0
0
0
0
0
0
0
0
0
0
0
0
0
0
0
0
0
0
0
0
0
0
0
0
0
0
0
0
0
0
0
0
0
0
0
0
0
0
0
0
0.054888235760702786
0
0
0
0
0
0
0
0
0
0
0
0
0
0
0
0
0
0
0
0
0
0
0
0
0
0
0
0
0
0
0
0
0
0
0
0
0
0
0
0
0
0
0
0
0
0
0
0
0
0
0
0
0
0
0
0
0.0026553689654328105
0
0
0
0
0
0
0
0
0
0
0
0
0
0
0
0
0
0
0
0
0
0
0
0
0
0
0
0
0
0
0
0
0
0
0
0
0
0
0
0
0
0
0
0
0.0019817421066332767
0
0
0
0
0
0
0.0017738091095478312
0
0
0
0
0
0
0
0
0
0
0
0
0
0
0
0
0
0
0
0
0
0
0
0
0
0
0
0
0
0
0
0
0
0
0
0
0
0
0
0
0
0
0
0
0
0
0
0
0
0
0
0
0
0
0
0
0
0
0
0
0
0
0
0
0
0
0
0
0
0
0
0
0
0
0
0
0
0
0
0
0
0
0
0
0
0
0
0
0
0
0
0
0
0
0
0
0
0
0
0
0
0
0
0
0
0
0
0
0
0
0
0
0
0
0
0
0
0
0
0
0
0
0
0
0
0
0
0
0
0
0
0
0
0.0019897254925338175
0
0
0
0
0
0
0
0
0
0
0
0
0
0
0
0
0
0
0
0
0
0
0
0
0
0
0
0
0
0
0
0
0
0
0
0
0
0
0
0
0
0
0.0024719934772663476
0
0
0
0
0
0
0
0
0
0
0
0
0
0.0019739511103257887
0
0
0
0
0
0
0
0
0
0
0
0
0
0
0
0
0
0
0
0
0
0
0
0
0
0
0
0
0
0
0
0
0
0
0
0
0
0
0
0
0
0
0
0
0
0
0
0
0
0
0
0
0
0
0
0
0
0
0
0
0
0
0
0
0
0
0
0
0.0022478915760183863
0
0
0
0
0
0
0
0
0
0
0
0
0
0
0.00203289762076677
0
0
0
0
0
0
0
0
0
0
0
0
0
0
0
0
0
0
0
0
0
0
0
0
0
0
0
0
0
0
0
0
0
0
0
0
0
0
0
0
0
0
0
0
0
0
0
0
0
0
0
0
0
0
0
0
0
0
0
0
0
0
0
0
0
0
0
0
0
0
0
0
0
0
0
0
0
0
0
0
0
0
0
0
0
0
0
0
0
0
0
0
0
0
0
0
0
0
0
0
0
0
0
0
0
0
0
0
0
0
0
0
0
0
0
0
0
0
0
0
0
0
0
0
0
0
0
0
0
0
0
0
0
0
0
0
0
0
0
0
0
0
0
0
0
0
0
0
0
0
0
0
0
0
0
0
0
0
0
0
0
0
0
0
0
0
0
0
0
0
0
0
0
0
0
0
0
0
0
0
0
0
0
0
0
0
0
0
0
0
0
0
0
0
0
0
0
0
0
0
0
0
0
0
0
0
0
0
0
0
0
0
0
0
0
0
0
0
0
0
0
0
0
0
0
0
0
0
0
0
0
0
0
0
0
0
0
0
0
0
0
0
0
0
0
0
0
0
0
0
0
0
0
0
0
0
0
0
0
0
0
0
0
0
0
0
0
0
0
0
0
0
0
0
0
0
0
0
0
0
0
0
0
0
0
0
0
0
0
0
0
0
0
0
0
0
0
0
0
0
0
0
0
0
0
0
0
0
0
0
0
0
0
0
0
0
0
0
0
0
0
0
0
0
0
0
0
0
0
0
0
0
0
0
0
0
0
0
0
0
0
0
0
0
0
0
0
0
0
0
0
0
0
0
0
0
0
0
0
0
0
0
0
0
0
0
0
0
0
0
0
0
0
0
0
0
0
0
0
0
0
0
0
0
0
0
0
0
0
0
0
0
0
0
0
0
0
0
0
0
0
0
0
0
0
0
0
0
0
0
0
0
0
0
0
0
0
0
0
0
0
0
0
0
0
0
0
0
0
0
0
0
0
0
0
0
0
0
0
0
0
0
0
0
0
0
0
0
0
0
0
0
0
0
0
0
0
0
0
0
0
0
0
0
0
0
0
0
0
0
0
0
0
0
0
0
0
0
0
0
0
0
0
0
0
0
0
0
0
0
0
0
0
0
0
0
0
0
0
0
0.002285972091911171
0
0
0
0
0
0
0
0
0
0
0
0
0
0
0
0
0
0
0
0
0
0
0
0
0
0
0
0
0
0
0
0
0
0
0
0
0
0
0
0
0
0
0
0
0
0
0
0
0
0
0
0
0
0
0
0
0
0
0
0
0
0
0
0
0
0
0
0
0
0
0
0
0
0
0
0
0
0
0
0
0
0
0
0
0
0
0
0
0
0
0
0
0
0
0
0
0
0
0
0
0
0
0
0
0
0
0
0
0
0
0
0
0
0
0
0
0
0
0
0
0
0
0
0
0
0
0
0
0
0
0
0
0
0
0
0
0
0
0
0
0
0
0
0
0
0
0
0
0
0
0
0
0
0
0
0
0
0
0
0
0
0
0
0
0
0
0
0
0
0
0
0
0.0023068380864593673
0
0
0
0
0
0
0
0
0
0
0
0
0
0
0
0
0
0
0
0
0
0
0
0
0
0
0
0
0
0
0
0
0
0
0
0
0
0
0
0
0
0
0
0
0
0
0
0
0
0
0
0
0
0
0
0
0
0
0
0
0
0
0
0
0
0
0
0
0
0
0
0
0
0
0.001958910691433163
0
0
0
0
0
0
0
0
0
0
0
0
0
0
0
0
0
0
0
0
0
0
0
0
0
0
0
0
0
0
0
0
0
0
0
0
0
0
0
0
0
0
0
0
0
0
0
0
0
0
0
0
0
0
0
0
0
0
0
0
0
0
0
0
0
0
0
0
0
0
0
0
0
0
0
0
0
0
0
0
0
0
0.0023531041206141276
0
0
0
0
0
0
0
0
0
0
0
0
0
0
0
0
0
0
0
0
0
0
0
0
0
0
0
0
0
0
0
0
0
0
0
0
0
0
0
0
0
0
0
0
0
0
0
0
0
0
0
0.011069136968908894
0
0
0
0
0
0
0
0
0
0
0
0
0
0
0
0
0
0
0
0
0
0
0
0
0
0
0
0
0
0
0
0
0
0
0
0
0
0
0
0
0
0
0
0
0
0
0
0
0
0
0
0
0
0
0
0
0
0
0
0.0023068380864593673
0
0
0
0
0
0
0
0
0
0
0
0
0
0
0
0
0
0
0
0
0
0
0
0
0
0
0
0
0
0
0
0
0
0
0
0
0
0
0
0
0
0
0
0
0
0
0
0
0
0
0
0
0
0
0
0
0
0
0
0
0
0
0
0
0
0
0
0
0
0
0
0
0
0
0
0
0
0
0
0
0
0
0
0
0
0
0
0
0.0019175807944044252
0
0
0
0
0
0
0
0
0
0
0
0
0
0
0
0
0
0
0
0.0022478915760183863
0
0
0
0
0
0
0
0
0
0
0
0
0
0
0
0
0
0
0
0
0
0
0.004532743005796843
0
0
0
0
0
0
0
0
0
0
0
0
0
0
0
0
0
0
0
0
0
0
0
0
0
0
0
0
0
0
0
0
0
0
0
0
0
0
0
0
0
0
0
0
0
0
0
0
0
0
0
0
0
0
0
0
0
0
0
0
0
0
0
0
0
0
0
0
0
0
0
0
0
0
0
0
0
0
0
0
0
0
0
0
0
0
0
0
0
0
0
0
0.002051921384110751
0.002230411064776784
0
0
0
0
0
0
0
0
0
0
0
0
0
0
0
0
0
0
0
0
0
0
0
0
0
0
0
0
0
0
0
0
0
0
0
0
0
0
0
0
0
0
0
0
0
0
0
0
0
0
0
0
0
0
0
0
0
0
0
0
0
0
0
0
0
0
0
0
0
0
0
0
0
0
0
0
0
0
0
0
0
0
0
0
0
0
0
0
0
0
0
0
0
0
0
0
0
0
0
0
0
0
0
0
0
0
0
0
0
0
0
0
0
0
0
0
0
0
0.001958910691433163
0
0
0
0
0
0
0
0
0
0
0
0
0
0
0
0
0
0
0
0
0
0
0
0
0
0
0
0
0
0
0
0
0
0
0
0
0
0
0
0
0
0
0
0
0
0
0
0
0
0
0
0
0
0
0
0
0.002093696919668464
0
0
0.0016839222160657606
0
0
0
0.02518861506968725
0
0
0
0
0
0
0
0
0
0
0
0
0
0
0
0
0
0
0
0
0
0
0
0
0
0
0
0
0
0
0
0
0
0
0
0
0
0
0
0
0
0
0
0
0
0
0
0
0
0
0
0
0
0
0
0
0
0
0
0
0
0
0
0
0
0
0
0
0
0
0
0
0
0
0
0
0
0
0
0
0
0
0
0
0
0
0
0
0
0
0
0
0
0
0
0
0
0
0
0
0
0
0
0
0
0
0
0
0
0
0
0
0
0
0
0
0
0
0
0
0
0
0
0
0
0
0
0
0
0
0
0
0
0
0
0
0
0
0
0
0
0
0
0
0
0
0
0
0
0
0
0
0
0
0
0
0
0
0
0
0
0
0
0
0
0
0
0
0
0
0
0
0
0
0
0
0
0
0
0
0
0
0
0
0.035745445699489196
0
0
0
0
0
0
0
0
0
0
0
0
0
0
0
0
0
0
0
0
0
0
0
0
0
0
0
0
0
0
0
0
0
0
0
0
0
0
0
0
0
0.002072134884589682
0
0
0
0
0
0
0
0
0
0
0
0
0
0
0
0
0
0
0
0
0
0
0
0
0
0
0
0
0
0
0
0
0
0
0
0
0
0
0
0
0
0
0
0
0
0
0
0
0
0
0
0
0
0
0
0
0
0
0
0
0
0
0
0
0
0
0
0
0
0
0
0
0
0
0
0
0
0
0
0
0
0
0
0
0
0
0
0
0
0
0
0
0
0
0
0
0
0
0
0
0
0
0
0
0
0
0
0
0
0
0
0
0
0
0
0
0
0
0
0
0
0
0
0
0
0
0
0
0
0
0
0
0
0
0
0
0
0
0.004460822129553568
0
0
0
0
0
0
0
0
0
0
0
0
0
0
0
0
0
0
0
0
0
0
0
0
0
0
0
0
0
0
0
0
0
0
0
0
0
0
0
0
0
0
0
0
0
0
0
0
0
0
0
0
0
0
0
0
0
0
0
0
0
0
0
0
0
0
0
0
0
0
0
0
0
0
0
0
0
0
0
0
0
0
0
0
0
0
0
0
0
0
0
0
0
0
0
0
0
0
0
0
0
0
0
0
0
0
0
0
0
0
0
0
0
0
0
0
0
0
0
0
0
0
0
0
0
0
0
0
0
0
0
0
0
0
0
0
0
0
0
0
0
0
0
0
0
0
0
0.002285972091911171
0
0
0
0
0
0
0
0
0
0
0
0
0
0
0
0
0
0
0
0
0
0
0
0
0
0
0
0
0
0
0
0
0
0
0
0
0
0
0
0
0
0
0
0
0
0
0
0
0
0
0
0
0
0
0
0
0
0
0
0
0
0
0.002213827393781779
0
0
0
0
0
0
0
0
0
0
0
0
0
0
0
0
0
0
0
0
0
0.0023531041206141276
0
0
0
0
0
0
0
0
0
0
0
0
0
0
0
0
0
0
0
0
0
0
0
0
0
0
0
0.002329144220144124
0
0
0
0
0
0
0
0
0
0
0.002230411064776784
0
0
0
0
0
0
0
0
0
0
0
0
0
0
0
0
0
0
0
0
0
0
0
0
0
0
0
0
0
0
0
0
0
0
0
0
0
0
0
0
0
0
0
0
0
0
0
0
0
0
0
0
0
0
0
0
0
0
0
0
0
0
0
0
0
0
0
0
0
0
0
0
0
0
0
0
0
0
0
0
0
0
0
0
0
0
0
0
0
0
0
0
0
0
0
0
0
0
0
0
0
0
0
0
0
0
0
0
0
0
0
0
0
0
0
0
0
0
0
0
0
0
0
0
0
0
0
0
0
0
0
0
0
0
0
0
0
0
0
0
0
0
0
0
0
0
0
0
0
0
0
0
0
0
0
0
0
0.002230411064776784
0
0
0
0
0
0
0
0
0
0
0
0
0
0
0
0
0
0
0
0
0
0
0
0
0
0
0
0
0
0
0
0
0
0
0
0
0
0
0
0
0
0
0
0.002230411064776784
0
0
0
0
0
0
0
0
0
0
0
0
0
0
0
0
0
0
0
0
0
0
0
0
0
0
0
0
0
0
0
0
0
0
0
0
0
0
0
0
0
0
0
0
0
0
0
0
0
0
0
0
0
0
0
0
0
0
0
0
0
0
0
0
0
0
0
0.007590698231017749
0
0
0
0
0
0
0
0
0
0
0
0
0
0
0
0
0
0
0
0
0
0
0
0
0
0
0
0
0
0
0
0
0
0
0
0
0
0
0
0
0
0
0
0
0
0
0
0
0
0
0
0
0
0
0
0
0
0
0
0
0
0
0
0
0
0
0
0
0
0
0
0
0
0
0
0
0
0
0
0
0
0
0
0
0
0
0
0
0
0
0.0021980530115737504
0
0
0
0
0
0
0
0
0
0
0
0
0
0
0
0
0
0
0
0
0
0
0
0
0
0
0
0
0
0
0
0
0
0
0
0
0
0
0
0
0
0
0
0
0
0
0
0
0
0
0
0
0
0
0
0
0
0
0
0
0
0
0
0
0
0
0
0
0
0
0
0
0
0
0
0
0
0
0
0
0
0
0
0
0
0
0
0
0
0
0
0
0
0
0
0
0
0
0
0
0
0
0
0
0
0
0
0
0
0
0
0
0
0
0
0
0
0
0
0
0
0
0
0
0
0
0
0
0
0
0
0
0
0
0
0
0
0
0
0
0
0
0
0
0
0
0
0
0
0
0
0
0
0
0
0
0
0
0
0
0
0
0
0
0
0
0
0
0
0
0
0
0
0
0
0
0
0
0
0
0
0
0
0
0
0
0
0
0
0
0
0
0
0
0
0
0
0
0
0
0
0
0
0
0
0
0
0
0
0
0
0
0
0
0
0
0
0
0
0
0
0
0
0
0
0
0
0
0
0
0
0
0
0
0
0
0
0
0
0
0
0
0
0
0
0
0
0
0
0
0
0
0
0
0
0
0
0
0
0
0
0
0
0
0
0
0
0
0
0
0
0
0
0
0
0
0
0
0
0
0
0
0
0
0
0
0
0
0
0
0
0
0
0
0
0
0
0
0
0
0
0
0
0
0
0
0
0
0
0
0
0
0
0
0
0
0
0
0
0
0
0
0
0
0
0
0
0
0
0
0
0
0
0
0
0
0
0
0
0
0
0
0
0
0
0
0.004571944183822342
0
0
0
0
0
0
0
0
0
0
0
0
0
0
0
0
0
0
0
0
0
0
0
0
0
0
0
0
0
0
0
0
0
0
0
0.0018867659933037705
0
0
0
0
0
0
0
0
0
0
0
0
0
0
0
0
0
0
0
0
0
0
0
0
0
0
0
0
0
0
0
0
0
0
0
0
0
0
0
0
0
0
0
0
0.008241461807561887
0
0
0
0
0
0
0
0
0
0
0
0
0
0
0
0
0
0
0
0
0
0
0
0
0
0
0
0
0
0
0
0.010499095254466961
0
0
0
0
0
0
0
0
0
0
0
0
0
0
0
0
0
0
0
0
0
0
0
0
0
0.006939235160740804
0
0
0
0
0
0
0
0
0
0
0
0
0
0
0
0
0
0
0
0
0
0
0
0
0
0
0
0
0
0
0
0
0
0
0
0.0022478915760183863
0
0
0
0
0.002141682695652387
0
0
0
0
0
0
0
0
0
0
0
0
0
0
0.0036084193504556856
0
0
0
0
0
0
0
0
0
0
0
0
0
0
0
0
0
0
0
0
0
0
0
0
0
0
0
0
0
0
0
0
0
0
0
0
0
0
0
0
0
0
0
0
0
0
0
0
0
0
0
0
0
0
0
0
0
0
0
0
0
0
0
0
0
0
0.002093696919668464
0
0
0
0
0
0
0
0
0
0
0
0
0
0
0
0
0
0
0
0
0
0
0
0
0
0
0
0
0
0
0
0
0
0
0
0
0
0
0
0
0
0
0
0
0
0
0
0
0
0
0
0
0
0
0
0
0
0
0
0
0
0
0
0
0
0
0
0
0
0
0
0
0
0
0
0
0
0
0
0
0
0
0
0
0
0
0
0
0
0
0
0
0
0
0
0
0
0
0
0
0
0
0
0
0
0
0
0
0.0018809404176482003
0
0
0.0019897254925338175
0
0
0
0
0
0
0
0
0
0
0
0
0
0
0
0
0
0
0
0
0
0
0
0
0
0
0
0
0
0
0
0
0
0
0
0
0
0
0
0
0
0
0
0
0
0
0
0
0
0
0
0
0
0
0
0
0
0
0
0
0
0
0
0
0
0
0
0
0
0
0
0
0
0
0
0
0
0
0
0
0
0
0
0
0
0
0
0
0
0
0
0
0
0
0
0
0
0
0
0
0
0
0
0
0
0
0
0
0
0
0
0
0
0
0
0
0
0
0
0
0
0
0
0
0
0
0
0
0
0
0
0
0
0
0
0
0
0
0
0
0
0
0
0
0
0
0
0
0
0
0
0
0
0
0
0
0
0
0
0
0
0
0
0
0
0.0020827361852114056
0
0
0
0
0
0
0
0
0
0
0
0
0
0.0021168003674480133
0
0
0
0
0
0
0
0
0
0
0
0
0
0
0
0
0
0
0
0
0
0
0
0
0.0022663715028984214
0
0
0
0
0
0
0
0
0
0
0
0
0
0
0
0
0
0
0
0
0
0
0
0
0
0
0
0
0
0
0.06862864920723515
0
0
0
0
0.002230411064776784
0
0
0
0
0
0
0
0
0
0
0
0
0
0
0
0
0
0
0
0
0
0
0
0
0
0
0
0
0
0
0
0
0
0
0
0
0
0
0
0
0
0
0
0
0
0
0
0
0
0
0
0.0022663715028984214
0
0
0
0
0
0
0
0
0
0
0
0
0
0
0
0
0
0
0
0
0
0
0
0
0
0
0
0
0
0
0
0
0
0
0
0
0
0
0
0
0
0
0
0
0
0
0
0
0
0
0
0
0
0
0
0
0
0
0
0
0
0
0
0
0
0
0
0
0
0
0
0
0
0
0
0
0
0
0
0
0
0
0
0
0
0
0
0
0
0
0
0
0
0
0
0
0
0
0
0
0
0
0
0
0
0
0
0
0
0
0
0
0
0
0
0
0
0
0
0
0
0
0
0
0
0
0
0
0.002437929295029741
0
0
0
0
0
0
0
0
0
0
0
0
0
0
0
0
0
0
0
0
0
0
0
0
0
0
0
0
0
0
0
0
0
0
0
0
0
0
0
0
0
0
0
0
0
0
0
0
0
0
0
0
0
0
0
0
0
0
0
0
0
0
0
0
0
0
0
0
0
0
0
0
0
0
0
0
0
0
0
0
0
0
0
0
0
0
0
0
0
0
0
0
0
0
0
0
0
0
0
0
0
0
0
0
0
0
0
0
0
0
0
0.005969176477601451
0
0
0
0
0
0
0
0
0
0
0
0
0
0
0
0
0
0
0
0
0
0
0
0
0
0
0
0
0
0
0
0
0
0
0
0
0
0
0
0
0
0
0
0
0
0
0
0
0
0
0
0
0
0
0
0
0
0
0
0
0
0
0
0
0
0
0
0
0
0
0
0
0
0
0
0
0
0
0
0
0
0
0
0
0
0
0
0
0
0
0
0
0
0
0
0
0
0
0
0
0
0
0
0
0
0
0
0
0
0
0
0
0
0
0
0
0
0
0
0
0
0
0
0
0
0
0
0
0
0
0
0
0
0
0
0
0
0
0
0
0
0
0
0
0
0
0
0
0
0
0
0
0
0
0
0
0
0
0
0
0
0
0
0
0
0
0
0
0
0
0
0
0
0
0
0
0
0
0
0
0
0
0
0
0
0
0
0
0
0
0
0
0
0
0
0
0
0
0
0
0
0
0
0
0
0
0
0
0
0
0
0
0
0
0
0
0
0
0
0
0
0
0
0
0
0
0
0
0
0
0
0
0
0
0
0
0
0.002129002219366166
0
0
0
0
0
0
0
0
0
0
0
0
0
0
0
0
0
0
0
0
0
0
0
0
0
0
0
0
0
0
0
0
0
0
0
0
0
0
0
0
0
0
0
0
0
0
0
0
0
0
0
0
0
0
0
0
0
0
0
0
0
0
0
0
0
0
0
0
0
0
0
0
0
0
0
0
0
0
0
0
0
0
0
0
0
0
0
0
0
0
0
0
0
0
0
0
0
0
0
0
0
0
0
0
0
0
0
0
0
0
0
0
0
0
0
0
0
0
0
0
0
0
0
0
0
0
0
0
0
0
0
0
0
0
0
0
0
0
0
0
0
0
0
0
0
0
0
0
0
0
0
0
0
0
0
0
0
0
0
0
0
0
0
0
0
0
0
0
0
0
0
0
0
0
0
0
0
0
0
0
0
0
0
0
0
0
0
0
0
0
0
0
0
0
0
0
0
0
0
0
0
0
0
0
0
0
0
0
0
0
0
0
0
0
0
0
0
0
0
0
0
0
0
0
0
0
0
0
0
0
0
0
0
0
0
0
0
0
0
0
0
0
0
0
0
0
0
0
0
0
0
0
0
0
0
0
0
0
0
0
0
0
0
0
0
0
0
0
0
0
0
0
0
0
0
0
0
0
0
0
0
0
0
0
0
0
0
0
0
0
0
0
0
0
0
0
0
0
0
0
0
0
0
0
0
0
0
0
0
0
0
0
0
0
0
0
0
0
0
0
0
0
0
0
0
0
0
0
0
0
0
0
0
0
0
0
0
0
0
0
0
0
0
0
0
0
0
0.0021686408621376927
0
0
0
0
0
0
0
0
0
0
0
0
0
0
0
0
0
0
0
0
0
0
0
0
0
0
0
0
0
0
0
0
0
0
0
0
0
0
0
0
0
0
0
0
0
0
0
0
0
0
0
0
0
0
0
0
0
0
0
0
0
0
0
0
0
0
0
0
0
0
0
0
0
0
0
0
0
0
0
0
0
0
0
0
0
0
0
0
0
0
0
0
0
0
0
0
0
0
0
0
0
0
0
0
0
0
0
0
0
0
0
0
0
0
0
0
0
0
0
0
0
0
0
0
0
0
0
0
0
0
0
0
0
0
0
0
0
0
0
0
0
0
0
0
0
0
0
0
0
0
0
0
0
0
0
0
0
0
0
0
0
0
0
0
0
0
0
0
0
0
0
0
0
0
0
0
0
0
0
0
0
0
0
0
0
0
0.006594159034721251
0
0
0
0
0
0
0
0
0
0
0
0
0
0
0
0
0
0
0
0
0
0
0
0
0
0
0
0
0
0
0
0
0
0
0
0
0
0
0
0
0
0
0
0
0
0
0
0
0
0
0
0
0
0
0
0
0
0
0
0
0
0
0
0
0
0
0
0
0
0
0
0
0
0
0
0
0
0
0
0
0
0
0
0
0
0
0
0
0
0
0
0
0
0
0
0
0
0
0.002285972091911171
0
0
0
0
0
0
0
0
0
0
0
0
0
0
0
0
0
0
0
0
0
0
0
0
0
0
0
0
0
0
0
0
0
0
0
0
0
0
0
0
0
0
0
0
0
0
0
0
0
0
0
0
0
0
0
0
0
0
0
0
0
0
0
0
0
0
0
0
0
0.004571944183822342
0
0
0
0
0
0
0
0
0
0
0
0
0
0
0
0
0
0
0
0
0
0
0
0
0
0
0
0
0
0
0
0
0
0
0
0
0
0
0
0
0
0
0
0
0
0
0.0022663715028984214
0
0
0
0
0
0
0
0
0
0
0
0
0
0
0
0
0
0
0
0
0
0
0
0
0
0
0
0
0
0.04445280771640827
0
0
0
0
0
0
0
0
0
0
0
0
0
0
0
0
0
0
0
0
0
0
0
0
0
0
0
0
0
0
0
0
0
0
0
0
0
0
0
0
0
0
0
0
0
0
0
0
0
0
0
0
0
0
0
0
0
0
0
0
0
0
0
0
0
0
0
0
0
0
0
0
0
0
0
0
0
0
0
0
0
0
0
0
0
0
0
0
0
0
0
0
0
0
0
0
0
0
0
0
0
0
0
0
0
0
0
0
0
0
0
0
0
0
0
0
0
0
0
0
0
0
0
0
0
0
0
0
0
0
0
0
0
0
0
0
0
0
0
0
0
0
0
0
0
0
0
0
0
0
0
0
0
0
0
0
0
0
0
0
0
0
0
0
0
0
0
0
0
0
0
0
0
0
0
0
0
0
0
0
0
0
0
0
0
0
0
0
0
0
0
0
0
0
0
0
0
0
0
0
0
0
0
0
0
0
0
0
0
0
0
0
0
0
0
0
0
0
0
0
0
0
0
0
0
0
0
0
0
0
0
0
0
0
0
0
0
0
0
0
0
0
0
0
0
0
0
0
0
0
0
0
0
0
0
0
0
0
0
0
0
0
0
0
0
0
0
0
0
0
0
0
0
0
0
0
0
0
0
0
0
0
0
0
0
0
0
0
0
0
0
0
0
0
0
0
0
0
0
0
0
0
0
0
0
0.007136948353766278
0
0
0
0
0
0
0
0
0
0
0
0
0
0
0
0
0
0
0
0
0
0
0
0
0
0
0
0
0
0
0
0
0
0
0
0
0
0
0
0
0
0
0
0
0
0
0
0
0
0
0
0
0
0
0
0
0
0
0
0
0
0
0
0
0
0
0
0
0
0
0
0
0
0
0
0
0
0
0
0
0
0
0
0
0
0
0
0
0
0
0
0
0
0
0
0
0.0022478915760183863
0
0
0
0
0
0
0
0
0
0
0
0
0
0
0
0
0
0
0
0
0
0
0
0
0
0
0
0
0
0
0
0
0
0
0
0
0.002407114493929086
0
0
0
0
0
0
0
0
0
0
0
0
0
0
0
0
0
0
0
0
0
0
0
0
0
0
0
0
0
0
0
0
0
0
0
0
0
0
0
0
0
0
0
0
0
0
0
0
0
0
0
0
0
0
0
0
0
0
0
0.0023789827845887594
0
0
0
0
0
0
0.006641482181345336
0
0.010074656466014886
0.007313787885089221
0
0.0021980530115737504
0
0
0
0
0
0
0
0.03955189563626156
0
0
0
0
0
0.02928234315905472
0
0
0.002285972091911171
0.005020147986318266
0
0.010843204310688463
0.010040295972636532
0.006799114508695264
0.050889358567524294
0.02928234315905472
0
0
0
0
0
0
0
0
0
0
0
0
0
0
0
0
0
0
0
0
0
0
0
0
0
0
0
0
0
0
0
0
0
0
0
0
0
0
0
0
0
0
0
0
0
0
0
0
0
0
0
0
0
0
0
0
0
0
0
0
0
0
0
0
0
0
0
0
0
0
0
0
0
0
0
0.004706208241228255
0
0
0
0
0
0
0
0
0
0
0
0
0
0
0
0
0
0
0
0
0
0
0
0
0
0
0.002437929295029741
0
0
0
0
0
0
0
0
0
0
0
0
0
0
0
0
0
0
0
0
0
0
0
0
0
0
0
0
0
0
0
0
0
0
0
0
0
0
0
0
0
0
0
0
0
0
0
0
0
0
0
0
0
0
0
0
0
0
0
0
0
0
0
0
0
0
0
0
0
0
0
0
0
0
0
0
0
0
0
0
0
0
0
0
0
0
0
0
0
0
0
0
0
0
0
0
0
0
0
0
0
0
0
0
0
0
0
0
0
0
0
0
0
0
0
0
0
0
0
0
0
0
0
0
0
0
0
0
0
0
0
0
0
0
0
0
0
0
0
0
0
0
0
0
0
0
0
0
0
0
0
0
0
0
0
0
0
0
0
0
0
0
0
0
0
0
0
0
0
0
0
0
0
0
0
0
0
0
0
0
0
0
0
0
0
0
0
0
0
0
0
0
0
0
0
0
0
0
0
0
0
0
0
0
0
0
0
0
0
0
0
0
0
0
0
0
0
0
0
0
0
0
0
0
0
0
0
0
0
0
0
0
0
0
0
0
0
0
0
0
0
0
0
0
0
0
0
0
0
0
0
0
0
0
0
0
0
0
0
0
0
0
0
0
0
0
0
0
0
0
0
0
0
0
0
0
0
0
0
0
0
0
0
0
0
0
0
0
0
0
0
0
0
0
0
0
0
0
0
0
0
0
0
0
0
0
0
0
0
0
0
0
0
0
0
0
0
0
0
0
0
0
0
0
0
0
0
0
0
0
0
0
0
0
0
0
0
0
0
0
0
0
0
0
0
0
0
0
0
0
0
0
0
0
0
0
0
0
0
0
0
0
0
0
0
0
0
0
0
0
0
0
0
0
0
0
0
0
0
0
0
0
0
0
0
0
0
0
0
0
0
0
0
0
0
0
0
0
0
0
0
0
0
0
0
0
0
0
0
0
0
0
0
0
0
0
0
0
0
0
0
0
0
0
0
0
0
0
0
0
0
0
0
0
0
0
0
0
0
0
0
0
0
0
0
0
0
0
0
0
0
0
0
0
0
0
0
0
0
0
0
0
0
0
0
0
0
0
0
0
0
0
0
0
0
0
0
0
0
0
0
0
0
0
0
0
0
0
0
0
0
0
0
0
0
0
0
0
0
0
0
0
0
0
0
0
0
0
0
0
0
0
0
0
0
0
0
0
0
0
0
0
0
0
0
0
0
0
0
0
0
0
0
0
0
0
0
0
0
0
0
0
0
0
0
0
0
0
0
0
0
0
0
0
0
0
0
0
0
0
0
0
0
0
0
0
0
0
0
0
0
0
0
0
0
0
0
0
0
0
0
0
0
0
0
0
0
0
0
0
0
0
0
0
0
0
0
0
0
0
0
0
0
0
0
0
0
0
0
0
0
0
0
0
0
0
0
0
0
0
0
0
0
0
0
0
0
0
0
0
0
0
0
0
0
0
0
0
0
0
0
0
