0
0
-2.019812717078075e-08
0
0.0021858717787318145
0
0.004624233008127529
0.001053248775302693
0.0011096724124906943
0
0.006236029603050642
0.00502683478529875
0
0.00067114515235671
0
0
0.0018533132165601948
0
0
0
0
0
0.024524118791013506
0.002917578079933568
0.001323163209826718
0.006975630394361288
0.004649375853836778
0
0
0.0025153328003233275
0
0.008948834305935625
0.0026915621869315963
0
0.0017411464607635283
0.0016219249039212324
0
0
0.0005442279258032522
0
0
0
0
0.015031838824438863
0
0
0
0
0.007483512281349411
0.0022793042754949413
0.0007627339656279742
0
0
0.002232626068483663
0.0029868805224568494
0
0.0009831282692639525
0.0006637649092438917
0.0021847273811580205
0
0
0.0007410556515409217
0.0006895786844335744
0.0016559486214497397
0.0013436707070905178
0.0005835475406281458
0.0006533980635960673
0
0.002187271658344802
0.005416746386195134
0.0026562517220623657
0
0
0.009752837649081825
0
0
0
0
0.0009432018406416926
0.0011355579752069104
0.0008303169520040924
0.0009138900551639862
0
0
0.00848196762740916
0
0.0070251598301561725
0
0
0
0
0
0.001936229896391429
0.011439117004653856
0.004400515584481427
0
0
0.002236531024141039
0.0007712878914535701
0
0.0029033918453665857
0
0.00228998415178216
0.0007146988000467506
0
0.001761610778475632
0
0.0008392764353615882
0
0.0004650197503321887
0
0
0
0
0
0
0
0
0
0
0
0
0
0
0
0
0.000733820901660742
0.0009320133066955178
0
0.005543336984461883
0
0.0026529562210388952
0
0
0
0
0
0.0008210016093153163
0.0013677597523213607
0
0
0
0
0
0.0006714899397923784
0
0
0
0
0
0
0
0
0
0
0.002809020672138876
0
0
0.0010017854010301675
0
0
0.0006478322940010658
0.00063861288588815
0
0
0.0005376284430564372
0
0
0
0
0
0.0004964993479475708
0
0.0027885585273662882
0
0
0
0.0018577828441581276
0
0
0
0
0
0.003629487349658553
0
0
0
0
0
0
0
0.003336699600208813
0.0014157836028028455
0
0
0.011138158045420598
0.0008385252550809102
0
0.002037766661478217
0
0.0003195634440731802
0.0013471437945836808
0.0006610819461474795
0.007688280518494867
0
0.003329017237472083
0
0
0
0.0035167910395384845
0
0
0.002960970596326711
0.0009151288231847495
0
0
0.000977903287938264
0.00854477040680152
0.001198333013886444
0.0005895074665771306
0.0007947922162527826
0
0
0
0
0
0.0008770501133123646
0
0
0
0
0
0.0014124491401255109
0.001997135758014764
0
0.0034088672651162635
0
0
0
0
0
0
0
0
0.0007482444313276482
0
0
0
0
0
0
0
0.004855506838700266
0
0.001482289330258398
0
0
0
0.0007839491587590076
0
0
0
0.0018428933746936365
0
0.001720852028399626
0.0014724618987376195
0
0.0008821246844351088
0
0
0.0011551161243978122
0
0
0
0.0021453278086568787
0
0
0.0012497897114900135
0.0025293983393595574
0.0015556294975072828
0.012046905820948223
0
0
0.0013219968211520235
0.0009566297864895637
0.0005337425192566071
0.0007099929301686
0.0008417950181244748
0.0031449506859739253
0
0
0
0
0
0
0
0.0009130674554098159
0.0013845084180768626
0
0.0006940991439541488
0
0.0008050254054641706
0
0.0007712878914535701
0
0.0005798886233012024
0
0
0
0
0.004621734077507504
0
0
0
0.000750322596479234
0
0
0.0014965535438621206
0.0019066854858336075
0
0
0
0.0007078918014014228
0.0007107479495094205
0
0
0
0
0
0
0.003943646073177737
0
0.0004543712741733523
0.0013604758957105223
0.0006673931877507782
0.0007005143590091463
0.0012330489012192694
0
0.002401490772163143
0.0008282242571019899
0
0
0
0
0
0.001431510885444125
0.001259827051080064
0
0
0
0
0.004394394864003252
0
0
0
0.0005693162426103015
0.0008779908212222535
0
0
0
0.003514701325320015
0
0.0012731830563164192
0
0
0
0.0020530139771005687
0
0
0
0
0
0.0013086834781494
0
0.008416062319433683
0
0
0
0
0
0
0
0.0006397776688177341
0
0
0
0
0.0028332406955540483
0
0
0.0008674420122819475
0.0010506963850512878
0
0.0009233410507350212
0
0
0
0
0
0
0.0021351056116260107
0
0.0015126475028434988
0
0
0.004613679231548105
0
0
0.00156530518664001
0
0
0
0.0010569296219999865
0
0
0
0
0
0
0
0
0
0.0007295583272331812
0
0
0
0
0.001223191729709834
0
0
0.004265558212444401
0.00022794182648566577
0
0
0.0005036439534931923
0
0
0
0
0.002481430891984091
0
0.0009138900551639862
0
0
0.0004595077638569554
0.001608660314178727
0
0.0018454716926192421
0
0
0
0.0020180096837993725
0.0030332826566749943
0.0009176308358444778
0
0
0.0033546579182686135
0
0
0
0.0005013734761454233
0.008997947410342018
0
0
0
0
0
0.0013620873619319227
0
0
0
0
0
0
0.001919333006453202
0
0
0.0006259783357059571
0
0
0
0
0.0005752557199214457
0.0006195681707806269
0.0015666534704577495
0.0010808551662219738
0.002908923512473701
0
0.002482486549162146
0.002049345163060477
0
0
0
0
0
0.0011564746694861135
0
0
0
0
0
0
0
0
0.0004244623715774449
0.0007104159564135346
0.0013080533198654566
0
0
0
0.0018881540079983506
0
0
0.001224693532900528
0.007513702587365016
0.0020075117745020714
0.0010895176497015913
0
0
0.0006436132571166083
0.003271980876488006
0
0
0
0
0
0.0005476155954840836
0
0
0.00392721265058806
0.0011358198965303085
0.006741136110539635
0.008864063227589848
0.0012428311701545589
0.00015113300675018994
0.014046362613587769
0.007379410534646096
0.0033638559205321802
0.002739700731281907
0.00047504520718872256
0.0007546909096407079
0.0007810024097487583
0
0.002928448488995264
0.0006454099654638097
0
0
0.0005822481035529289
0.006419001690392805
0.00391243050286272
0
0
0
0.0011551161243978122
0
0
0.0005037867625263208
0
0.0007461887332663788
0.0007790259007379501
0.003152089155153863
0.0018365810354194973
0
0
0.0013189106608453836
0
0
0.001185050863258568
0.0030719332265525204
0
0
0
0.0014430049849080814
0.002994501514698269
0
0
0.0007595713633326594
0.001460054510520819
0.0023238299450172683
0
0
0.000357612611218857
0.0025472083268477715
0
0
0
0
0
0.0009258679732368916
0
0.0004916129920823332
0.0009030899794094449
0
0
0
0.001989560571276751
0.0006219467312848498
0.0012375637668710832
0
0
0
0.0013169719968135643
0
0
0.0006861931311661269
0.0005965889537290416
0
0.001770346684593151
0
0
0
0.0005496048218095007
0.0025442693721323567
0.002474082034093437
0.002722724578763574
0
0.0005052207830383547
0
0.0009640835457615417
0.0008444329534882821
0
0
0.0007542503220988488
0.00037822919096725395
0
0
0
0.0005740115482939621
0
0
0
0
0
0.0004174395050542118
0
0
0
0
0.00604495681975624
0
0.002259233734032564
0
0.008130570540170065
0
0.00123137565554945
0.0009375159033817407
0
0.0030886926628363328
0.002288799766536543
0
0
0.0012842577213475618
0.0005258798914150601
0.0006146423954750473
0.0008558216677231835
0
0
0.0011998100299986335
0
0
0
0.0016185022795667553
0.000461213158415381
0.0005669117820955129
0.003608792758580296
0
0
0
0
0
0
0.0003879981629736378
0
0
0
0
0
0.0049060222454191975
0
0.0016178628148913832
0
0.0010456776235249852
0
0
0
0.0011736710451696062
0
0
0.0014138924063122594
0.0008140499293601257
0
0.001186716336819009
0
0.000897344822802391
0
0
0.0005095888974471174
0
0
0.002627871328973807
0
0
0
0
0.0009247172902490473
0.0003706322997309514
0
0
0
0
0
0
0
0.0007033494520622527
0
0
0
0
0
0
0
0
0
0
0.0031959719274050214
0
0
0
0
0
0.0019630252172241
0.001322817891488542
0
0
0
0.0038760759647865997
0.0017532563751674443
0
0
0.0012600387701836415
0
0
0
0.0005146638512893678
0.0006721813958949424
0.0016180291932025054
0.0004991297897162247
0.0005935871271592298
0
0
0
0
0
0
0.0005388270526359377
0
0.0011640647828538664
0
0
0.0007160026923696517
0
0
0
0.000611595864854917
0
0
0
0
0
0
0.0009320133066955178
0.04174810259397774
0
0
0
0
0
0
0.0021599066681645225
0
0
0
0.004024805933826239
0
0.0006543417390747
0.0016543217186463144
0
0
0
0.00566570776846978
0.0007029418415767514
0
0
0
0
0
0
0
0
0.0004749449633208146
0
0.006783612870095291
0
0
0
0
0
0
0
0
0
0
0.0011087820864205042
0
0
0.003005950042662453
0
0
0.0005951976044578747
0.002144096400140252
0
0
0
0
0
0
0
0
0
0
0
0.0007253892151151046
0
0.005978745941515581
0
0.002003570802060335
0.00032545535119162964
0
0
0.002005493904581693
0
0
0
0
0.0005017971307254409
0.0006118478863877309
0
0.004123373798609605
0.0008748267188258158
0
0
0
0
0
0
0.0007431462648605144
0.0006854489023543496
0
0
0
0
0.0008434927992129519
0.0004514197599543256
0
0
0.0007195240933522031
0
0
0.0005713434496432191
0
0
0
0
0
0
0
0
0
0.002815829148962253
0
0.0007099929301686
0
0.007599126675382922
0
0
0
0.004543385904425417
0.0008874216904254047
0
0
0.001833667628742199
0
0
0
0
0
0
0.0007025351029860022
0
0
0
0.0036175548920084144
0
0
0
0
0
0
0
0
0
0
0
0
0.0017067401454804849
0.0011395612855696852
0
0.0008513261813080777
0
0
0
0
0
0
0
0
0.0008980964824535146
0
0
0.003750320329944398
0
0
0
0
0.0004994088069616991
0.0006146423954750473
0
0.0008452058758325309
0
0
0
0
0
0.0007948545203242226
0
0
0
0
0
0
0.002348227024557351
0
0
0
0
0
0.016280354946685786
0.0011655311534163766
0
0
0
0
0
0
0
0
0
0
0.0007376917776958712
0
0
0
0
0
0
0
0
0
0.0037226396745714888
0
0
0
0
0
0
0.00043923589942298347
0.001877857244374445
0
0
0
0
0
0
0
0
0
0
0
0
0.0013727798843621256
0
0.009659242149773355
0
0
0
0
0
0
0.0013591953294598863
0.0012249292680849737
0
0.0008567336609278789
0
0
0
0
0
0
0.0009629163166779812
0
0
0
0
0
0
0.0006015714972212911
0
0.0008099646498838817
0.0005263618947623102
0
0.0006206216372905366
0.001001620135355818
0
0
0
0
0
0
0
0
0
0.0007041673037259513
0.001729524257797912
0
0
0.0011799129275203689
0
0
0
0.0006495708286402218
0
0
0.0020186261266965494
0.0007436499743436057
0
0
0
0
0
0
0
0
0
0
0
0
0
0
0
0
0
0.002257271175739234
0
0
0.0018714525435409657
0
0
0.0005327417263217765
0.0009461049538059422
0
0
0
0.001431502570943154
0
0
0
0
0
0.0006820133529449861
0.0009240338050604101
0
0.0007249315729720041
0.0006126059613532798
0
0
0
0.0005721604228384093
0.003008897402421279
0
0.001458199652464537
0
0.0004851576712961727
0.001634501980620449
0
0
0
0
0
0.002208692848106429
0
0
0.0007766112623395611
0
0
0
0
0
0
0
0
0
0
0
0
0
0
0
0
0
0
0
0
0
0
0
0
0
0
0.0006770932982743918
0
0
0.0007058136362498369
0
0
0
0
0.0013746299292374405
0
0.0012610948522074042
0
0
0
0
0
0
0
0
0
0
0
0
0
0.0015147993373679845
0
0
0
0
0
0
0.006122873684740428
0
0
0
0
0
0.0007666779634045126
0.00110396574763316
0
0
0
0
0.0006858206526558906
0
0
0
0
0
0.0012011294690825007
0
0.0007314410180456383
0.0009457389336262729
0
0
0
0
0
0.002624845058449167
0.0007001127744487463
0
0
0
0
0
0
0
0
0.0014923774665327575
0
0
0
0.000733820901660742
0
0
0
0.0008135729216958242
0.0014003266074979611
0
0
0
0.00033304297222284897
0
0
0
0
0
0
0.0019398518174859292
0
0
0
0
0
0
0
0
0.0007968456402837769
0
0.0023761834935430866
0
0
0
0
0.008064426645846558
0.0009475733025593005
0
0
0
0.0026790888825027194
0
0
0
0
0
0
0
0.0007915816302536538
0.0016395220660349145
0.006707023719193233
0
0
0
0
0
0
0.0005545775564362632
0.0006098410052927147
0.0012391363415612537
0
0
0.000675324446275473
0
0
0
0
0.0006397776688177341
0.0006445094891858417
0.0007235652182161808
0
0.0005205009075945543
0
0.002391234965214535
0.0017473921820015863
0.0011326307756418226
0
0.0008567336609278789
0
0
0
0
0
0
0
0.0006792378723450719
0.0015144758239418776
0
0.0005468973690639
0
0.00120885772282587
0
0
0
0
0
0
0.0006873149646187203
0
0
0
0
0
0
0
0.002260449182042403
0
0
0.0018454716926192421
0
0.0009796068682814013
0
0
0
0
0
0.001172685896198706
0.00042778593067118126
0
0
0
0
0
0
0
0
0
0
0
0
0
0
0
0
0
0
0
0
0
0
0.004837720599918393
0
0
0
0
0
0
0.0007672481294049418
0
0
0
0
0
0
0
0.012693909826684
0.011017883842722846
0
0
0.0030544575201305723
0
0.0008287323576783378
0
0
0
0
0
0
0
0
0
0.0008578656130048244
0
0
0
0
0
0.0014862925297210287
0
0.0007689689576080065
0
0
0
0
0
0
0
0
0.0006973251820527232
0.0016420032186306326
0
0
0
0
0.002754408073228566
0
0
0
0
0
0
0
0
0
0
0
0
0
0
0
0
0
0.0010118486072393977
0
0.0013327652878181594
0.0015805761727253139
0
0.0012902969631059251
0
0
0
0
0
0
0
0
0
0
0
0
0
0
0
0
0
0
0
0
0
0
0
0.0017360660746493688
0
0
0
0
0
0
0.0020301518028250534
0
0
0
0
0
0
0
0
0
0.0006314903221811904
0.0028764982187480625
0
0.002697576899855039
0.0012386114271406572
0
0
0
0.0015691472527533034
0
0
0
0
0
0
0
0.0035615227629553783
0
0
0
0
0
0
0
0
0
0
0
0
0
0.001131637213236434
0
0
0
0
0
0.0005982251673045348
0.0017189923648536318
0.0009078144514738166
0
0
0.001912365583581589
0
0
0
0
0
0
0
0
0
0.000812845768921836
0
0
0
0.0008121213862603666
0
0
0.0009176308358444778
0
0
0
0
0
0
0
0.008473862856729929
0
0
0
0
0
0.0007421428312988404
0.0009831282692639525
0
0
0
0
0
0.0007975140072941294
0
0
0
0
0.0005917631302603062
0
0.0006284389767547752
0
0
0
0.0004982951860998026
0.000573598626918509
0
0
0
0
0
0
0
0
0.0007099929301686
0.0009883524955001646
0
0
0
0
0
0
0
0
0
0
0
0
0
0
0
0
0
0.0008567336609278789
0
0
0
0
0
0
0.0011580756758114098
0
0
0
0
0
0
0
0
0
0
0
0.0007712878914535701
0.00052460049066802
0
0
0
0
0.0006549734679569928
0
0
0
0
0.0040667024037802195
0
0.004792953025187502
0
0
0
0
0
0
0
0
0
0
0
0
0
0
0
0
0
0
0
0.0006172189961274731
0
0
0
0.0014002255488974925
0.0029950473888316884
0.0011670950812562916
0
0
0
0
0
0
0
0
0
0
0
0
0
0
0
0
0
0
0
0
0
0
0
0
0
0
0.0009066222831882878
0.0013341114854622453
0
0
0
0.001072144472928326
0.0008232880122373171
0
0
0
0
0.0017061368131598142
0
0
0
0
0
0
0.005181050335048548
0
0
0
0
0.0008739449192547151
0.0074234492868032005
0
0.000964520969396343
0
0
0.0008622994305228804
0
0
0
0
0
0
0.0012783887709620085
0
0
0
0.001649906237352224
0.004014736201562923
0
0.001053248775302693
0.0017026523626161554
0
0
0
0.0016526448439371393
0
0.0034070289439723928
0
0
0.005157120930523326
0.0019698274608895097
0
0
0.0006430181072765383
0
0
0.0006222128617952935
0
0
0
0
0
0
0
0
0
0
0
0
0
0
0
0
0
0
0
0
0
0
0
0
0
0.0007037579381885676
0
0.0008057232052148765
0
0
0
0
0
0
0
0
0
0.0007760123635179418
0
0
0
0
0
0
0.0005784022376971691
0
0
0
0
0
0
0
0
0
0
0
0
0
0
0
0
0
0
0
0
0
0
0
0.0015520247270358837
0
0
0
0
0
0
0
0
0
0
0
0
0
0
0
0
0
0
0
0
0.001283666733758007
0
0.0006565620337432369
0
0.0016819340348474335
0
0
0
0
0
0
0.0008165096629826607
0.0046497657659245436
0
0
0
0
0
0.0012117793794799929
0
0
0
0
0.00075561960246953
0
0
0
0
0
0.0008709660037300147
0
0
0
0.0007343004737148797
0
0
0
0
0
0
0
0
0
0
0
0
0
0
0.0006817708337399494
0.0005788257350184896
0
0
0
0.00545318130516565
0.0015818675167074926
0
0
0
0
0
0
0.0006167008753200601
0
0
0
0
0.004307974158457376
0
0
0
0
0
0.0008759571096579357
0.0009831282692639525
0
0.0008043301570893635
0
0.002366145423885778
0
0
0
0
0
0
0
0
0
0
0.0077902590073795006
0.001966256538527905
0.0008311142287221065
0.0008709660037300147
0.009235032748353769
0
0.0016315424292068514
0
0.0011436506951952724
0.0007870922091395383
0
0.011292145659861634
0
0
0
0
0
0
0
0
0.0008452058758325309
0
0.01434024575883253
0
0
0
0
0.0007864594291257191
0
0.0012396619815030494
0
0.0026135922543842694
0
0.0015390920904185818
0
0.0015265848202741302
0.0014734332924646006
0
0
0
0
0
0
0
0
0
0
0
0
0
0.0008106808474110687
0
0.0009188942970954129
0.0012691828645722777
0
0
0.0028117673663070057
0.0013986242815324634
0.0014862925297210287
0
0.0007177552413532844
0
0
0.0005438748148035921
0
0.0009505444601754026
0
0
0
0
0
0.0028471592347982973
0.015950828979066467
0
0.002003570802060335
0
0.0028783612972491934
0
0
0
0
0
0
0
0
0
0
0
0.001072144472928326
0
0
0
0
0
0
0
0
0
0
0
0.0010246725815302386
0
0
0.0009279817022744105
0.02263917911698283
0.004848476630414223
0
0.0009796068682814013
0.0057175149747936225
0
0.0011564746694861135
0
0
0
0
0.0007883641216991117
0
0
0
0
0
0.003314929430713351
0
0
0.001069327381126626
0
0
0
0
0
0
0
0
0
0.0006487486823707082
0.009213840122314989
0.0011702264591000374
0
0
0
0
0
0
0
0
0
0.0007724580503382207
0
0
0
0
0
0.0009201662096549864
0.0008409517785222945
0
0
0
0.0007054007148743838
0
0
0.004596657011632592
0
0
0
0
0
0
0
0
0
0.001760093038567046
0
0
0.0093734228361751
0
0
0
0
0.0007941954201195286
0
0
0
0
0
0
0
0
0
0
0
0
0
0
0
0
0
0
0
0.04230267562831883
0.0008513261813080777
0
0
0.0033471631047721916
0
0
0
0
0
0
0
0
0
0
0
0
0
0
0.0022898772304111954
0
0
0
0
0
0
0
0
0
0
0
0
0
0
0
0
0
0
0
0.0008939792443465246
0
0
0
0
0
0
0.0014489500592212328
0
0
0
0
0.0021676994394864042
0
0
0
0
0.0006588085603478695
0
0.0009138900551639862
0
0
0
0.004673746641342297
0
0
0.00123137565554945
0
0
0
0
0
0
0
0.001734130699289996
0.000959747073003288
0
0
0
0
0
0
0
0
0
0
0
0
0
0
0.001808520276588191
0
0
0
0
0
0
0
0
0
0
0
0
0.0015425757829071402
0
0
0
0
0
0.0008401122618443868
0
0.0029705755447336805
0
0
0
0
0
0
0
0
0
0
0
0
0
0
0
0.01589329417125489
0
0
0
0.0008576500492975211
0
0
0
0
0
0.004127023224788674
0
0
0
0
0
0
0.0008522168162790659
0
0
0
0.0008950944980929399
0
0
0
0.0007078918014014228
0
0
0
0
0
0
0
0
0
0
0
0
0
0
0.0012595977519781008
0
0
0
0
0
0
0
0
0
0
0
0
0
0
0
0
0
0
0.0011564746694861135
0
0
0
0
0
0
0
0
0
0
0
0
0
0
0
0
0
0
0
0.0007362309493688097
0
0
0
0
0
0
0
0
0
0
0
0
0
0
0
0
0
0
0
0
0
0.0017769980633135123
0
0
0
0
0
0
0
0
0
0
0
0.0007778147487536414
0
0
0
0
0
0
0
0
0.0010995735675935756
0.0029126337680001756
0
0
0
0
0
0
0
0
0
0.0016450456383557044
0
0
0
0
0
0
0
0
0
0
0
0
0
0
0
0
0
0
0
0.00236343060526998
0
0
0
0
0
0
0
0
0
0
0
0
0
0
0
0
0
0
0
0
0
0
0
0
0
0
0
0.011339505098374345
0
0
0
0
0
0
0
0
0
0
0.001093127180129099
0
0
0
0
0
0
0
0
0
0.005045710671133767
0
0
0.0009279817022744105
0.0008549140277245797
0
0
0
0
0
0.001889053252911513
0.0007661095019387654
0
0
0
0
0
0
0
0
0
0
0
0.0011750406458245649
0
0.0008939792443465246
0
0
0
0.0010291469107582656
0
0
0
0
0
0
0
0
0
0.0007638524995513562
0
0
0
0
0.004457665080095618
0
0.0009066222831882878
0
0
0
0
0
0.0008434927992129519
0
0
0
0
0
0
0
0
0
0
0
0.0006650435523279021
0.0005945057290359489
0
0
0
0
0
0
0.0006633828411720256
0
0
0
0
0
0
0
0.0029601483470413628
0.0009361322450452382
0
0.0066140894574427105
0
0
0
0
0
0
0
0
0
0
0
0
0
0
0.0010097929091781282
0
0
0
0
0
0
0
0
0
0
0
0
0
0
0
0
0
0
0.0004084041200907903
0
0
0
0
0
0
0
0
0
0.0007376917776958712
0.0006778054722105321
0
0
0
0
0
0
0
0
0
0
0
0
0.0017134673218557577
0
0
0
0
0
0
0.0008443474083758802
0
0.000879015892269007
0
0
0
0
0.001145550929026375
0
0
0
0
0.001877935007117871
0
0
0
0
0.0019592137365628025
0
0
0
0.001635990438244003
0
0
0.0007529526552638818
0
0
0
0
0.0015520247270358837
0
0
0
0
0
0
0
0.000741144665129199
0
0
0
0.0044401518978802335
0.004625898677944454
0
0
0
0
0
0
0
0.0009831282692639525
0
0
0
0
0
0
0
0
0
0
0
0
0
0
0
0
0
0
0
0
0
0
0
0
0
0
0
0
0.0008202455438314527
0
0
0
0
0.0008029472403125846
0
0
0
0
0
0
0.006070960901687102
0
0.002507908175045478
0.0015277049991027124
0
0
0
0
0
0
0
0
0
0
0
0
0
0
0
0
0
0.00418395388096524
0
0
0.0033024089689874924
0
0
0
0
0
0
0
0
0
0
0
0.0062130535769016225
0
0.0007421428312988404
0
0.010619819012198484
0
0
0
0
0.0009163757143325265
0
0
0
0
0
0.0031833545496176368
0.000861360415189056
0
0
0.0011655311534163766
0
0
0
0
0.000712974069685472
0.0010268965860488147
0
0
0.0010584586962359723
0
0
0
0
0
0
0
0
0
0
0.0008513261813080777
0
0
0
0
0
0
0
0
0
0
0
0
0.0007045775524690623
0
0
0
0
0
0
0
0
0
0
0
0.0007760123635179418
0
0
0.001980745926712834
0
0
0
0
0
0
0
0
0
0
0.0007190803353475975
0
0
0
0
0
0
0
0
0
0
0
0
0
0
0
0
0
0.0007095708429394094
0
0
0
0
0.0017264862120030262
0
0
0
0
0
0
0
0
0
0
0.0005756722594498387
0
0
0.005851132295500187
0
0
0
0
0.0019488882035466582
0
0.0008594961824268159
0
0.0007087294689176647
0.0018586321905000084
0
0
0.0008248276985336889
0.005015816350090956
0
0
0
0
0
0
0
0
0
0
0
0
0
0
0
0.0007742269023371396
0
0
0
0.0009446478568777108
0
0.0013036712087276811
0
0
0
0
0
0
0
0
0
0
0
0.004729738319316268
0.0010360622262499703
0
0
0
0
0
0
0
0
0
0
0.000678878759455194
0.006002580771833872
0.0008434927992129519
0
0
0.0009227358463096211
0
0
0
0
0
0
0
0
0
0
0
0.0019488882035466582
0
0
0
0
0
0
0
0
0
0
0.001995130656983706
0.0008271608593231572
0
0
0
0
0
0
0.0030531696405482604
0.0031914461839541775
0
0
0
0
0
0
0
0
0
0
0
0
0
0
0
0.003757438269531043
0
0
0
0
0
0
0
0
0
0
0
0
0
0
0
0
0
0
0
0
0.0011950444164187954
0
0
0
0
0
0.008282479207902699
0
0
0
0
0
0
0.0014581811055632014
0
0
0
0
0
0
0
0
0
0
0.0020134354570701296
0
0
0
0
0
0
0
0
0
0.0020864771157373804
0
0
0
0
0
0
0
0
0.005581565171209157
0
0
0
0
0.004782634744596092
0
0
0
0.0007599660824231429
0
0
0
0
0
0
0.0007482444313276482
0
0
0
0.002032055802316322
0
0.0005746326165173166
0
0
0
0
0.0011062461897292039
0
0
0
0
0
0
0
0
0
0
0
0
0
0
0
0
0
0
0
0
0
0
0
0.000869005674835004
0
0
0
0
0
0
0
0
0.0007534830606808011
0
0
0
0
0
0
0
0
0
0
0
0
0.0008495573293091591
0
0
0
0
0
0
0
0
0
0
0
0
0
0
0
0.0016719387833636521
0
0
0
0
0.0010360622262499703
0
0
0
0.0016802245236887737
0
0
0
0
0
0
0
0
0.0008594961824268159
0
0
0.0012449635931767835
0
0
0.0020963556045768025
0
0.0008576500492975211
0
0
0
0
0
0
0.004868398516114907
0.0019557406490696393
0
0
0
0
0
0
0.0009030899794094449
0
0
0
0
0
0
0
0
0
0
0
0
0
0.0012708920828981341
0.004098690326120954
0
0
0
0
0
0.0025674650031695502
0
0
0
0
0
0
0
0
0
0
0
0
0.0010314241861046653
0
0
0.0122392465053497
0
0
0
0
0
0
0
0
0
0.0030417803171729502
0.000750845706076475
0
0
0
0
0
0
0
0
0.0007112648427281733
0
0.0024524521156142334
0
0
0
0
0.002030214627182105
0
0.002971118890069251
0.0013457507511310332
0
0
0
0
0
0
0
0
0
0
0.0008015743085815547
0
0
0
0
0
0
0
0
0
0
0.0008779908212222535
0
0
0
0
0.002881658913292765
0
0
0
0
0
0
0.0010037558872510357
0
0
0
0
0
0.0012720358444740822
0
0
0
0
0
0.0006433154493522529
0
0
0
0
0.0011167158184006295
0
0
0
0
0
0
0.001093127180129099
0
0
0
0
0
0
0
0
0
0
0
0
0
0
0
0
0
0
0
0
0.004072610026840763
0
0
0
0
0
0
0
0
0
0
0
0
0
0.0011203378368396283
0
0
0
0
0
0
0
0
0
0
0
0
0
0
0
0
0
0
0
0
0
0
0
0
0.002233984242185181
0
0
0
0
0.0017153000985950422
0
0
0
0
0
0.0013220628721477218
0
0
0
0
0
0
0
0
0
0
0
0
0
0
0
0
0
0
0
0
0
0
0
0
0
0
0
0
0
0.0012011294690825007
0
0
0
0
0
0
0
0
0
0
0
0.001738011349670008
0
0.0007605164452347733
0
0
0
0
0
0
0
0
0
0
0
0
0
0
0
0
0
0
0
0
0
0
0
0
0
0
0
0
0
0
0
0
0
0
0
0
0
0
0
0
0
0
0.0013986242815324634
0
0
0
0
0
0
0
0
0
0
0
0
0
0
0
0
0
0
0
0
0
0
0
0.0030851515658142804
0
0
0
0
0.005801126503748364
0
0
0
0
0
0
0
0
0
0
0
0
0
0
0
0
0
0
0
0
0
0
0
0
0
0
0
0.002173784376298133
0
0
0
0
0
0.0009279817022744105
0
0
0.0008008915422513152
0
0
0
0.0012011294690825007
0
0
0
0
0
0
0
0.001185050863258568
0
0
0
0
0
0
0
0
0
0
0
0
0
0.005454084848253355
0
0
0
0
0.002058293821516531
0
0
0
0
0
0
0
0.0009558283755388936
0
0
0
0
0
0
0
0
0
0
0
0
0
0
0
0
0.002133102832448668
0
0
0.00120885772282587
0
0
0
0.0008680330373246844
0
0
0
0
0
0
0
0
0
0
0
0
0
0.0009566297864895637
0
0
0
0
0
0
0
0
0
0.0009403423849724512
0
0
0
0
0
0
0
0
0
0.0015741844182790767
0
0.002722023637534959
0
0
0
0
0
0
0
0
0
0.0011702264591000374
0.002150007857195135
0
0
0
0
0
0
0
0
0
0
0
0
0
0
0
0
0
0
0
0.0009163757143325265
0
0.001131637213236434
0.0008749483528163891
0
0.0009266566082800974
0
0
0.0011478299891140356
0.008449706773531735
0
0.007928840341033543
0
0
0
0
0
0
0.003330875525761873
0
0.0007352632616891233
0
0.0009677714796377008
0
0
0
0.0013837393572741369
0
0
0
0.0010868921881490665
0
0
0
0
0
0.0016481125939886122
0
0
0
0
0
0
0
0.001267360063162785
0.0007062274562579364
0
0
0
0
0
0.003308641833820013
0
0
0
0
0
0
0
0
0.0020537931720976295
0
0
0
0.003673906291709366
0
0
0
0
0
0
0
0
0
0
0
0
0
0
0
0
0
0.0019226501843464488
0
0
0
0.0026988662944463717
0
0
0
0.0036204180496603264
0
0.0009347493282684594
0
0
0
0
0
0.0019764256810436086
0
0
0
0
0
0.0010118486072393977
0
0
0
0
0
0
0
0
0
0
0
0
0
0
0
0
0
0.0010017854010301675
0
0
0
0
0
0
0
0
0.0017901889961858797
0
0
0
0
0
0
0
0
0
0
0
0.0009941015184787552
0
0.002510372328579144
0
0
0
0
0
0
0
0.000905437542790753
0
0
0
0
0.003198133282515525
0
0
0
0
0
0.001093127180129099
0
0
0
0.001069327381126626
0
0
0
0
0
0
0
0
0
0
0
0
0
0
0
0
0
0
0
0
0
0
0
0
0
0
0
0
0
0.0008709660037300147
0
0.005513365782572477
0
0
0.002437388552209883
0
0
0
0
0.001179979890244276
0
0
0
0
0
0
0
0
0
0
0
0
0
0
0
0
0
0
0
0
0
0.0007416430932485895
0
0
0
0
0
0
0
0
0
0
0
0
0
0
0
0
0
0
0
0
0
0
0
0
0
0
0
0
0
0
0
0.002287301390390545
0
0
0
0.000750845706076475
0
0
0
0
0
0
0
0.0068330464743222834
0.0016904117516650617
0
0
0
0
0.001482289330258398
0
0
0
0
0
0
0.0010838497197432021
0
0
0
0
0
0
0
0
0
0
0
0
0
0.0014489500592212328
0
0
0
0
0
0
0
0
0
0
0
0
0
0
0
0
0
0
0
0.0017835363407580353
0
0
0.0017924326630910665
0.0010314241861046653
0
0
0
0
0
0
0
0
0.000774820195232413
0.001072144472928326
0
0
0
0
0
0
0
0
0
0.0013117819782001506
0.0009188942970954129
0
0
0
0
0
0
0
0
0
0
0
0
0
0
0
0
0
0.001758031784538014
0
0
0
0
0
0
0
0
0
0
0
0.00438581156939458
0.0098707930508263
0
0
0
0
0
0.0009677714796377008
0
0
0
0.0010638153946513926
0
0
0
0.01278979583482066
0.0009941015184787552
0.0011478299891140356
0
0.0025304783976388555
0
0
0
0
0
0
0.000861360415189056
0
0
0
0.0009566297864895637
0
0
0
0
0
0
0
0
0.000761068405618489
0
0
0.001061118183205879
0
0
0
0
0
0
0
0
0
0
0
0
0
0.0016496553970673778
0
0
0
0
0
0
0
0
0
0
0
0
0.005076409419473669
0
0.002049345163060477
0.0006502858792522368
0
0.01195614979399687
0.02732505274320871
0
0.008616594087517622
0
0.0009432018406416926
0
0
0
0
0
0
0
0
0
0
0
0
0
0
0
0
0
0
0
0
0
0
0
0
0
0
0
0
0
0
0
0
0
0
0
0
0
0
0
0
0
0.003824731167163178
0
0
0.0008376157242057117
0
0
0
0
0
0.001069327381126626
0
0
0
0
0
0
0.0019958092992532583
0
0
0
0
0
0
0.000800211218739643
0
0
0
0
0
0
0
0
0
0
0
0
0
0
0
0
0
0
0
0
0
0
0
0
0
0
0
0
0
0.012905519574556367
0
0
0
0
0
0
0
0
0
0
0
0
0
0
0
0
0
0
0
0
0
0
0
0
0
0
0
0
0
0
0
0
0
0
0
0
0
0
0
0
0
0
0
0.0008143028658500676
0
0
0
0
0
0
0
0
0
0
0
0.0014812950801826913
0
0
0
0
0
0
0.0030033828243059
0
0
0
0
0
0
0
0
0
0
0
0
0
0
0.002205761222546675
0.0069302561057781415
0.0007095708429394094
0
0
0
0
0
0
0
0
0
0
0
0
0
0
0
0
0
0
0
0
0
0
0
0
0
0
0
0
0
0
0
0
0
0
0
0
0
0
0
0
0
0
0
0.0009266566082800974
0
0
0
0
0
0
0
0
0
0
0
0
0
0
0
0.0022556887873292366
0.0008008915422513152
0
0
0
0
0
0
0
0
0
0
0
0
0.0025925744643314295
0
0
0
0
0
0.000861360415189056
0.010576447982045715
0
0.0012249292680849737
0
0.0014157073834802551
0
0
0
0
0
0
0
0
0
0
0
0.0008699833130742926
0.0009042601382940955
0
0
0
0
0
0.0022406756736792566
0
0
0
0
0
0
0
0.0015155608473236637
0
0
0
0
0
0
0
0
0
0
0
0
0
0
0
0
0
0
0
0.0008852851486366759
0
0
0
0
0
0
0
0
0
0
0
0
0
0
0
0
0
0
0
0
0
0
0
0
0
0
0
0
0
0
0
0
0
0
0
0
0
0
0
0
0
0
0
0
0
0
0
0
0
0
0
0
0
0
0
0
0
0.002106497550605386
0
0
0.0026954401540811622
0
0
0
0
0.0008709660037300147
0
0
0
0
0
0.0008078321017150017
0
0
0
0
0
0
0
0
0
0
0
0
0
0
0
0
0
0
0
0
0
0
0
0
0
0
0
0
0
0
0.002890638957093479
0
0.004648921171394478
0
0
0
0
0
0
0
0
0
0
0
0
0
0
0
0
0.0008232880122373171
0
0
0
0.0024498585361699475
0
0
0
0
0
0
0
0
0
0
0.0007864594291257191
0
0
0
0
0.0010291469107582656
0
0
0
0
0
0
0
0
0
0
0
0
0
0
0
0.0030420657809390934
0
0
0.0008043301570893635
0
0
0
0
0
0
0.004503855227819407
0
0
0
0
0
0
0
0
0
0
0
0
0
0
0
0
0
0
0
0
0
0
0
0
0
0
0
0
0
0
0
0
0
0
0
0
0
0.0011096724124906943
0
0
0
0
0.002665863114076751
0.003279381540387297
0
0
0
0
0
0
0
0
0
0
0
0
0
0
0.0015356400203858315
0
0
0
0
0
0
0
0
0
0
0
0
0
0
0
0
0
0
0
0
0
0
0
0
0
0
0
0
0
0
0
0
0
0
0
0
0
0
0
0
0
0
0
0
0
0
0
0
0
0
0
0
0
0
0
0
0
0
0.001711643335446367
0
0
0
0
0
0
0
0
0
0
0
0
0
0
0
0
0.0020075117745020714
0.001077907041761817
0
0
0
0
0
0
0
0.0024341992580574536
0
0
0
0
0
0
0
0
0
0
0
0
0
0
0
0
0
0
0
0
0
0
0
0
0.0007235652182161808
0.0037066264331203896
0
0
0
0
0
0
0
0
0
0
0
0
0
0
0
0
0
0
0
0
0
0
0
0
0
0
0
0
0
0
0
0
0
0
0.0009744441017733291
0
0
0
0.0052436695155282905
0
0
0
0
0
0
0
0
0
0
0
0
0
0
0.0009446478568777108
0
0
0
0
0
0
0
0
0
0
0
0
0
0
0
0
0
0
0
0
0
0
0.0032993107941347555
0.008467669569887778
0
0
0
0
0.0009520476317873275
0
0
0
0
0
0
0
0
0
0
0
0
0
0
0
0
0
0
0
0
0
0
0
0
0
0
0
0
0
0.0010995735675935756
0
0
0
0
0
0
0
0
0
0
0
0.0022480603802231248
0
0
0
0.0011956174826072675
0
0
0
0
0
0
0
0
0
0
0
0
0
0
0
0
0
0
0
0
0
0.0009677714796377008
0
0
0
0.0010077591976138105
0
0
0
0
0
0
0
0
0
0
0
0
0
0
0
0
0
0
0
0
0
0
0
0
0.001252139924795503
0
0
0
0
0
0
0
0
0
0
0
0
0
0
0
0
0
0
0
0
0
0.0007290905527816007
0.0009490530782660992
0
0
0
0
0
0.004687626465853756
0
0
0
0
0
0
0
0
0
0
0
0.0009677714796377008
0
0
0
0
0
0
0
0
0
0.002865757270532306
0
0
0
0
0
0
0
0
0.0011436506951952724
0
0
0
0
0
0
0
0.002186254360258198
0
0
0
0
0
0
0
0
0
0
0
0
0
0
0
0
0
0
0
0
0
0
0
0
0
0
0
0
0
0
0
0
0
0
0
0
0
0
0
0.0022480603802231248
0.0012186942761049414
0
0.0058749350475311175
0
0
0
0
0
0
0
0
0
0
0
0.0011062461897292039
0.0019388356243231729
0
0
0.0008531116424888802
0
0
0
0
0
0.0014034484532484991
0
0
0
0
0
0
0
0
0
0
0.0022791225711393704
0
0
0
0
0
0
0
0.0026417185165946424
0.00833558466028015
0
0
0
0
0
0
0
0
0
0
0
0
0
0
0
0
0
0
0
0
0
0.004558245142278741
0
0
0
0.0013567313560408486
0
0
0
0
0
0
0
0
0
0.0013117819782001506
0
0
0
0
0
0
0
0
0
0
0
0
0
0
0
0
0
0
0
0
0.0011478299891140356
0
0
0
0
0
0
0
0
0
0
0
0
0
0
0
0
0.0031064450493582443
0
0
0
0
0
0
0
0
0
0
0.0007864594291257191
0
0.0008531116424888802
0
0
0
0
0
0
0
0
0
0
0.007241534084798981
0
0
0.001020301119612631
0
0
0
0
0
0
0
0
0
0
0
0
0
0
0
0
0
0
0
0
0.0011521032075685058
0.0009831282692639525
0
0.0008460682365789449
0
0
0.0011655311534163766
0
0
0
0
0
0
0
0
0
0
0
0
0
0
0
0
0
0
0
0
0
0
0
0
0
0
0
0
0
0
0
0
0
0
0.0008895825116177065
0
0.001077907041761817
0.0010899841297485684
0
0.0018428933746936365
0
0
0
0
0
0
0
0
0
0
0
0
0
0
0
0
0
0
0
0.0008779908212222535
0
0
0
0
0
0
0
0
0
0
0
0
0
0.0006930256105778142
0
0
0
0
0
0
0
0
0
0
0
0
0
0
0
0
0
0
0.001522136811236978
0
0
0
0
0
0
0
0
0
0
0
0
0
0
0
0
0
0
0
0
0
0.0010291469107582656
0
0.0006895786844335744
0
0.0016991146586183181
0
0
0
0
0
0
0
0
0
0
0
0
0
0
0
0
0.0009490530782660992
0.0008749483528163891
0
0
0
0
0
0
0
0.0010584586962359723
0
0
0
0.0009613250921732244
0
0
0
0
0
0
0
0
0
0.0007790259007379501
0
0
0
0
0.0008739449192547151
0
0
0
0
0
0
0
0
0
0
0
0
0
0
0
0
0
0
0
0
0
0
0
0
0
0
0
0
0
0
0
0.0014609946851340113
0
0.0010246725815302386
0.007983237197013033
0
0
0.0011609489987141404
0
0
0
0
0
0
0
0
0
0
0
0.0009007710455638813
0
0.001781344401333525
0
0
0
0
0
0
0
0
0
0
0
0
0
0.0008210016093153163
0
0
0
0
0.0007391639157741399
0
0
0.0008594961824268159
0
0
0
0
0
0
0
0
0
0.0009796068682814013
0
0
0
0
0
0
0
0
0
0
0
0
0
0
0
0
0
0
0
0
0
0
0
0
0.001077907041761817
0
0.0011564746694861135
0
0
0
0
0
0
0
0
0
0
0
0
0
0
0
0
0
0
0.00100574700721059
0
0
0
0.0013567313560408486
0
0
0
0
0
0
0
0
0
0
0.0009979046496266292
0
0
0
0
0
0
0
0
0
0
0
0
0
0
0
0
0
0
0
0.006281413759616737
0
0
0
0
0
0.0030232775928414313
0
0
0
0
0
0
0
0
0
0
0
0
0
0
0
0.0010558358930162848
0
0
0
0
0
0
0
0
0
0
0
0
0
0
0
0
0
0
0
0
0
0
0
0
0
0
0
0
0
0
0.0006795976647299432
0
0
0
0
0
0
0
0
0
0
0
0
0
0
0
0
0
0
0
0.0009566297864895637
0
0
0
0
0
0
0
0
0
0
0
0
0
0
0
0
0
0
0
0.005987427897759775
0
0
0
0
0
0
0
0
0
0
0
0
0
0
0
0
0
0
0
0
0
0.0014783278315482799
0
0
0
0.005228460715599305
0
0
0
0.0011167158184006295
0
0
0
0
0
0
0
0.009744441017733292
0
0
0
0
0
0
0
0
0
0
0.005601689184198141
0
0.002965607246651261
0
0
0
0
0
0
0
0
0
0
0
0
0
0
0
0
0.0010638153946513926
0
0
0
0
0
0
0
0
0
0
0
0
0
0
0
0.0010268965860488147
0
0
0
0
0
0.0009613250921732244
0
0
0
0
0
0
0
0
0
0
0
0
0
0
0
0
0
0
0
0
0
0
0
0
0
0.0009694178121615864
0.001069327381126626
0
0.0009461049538059422
0
0
0
0
0
0
0
0
0
0
0
0
0
0
0
0
0
0
0
0
0
0
0
0
0
0
0
0
0
0
0
0
0
0
0
0
0
0
0
0
0
0
0
0
0
0
0.0009361322450452382
0
0
0.000905437542790753
0
0
0
0
0
0
0
0
0
0
0
0
0
0
0
0
0
0
0
0
0
0
0
0
0
0
0
0
0
0
0
0
0
0.00517100434668006
0
0
0
0.0026188402592552213
0
0.0009550901001931919
0
0
0
0
0
0
0
0
0
0
0
0
0
0
0.0019698274608895097
0
0
0
0
0
0
0
0
0
0
0
0
0
0
0
0
0
0
0
0
0
0
0
0
0
0
0
0
0
0
0
0
0
0
0
0
0
0
0
0
0
0
0
0
0
0
0
0
0
0.0012754527831511473
0
0
0
0
0
0
0
0
0
0
0.0010838497197432021
0
0
0
0
0
0
0.0013117819782001506
0.0013839420127513778
0
0
0.0009475733025593005
0.00201149401442118
0
0
0
0
0
0
0
0
0
0
0.0006257068863826663
0
0
0
0
0
0
0.001781344401333525
0.003656082828314824
0
0
0
0
0
0
0
0
0.001292751086670015
0.002133102832448668
0
0
0.0013444593421337234
0
0.0008779908212222535
0
0
0
0
0
0
0
0.002211610760637388
0
0
0
0
0
0
0
0
0
0
0
0
0
0
0
0
0
0
0
0
0
0
0
0.00123137565554945
0
0
0
0
0
0
0
0
0
0
0
0
0
0
0
0.0009581820417926937
0
0
0
0
0
0
0
0
0
0
0
0
0
0
0
0
0
0
0
0
0
0
0
0
0
0
0
0
0
0
0
0
0
0
0
0
0
0
0
0
0
0
0
0
0
0
0
0
0
0
0
0
0
0
0
0
0
0
0
0
0
0
0
0.0008996220981487905
0
0
0.001267360063162785
0
0
0
0.0029547411913342647
0
0
0.0010118486072393977
0
0
0
0
0.0020963556045768025
0
0
0
0
0
0
0
0
0
0
0
0
0
0
0
0
0
0
0
0
0
0
0
0
0
0
0
0
0
0
0
0
0
0
0
0
0
0
0
0
0
0
0
0
0
0
0
0
0
0
0
0
0
0
0
0
0
0
0
0
0
0
0
0
0
0.0029440782517951014
0
0
0
0
0
0
0
0
0
0
0
0
0
0.0009394767203334112
0
0
0
0
0
0
0
0
0
0.0011240301901115624
0.0033678594864592023
0
0
0
0
0
0
0
0
0
0
0
0
0
0
0
0
0
0
0
0
0
0
0
0
0
0
0
0.0026786114807230916
0
0
0
0
0
0
0
0
0
0
0
0
0.0006623933321636538
0
0
0.0009461049538059422
0
0
0
0
0
0
0
0
0
0
0
0
0
0
0
0
0
0
0
0
0
0
0
0
0.0009796068682814013
0.024373885522098827
0
0
0
0
0
0
0
0
0
0
0.0007672481294049418
0
0
0
0
0
0
0
0
0
0
0
0
0
0
0
0
0
0
0
0
0
0
0
0
0
0
0
0
0
0
0
0
0
0
0
0
0
0
0
0
0
0
0.0010808551662219738
0
0
0
0
0
0
0.002076848742288325
0
0
0
0
0
0
0
0
0
0
0
0
0
0
0
0
0
0
0
0
0
0
0
0
0
0
0
0
0
0
0
0
0
0
0
0
0
0
0
0
0
0
0
0
0
0
0
0
0
0
0
0
0
0
0
0
0
0
0
0
0
0.002144288945856652
0.0008295230042173496
0.001077907041761817
0
0
0
0.000886350418754316
0
0
0
0
0
0
0
0
0
0
0
0
0
0
0
0
0
0
0
0
0
0
0.0012595977519781008
0
0
0
0
0
0
0
0
0
0
0
0
0
0
0
0
0
0
0
0
0
0
0
0
0
0
0
0
0
0
0
0
0
0
0
0
0
0
0
0
0
0
0
0
0
0
0
0
0
0.0010246725815302386
0
0
0
0
0
0
0
0
0
0
0
0
0
0
0
0.0009505444601754026
0
0.0027134627120816972
0
0
0
0
0
0
0
0
0
0
0
0
0
0
0
0
0
0
0
0
0
0
0
0
0.001033729065460502
0
0
0
0.0018480676101208203
0.001072144472928326
0
0
0
0
0
0
0
0
0
0
0
0.002186254360258198
0
0
0
0
0
0
0
0
0
0
0
0
0
0.001758031784538014
0
0
0
0
0
0
0
0
0
0
0
0
0
0
0
0
0
0
0
0
0
0.0009613250921732244
0
0
0
0
0
0
0
0
0
0
0
0
0
0
0
0
0
0
0
0.0011395612855696852
0
0.0027134627120816972
0
0
0
0
0
0.005535768051005511
0
0
0
0
0
0
0
0
0
0
0
0.0009550901001931919
0
0
0
0
0
0
0
0.023040487829379126
0
0
0
0
0
0
0.0024136120331068843
0
0
0
0.001127795664022226
0.004951864816782085
0
0
0
0
0
0
0.004385292229408871
0
0
0
0.001302028547055912
0
0
0.0009320133066955178
0.011962160725514825
0.004359223699897966
0
0
0.007743723328104428
0
0
0
0
0
0
0
0
0
0.0011750406458245649
0
0
0.0012839052955243805
0.016804182884832746
0.011119879299361169
0.001061118183205879
0
0
0
0
0
0
0
0
0
0.006722027021037769
0
0
0
0.0017924326630910665
0.0009475733025593005
0
0
0
0
0
0
0
0
0.0012068060165534421
0
0
0
0
0
0.00959747073003288
0
0
0
0
0
0.028164551654809775
0
0.0020628483722093306
0
0
0
0.0024136120331068843
0.0075341339027180515
0
0.00502873503605295
0
0.0039353459346004515
0.0011028806112733376
0
0
0
0.0012754527831511473
0.0009188942970954129
0
0.0010868921881490665
0.004775450500965959
0.002421379602694043
0
0
0
0
0.001020301119612631
0
0
0
0
0
0
0.008407906283577505
0.0029440782517951014
0
0.0027134627120816972
0
0
0
0
0
0.0013444593421337234
0.0069958107555933
0
0.002058293821516531
0.0024495289889479824
0
0
0
0
0.0020363050134203815
0.0014538649601035963
0
0
0
0
0
0.002971118890069251
0
0
0.00547461577045678
0.0013117819782001506
0.0010963230573522178
0.0026988662944463717
0.0024022589381650014
0
0
0.008005554866366909
0
0
0.004172954231474761
0.0009403423849724512
0
0
0.001190260784191847
0
0
0
0
0.0012380482776850788
0
0
0
0.002768207538928863
0
0
0
0
0
0
0
0
0
0.003851715886573141
0
0
0
0.0019101802003863837
0
0.00478246993042907
0.002999505375841677
0
0
0
0
0
0
0
0
0
0
0
0
0
0
0
0
0
0.005112371443113186
0
0
0.0009831282692639525
0
0
0
0.0038142511239541597
0.0030674228658679114
0
0
0
0
0
0
0
0
0.007107992253254049
0
0
0
0
0
0
0
0
0
0
0
0.004915641346319763
0.0008143028658500676
0.0010558358930162848
0.0010360622262499703
0
0
0
0
0.004277309524506504
0
0
0
0
0.0016072748830022671
0
0
0.005465635900645496
0
0
0
0
0
0
0
0
0
0
0
0
0
0
0
0
0
0
0.00139916215111866
0
0
0
0
0.0011564746694861135
0.001267360063162785
0
0
0
0
0
0
0
0
0
0
0.0017153000985950422
0
0.0019226501843464488
0.0018533132165601948
0.001302028547055912
0
0.0054344609407453335
0
0
0
0
0
0
0
0
0
0
0.0013220628721477218
0
0
0
0
0
0
0.0011750406458245649
0
0
0
0
0
0
0
0
0
0.001185050863258568
0
0.003906085641167736
0
0
0.0012186942761049414
0
0
0
0
0
0
0
0
0
0.0012449635931767835
0
0
0.0013444593421337234
0
0.0012011294690825007
0
0
0
0
0
0
0
0
0
0
0.0037787932559343023
0
0.0008759571096579357
0
0
0
0
0
0
0
0
0
0.0010384243711441625
0
0
0
0.000990372963356417
0
0
0
0.0015333559268090253
0
0
0
0
0
0.02601239327383685
0
0
0
0
0
0
0.0023500812916491297
0
0.0017879584886930492
0
0.006124646340424869
0
0
0
0
0.0012754527831511473
0
0.0026441257442954436
0
0
0
0
0
0
0.002504279849591006
0
0.0011478299891140356
0
0
0
0.0011131615052209086
0
0
0
0
0
0
0
0
0
0
0
0
0.001093127180129099
0
0
0
0.0011478299891140356
0
0
0
0.005497867837967878
0
0
0
0
0
0
0
0
0
0
0
0.002380521568383694
0
0
0
0
0.0011436506951952724
0.0008729467530850738
0
0
0
0
0.002263274426472868
0
0
0.006543961752976012
0.0013117819782001506
0.0013698503656409534
0
0
0
0
0
0.0045422319008276415
0.001252139924795503
0
0
0
0
0
0.003329017237472083
0
0
0
0
0
0
0
0.000964520969396343
0
0.002179968259497137
0.0024407187650874723
0
0.004608412830274023
0
0
0.0009240338050604101
0
0
0
0
0
0
0
0
0
0
0
0
0
0
0
0
0.0009432018406416926
0
0
0
0.0008064235751362107
0.006861992659650208
0
0
0
0
0
0
0
0
0
0
0
0.002359959780488552
0
0
0
0
0
0
0
0.0033949116397093016
0
0
0.0010838497197432021
0
0
0
0
0
0
0
0.003756419774386509
0.001072144472928326
0.0033501474552018883
0
0
0
0
0
0.0010139267723909835
0
0.001830257646369499
0
0
0
0.0011436506951952724
0
0
0
0
0
0
0
0
0
0.0011609489987141404
0
0
0
0
0
0
0
0
0
0
0
0.0013698503656409534
0
0
0
0
0.0019844562043113754
0
0
0
0
0
0
0
0.002867661270023574
0
0
0.0009505444601754026
0
0
0
0
0.0012186942761049414
0
0
0
0
0
0.002604057094111824
0
0
0
0.0013567313560408486
0.002437388552209883
0
0
0
0
0
0
0
0
0
0
0
0.002150007857195135
0
0
0
0
0.0013444593421337234
0
0
0
0
0
0
0
0
0
0
0
0
0
0
0
0
0
0
0
0
0
0
0.0012595977519781008
0
0
0
0
0
0
0.014430831640074035
0
0
0.0012126572541778487
0
0.001962718834530068
0
0
0.005090762533550954
0
0
0
0
0
0
0
0
0
0
0
0.0011702264591000374
0
0.0008928704935743638
0
0.00139916215111866
0
0
0
0
0
0
0
0
0
0
0.003998794671115126
0.0012068060165534421
0
0
0.001302028547055912
0
0
0
0
0
0
0
0
0
0
0
0
0
0.003329017237472083
0
0
0
0
0
0
0
0
0
0
0
0.0011436506951952724
0
0
0
0
0
0
0
0
0
0
0
0
0
0.0030544575201305723
0
0
0
0.0015780065653996323
0
0
0
0.0010360622262499703
0
0
0
0
0
0
0
0
0
0
0
0
0
0
0.001069327381126626
0
0.001292751086670015
0
0
0
0.0032515491592296063
0.002391234965214535
0
0
0
0
0
0
0
0
0
0
0
0
0
0
0
0
0
0
0
0
0
0
0
0
0
0
0.001131637213236434
0
0.0026889186842674467
0
0
0
0
0
0.0013839420127513778
0
0
0
0
0
0
0
0
0
0
0
0
0
0.0013117819782001506
0
0
0
0
0
0
0
0
0
0
0
0
0.001053248775302693
0
0
0
0
0
0
0
0
0
0
0.0012011294690825007
0
0
0
0
0
0
0.001252139924795503
0
0
0
0
0
0
0
0
0
0
0
0.001433830635011787
0
0
0
0
0
0
0
0
0
0
0
0
0
0
0
0
0
0.011810091440716786
0.0018750505863415025
0.0029077299202071925
0
0
0.005497867837967878
0
0.0010481778022884013
0.0010963230573522178
0
0
0.010178747530158782
0.0017189923648536318
0
0
0
0
0
0
0
0
0.0010963230573522178
0
0.004466863273602518
0
0.0038263583494534416
0.003279381540387297
0
0.002739700731281907
0
0
0
0
0
0
0
0
0.0011436506951952724
0
0.0011436506951952724
0
0
0.0009744441017733291
0
0.0014762614300895982
0
0
0
0.0031675076790488544
0
0
0
0
0.0053778373685348935
0.00430149190503536
0.004151826038254133
0.001302028547055912
0
0.0011521032075685058
0
0
0
0
0
0
0.0010638153946513926
0.0012839052955243805
0
0.003756419774386509
0.0010838497197432021
0
0.0020628483722093306
0
0.004961140510778439
0
0.0009831282692639525
0
0.002623563956400301
0
0
0
0
0
0
0
0.005739149945570178
0
0
0
0
0.0010314241861046653
0.00559664860447464
0
0.0011750406458245649
0.003998794671115126
0.001179979890244276
0
0
0
0
0.001794689645604782
0
0.00402298802884236
0.0011564746694861135
0
0
0
0
0
0.001185050863258568
0
0
0.0012186942761049414
0
0.0013698503656409534
0
0
0.009959708745414268
0
0.0021991471351871512
0
0.00373489077953035
0.0013220628721477218
0
0
0
0
0
0
0
0
0
0
0.003802080189488355
0
0
0
0
0.0011203378368396283
0
0
0.0009796068682814013
0
0.0010432385578686902
0
0
0
0.002173784376298133
0
0
0.001069327381126626
0
0
0.0012011294690825007
0
0
0
0
0
0
0
0
0
0.002032055802316322
0.002138654762253252
0.0024498585361699475
0.001292751086670015
0.007078536917401276
0.001053248775302693
0.0013117819782001506
0.0013444593421337234
0.002867661270023574
0.0014157073834802551
0.0010139267723909835
0.001179979890244276
0.001053248775302693
0.001267360063162785
0.0022406756736792566
0.0019557406490696393
0.001267360063162785
0.0013220628721477218
0.0012449635931767835
0.0031833545496176368
0.0012449635931767835
0.0013444593421337234
0.004850629016711395
0.0021926461147044355
0.0012126572541778487
0.0030033049071936566
0.0025509055663022946
0.0012186942761049414
0.004481081657727666
0.0011750406458245649
0.00373489077953035
0.0023310623068327533
0.001302028547055912
0.0013567313560408486
0.00279832430223732
0.001053248775302693
0.0010291469107582656
0.0011609489987141404
0.0027134627120816972
0.001267360063162785
0.001252139924795503
0.0013329315570383756
0.002504279849591006
0.0014157073834802551
0.001066551416224334
0.00139916215111866
0.0014538649601035963
0.0019355429592754017
0.0012126572541778487
0.0013567313560408486
0.001292751086670015
0.0022124923794584078
0.00373489077953035
0.010292856256757453
0.0012380482776850788
0.0013117819782001506
0.001252139924795503
0.008140388136245092
0.0012380482776850788
0.0011702264591000374
0.0022124923794584078
0.0012380482776850788
0.0024022589381650014
0.0012839052955243805
0.0012449635931767835
0.0035551525897757033
0.0029233323053199874
0.0013567313560408486
0.0010077591976138105
0.001252139924795503
0.0013698503656409534
0.0008029472403125846
0.0012126572541778487
0.0012754527831511473
0.001292751086670015
0.0012126572541778487
0.0013220628721477218
0.0012754527831511473
0.0011131615052209086
0.0010808551662219738
0.00279832430223732
0.0030874407322747967
0.0013698503656409534
0.0029525228601791965
0.0010268965860488147
0.00139916215111866
0.002567810591048761
0.0012754527831511473
0.0030033049071936566
0.0026463740533053262
0.001131637213236434
0.0031914461839541775
0.0012595977519781008
0.0013698503656409534
0.001267360063162785
0.0028314147669605103
0.00403337802640117
0.002665863114076751
0.0023500812916491297
0.0013567313560408486
0.002067458130921004
0.0013117819782001506
0.00139916215111866
0.0039353459346004515
0.002287301390390545
0.002359959780488552
0.0028314147669605103
0.00403337802640117
0.0012449635931767835
0.001292751086670015
0.0010224742886226373
0.009480406906068543
0.0013444593421337234
0.0013567313560408486
0.0010995735675935756
0.0046621246136655066
0.0009520476317873275
0.001020301119612631
0.0011564746694861135
0.001185050863258568
0.00139916215111866
0.0013329315570383756
0.002867661270023574
0.0011655311534163766
0.0013220628721477218
0.0012839052955243805
0.001668674381883754
0.000897344822802391
0.007508262267984141
0.0012595977519781008
0.0012595977519781008
0.0012839052955243805
0.015309642390745348
0.0017901889961858797
0.0012126572541778487
0.0011750406458245649
0.0013444593421337234
0.0011564746694861135
0.0013698503656409534
0.0011956174826072675
0.0013220628721477218
0.002489927186353567
0.002623563956400301
0.0025191955039562015
0.0013220628721477218
0.000861360415189056
0.003998794671115126
0.010511567175177799
0.0013567313560408486
0.0012186942761049414
0.0013220628721477218
0.001302028547055912
0.0012126572541778487
0.002567810591048761
0.002391234965214535
0.0012754527831511473
0.001302028547055912
0.013302130616243276
0.004428784290268794
0.0012839052955243805
0.0013329315570383756
0.0012839052955243805
0.002370101726517136
0.0008651446240343298
0.0011521032075685058
0.0013220628721477218
0.0015309642390745348
0.0012011294690825007
0.001179979890244276
0.0012249292680849737
0.002233431636801259
0.0012068060165534421
0.0011240301901115624
0.02238659441789856
0.002604057094111824
0.0013220628721477218
0.0013698503656409534
0.0013220628721477218
0.001252139924795503
0.005735322540047148
0.0026889186842674467
0.0028314147669605103
0.001252139924795503
0.0011702264591000374
0.0008769712465614083
0
0
0
0
0
0
0
0
0
0
0
0
0
0
0
0
0
0
0
0
0
0
0
0
0
0
0
0
0
0
0
0
0
0
0
0
0
0
0
0
0
0
0
0
0
0
0
0
0
0
0
0
0
0
0
0
0
0
0
0
0
0
0
0
0
0
0
0
0
0
0
0
0
0
0
0
0
0
0
0
0
0
0
0
0
0
0
0
0
0
0
0
0
0
0
0
0
0
0
0
0
0
0
0
0
0
0
0
0
0
0
0
0
0
0
0
0
0
0
0
0
0
0
0
0
0
0
0
0
0
0
0
0
0
0
0
0
0
0
0
0
0
0
0
0
0
0
0
0
0
0
0
0
0
0
0
0
0
0
0
0
0
0
0
0
0
0
0
0
0
0
0
0
0
0
0
0
0
0
0
0
0
0
0
0
0
0
0
0
0
0
0
0
0
0
0
0
0
0
0
0
0
0
0
0
0
0
0
0
0
0
0
0
0
0
0
0
0
0
0
0
0
0
0
0
0
0
0
0
0
0
0
0
0
0
0
0
0
0
0
0
0
0
0
0
0
0
0
0
0
0
0
0
0
0
0
0
0
0
0
0
0
0
0
0
0
0
0
0
0
0
0
0
0
0
0
0
0
0
0
0
0
0
0
0
0
0
0
0
0
0
0
0
0
0
0
0
0
0
0
0
0
0
0
0
0
0
0
0
0
0
0
0
0
0
0
0
0
0
0
0
0
0
0
0
0
0
0
0
0
0
0
0
0
0
0
0
0
0
0
0
0
0
0
0
0
0
0
0
0
0
0
0
0
0
0
0
0
0
0
0
0
0
0
0
0
0
0
0
0
0
0
0
0
0
0
0
0
0
0
0
0
0
0
0
0
0
0
0
0
0
0
0
0
0
0
0
0
0
0
0
0
0
0
0
0
0
0
0
0
0
0
0
0
0
0
0
0
0
0
0
0
0
0
0
0
0
0
0
0
0
0
0
0
0
0
0
0
0
0
0
0
0
0
0
0
0
0
0
0
0
0
0
0
0
0
0
0
0
0
0
0
0
0
0
0
0
0
0
0
0
0
0
0
0
0
0
0
0
0
0
0
0
0
0
0
0
0
0
0
0
0
0
0
0
0
0
0
0
0
0
0
0
0
0
0
0
0
0
0
0
0
0
0
0
0
0
0
0
0
0
0
0
0
0
0
0
0
0
0
0
0
0
0
0
0
0
0
0
0
0
0
0
0
0
0
0
0
0
0
0
0
0
0
0
0
0
0
0
0
0
0
0
0
0
0
0
0
0
0
0
0
0
0
0
0
0
0
0
0
0
0
0
0
0
0
0
0
0
0
0
0
0
0
0
0
0
0
0
0
0
0
0
0
0
0
0
0
0
0
0
0
0
0
0
0
0
0
0
0
0
0
0
0
0
0
0
0
0
0
0
0
0
0
0
0
0
0
0
0
0
0
0
0
0
0
0
0
0
0
0
0
0
0
0
0
0
0
0
0
0
0
0
0
0
0
0
0
0
0
0
0
0
0
0
0
0
0
0
0
0
0
0
0
0
0
0
0
0
0
0
0
0
0
0
0
0
0
0
0
0
0
0
0
0
0
0
0
0
0
0
0
0
0
0
0
0
0
0
0
0
0
0
0
0
0
0
0
0
0
0
0
0
0
0
0
0
0
0
0
0
0
0
0
0
0
0
0
0
0
0
0
0
0
0
0
0
0
0
0
0
0
0
0
0
0
0
0
0
0
0
0
0
0
0
0
0
0
0
0
0
0
0
0
0
0
0
0
0
0
0
0
0
0
0
0
0
0
0
0
0
0
0
0
0
0
0
0
0
0
0
0
0
0
0
0
0
0
0
0
0
0
0
0
0
0
0
0
0
0
0
0
0
0
0
0
0
0
0
0
0
0
0
0
0
0
0
0
0
0
0
0
0
0
0
0
0
0
0
0
0
0
0
0
0
0
0
0
0
0
0
0
0
0
0
0
0
0
0
0
0
0
0
0
0
0
0
0
0
0
0
0
0
0
0
0
0
0
0
0
0
0
0
0
0
0
0
0
0
0
0
0
0
0
0
0
0
0
0
0
0
0
0
0
0
0
0
0
0
0
0
0
0
0
0
0
0
0
0
0
0
0
0
0
0
0
0
0
0
0
0
0
0
0
0
0
0
0
0
0
0
0
0
0
0
0
0
0
0
0
0
0
0
0
0
0
0
0
0
0
0
0
0
0
0
0
0
0
0
0
0
0
0
0
0
0
0
0
0
0
0
0
0
0
0
0
0
0
0
0
0
0
0
0
0
0
0
0
0
0
0
0
0
0
0
0
0
0
0
0
0
0
0
0
0
0
0
0
0
0
0
0
0
0
0
0
0
0
0
0
0
0
0
0
0
0
0
0
0
0
0
0
0
0
0
0
0
0
0
0
0
0
0
0
0
0
0
0
0
0
0
0
0
0
0
0
0
0
0
0
0
0
0
0
0
0
0
0
0
0
0
0
0
0
0
0
0
0
0
0
0
0
0
0
0
0
0
0
0
0
0
0
0
0
0
0
0
0
0
0
0
0
0
0
0
0
0
0
0
0
0
0
0
0
0
0
0
0
0
0
0
0
0
0
0
0
0
0
0
0
0
0
0
0
0
0
0
0
0
0
0
0
0
0
0
0
0
0
0
0
0
0
0
0
0
0
0
0
0
0
0
0
0
0
0
0
0
0
0
0
0
0
0
0
0
0
0
0
0
0
0
0
0
0
0
0
0
0
0
0
0
0
0
0
0
0
0
0
0
0
0
0
0
0
0
0
0
0
0
0
0
0
0
0
0
0
0
0
0
0
0
0
0
0
0
0
0
0
0
0
0
0
0
0
0
0
0
0
0
0
0
0
0
0
0
0
0
0
0
0
0
0
0
0
0
0
0
0
0
0
0
0
0
0
0
0
0
0
0
0
0
0
0
0
0
0
0
0
0
0
0
0
0
0
0
0
0
0
0
0
0
0
0
0
0
0
0
0
0
0
0
0
0
0
0
0
0
0
0
0
0
0
0
0
0
0
0
0
0
0
0
0
0
0
0
0
0
0
0
0
0
0
0
0
0
0
0
0
0
0
0
0
0
0
0
0
0
0
0
0
0
0
0
0
0
0
0
0
0
0
0
0
0
0
0
0
0
0
0
0
0
0
0
0
0
0
0
0
0
0
0
0
0
0
0
0
0
0
0
0
0
0
0
0
0
0
0
0
0
0
0
0
0
0
0
0
0
0
0
0
0
0
0
0
0
0
0
0
0
0
0
0
0
0
0
0
0
0
0
0
0
0
0
0
0
0
0
0
0
0
0
0
0
0
0
0
0
0
0
0
0
0
0
0
0
0
0
0
0
0
0
0
0
0
0
0
0
0
0
0
0
0
0
0
0
0
0
0
0
0
0
0
0
0
0
0
0
0
0
0
0
0
0
0
0
0
0
0
0
0
0
0
0
0
0
0
0
0
0
0
0
0
0
0
0
0
0
0
0
0
0
0
0
0
0
0
0
0
0
0
0
0
0
0
0
0
0
0
0
0
0
0
0
0
0
0
0
0
0
0
0
0
0
0
0
0
0
0
0
0
0
0
0
0
0
0
0
0
0
0
0
0
0
0
0
0
0
0
0
0
0
0
0
0
0
0
0
0
0
0
0
0
0
0
0
0
0
0
0
0
0
0
0
0
0
0
0
0
0
0
0
0
0
0
0
0
0
0
0
0
0
0
0
0
0
0
0
0
0
0
0
0
0
0
0
0
0
0
0
0
0
0
0
0
0
0
0
0
0
0
0
0
0
0
0
0
0
0
0
0
0
0
0
0
0
0
0
0
0
0
0
0
0
0
0
0
0
0
0
0
0
0
0
0
0
0
0
0
0
0
0
0
0
0
0
0
0
0
0
0
0
0
0
0
0
0
0
0
0
0
0
0
0
0
0
0
0
0
0
0
0
0
0
0
0
0
0
0
0
0
0
0
0
0
0
0
0
0
0
0
0
0
0
0
0
0
0
0
0
0
0
0
0
0
0
0
0
0
0
0
0
0
0
0
0
0
0
0
0
0
0
0
0
0
0
0
0
0
0
0
0
0
0
0
0
0
0
0
0
0
0
0
0
0
0
0
0
0
0
0
0
0
0
0
0
0
0
0
0
0
0
0
0
0
0
0
0
0
0
0
0
0
0
0
0
0
0
0
0
0
0
0
0
0
0
0
0
0
0
0
0
0
0
0
0
0
0
0
0
0
0
0
0
0
0
0
0
0
0
0
0
0
0
0
0
0
0
0
0
0
0
0
0
0
0
0
0
0
0
0
0
0
0
0
0
0
0
0
0
0
0
0
0
0
0
0
0
0
0
0
0
0
0
0
0
0
0
0
0
0
0
0
0
0
0
0
0
0
0
0
0
0
0
0
0
0
0
0
0
0
0
0
0
0
0
0
0
0
0
0
0
0
0
0
0
0
0
0
0
0
0
0
0
0
0
0
0
0
0
0
0
0
0
0
0
0
0
0
0
0
0
0
0
0
0
0
0
0
0
0
0
0
0
0
0
0
0
0
0
0
0
0
0
0
0
0
0
0
0
0
0
0
0
0
0
0
0
0
0
0
0
0
0
0
0
0
0
0
0
0
0
0
0
0
0
0
0
0
0
0
0
0
0
0
0
0
0
0
0
0
0
0
0
0
0
0
0
0
0
0
0
0
0
0
0
0
0
0
0
0
0
0
0
0
0
0
0
0
0
0
0
0
0
0
0
0
0
0
0
0
0
0
0
0
0
0
0
0
0
0
0
0
0
0
0
0
0
0
0
0
0
0
0
0
0
0
0
0
0
0
0
0
0
0
0
0
0
0
0
0
0
0
0
0
0
0
0
0
0
0
0
0
0
0
0
0
0
0
0
0
0
0
0
0
0
0
0
0
0
0
0
0
0
0
0
0
0
0
0
0
0
0
0
0
0
0
0
0
0
0
0
0
0
0
0
0
0
0
0
0
0
0
0
0
0
0
0
0
0
0
0
0
0
0
0
0
0
0
0
0
0
0
0
0
0
0
0
0
0
0
0
0
0
0
0
0
0
0
0
0
0
0
0
0
0
0
0
0
0
0
0
0
0
0
0
0
0
0
0
0
0
0
0
0
0
0
0
0
0
0
0
0
0
0
0
0
0
0
0
0
0
0
0
0
0
0
0
0
0
0
0
0
0
0
0
0
0
0
0
0
0
0
0
0
0
0
0
0
0
0
0
0
0
0
0
0
0
0
0
0
0
0
0
0
0
0
0
0
0
0
0
0
0
0
0
0
0
0
0
0
0
0
0
0
0
0
0
0
0
0
0
0
0
0
0
0
0
0
0
0
0
0
0
0
0
0
0
0
0
0
0
0
0
0
0
0
0
0
0
0
0
0
0
0
0
0
0
0
0
0
0
0
0
0
0
0
0
0
0
0
0
0
0
0
0
0
0
0
0
0
0
0
0
0
0
0
0
0
0
0
0
0
0
0
0
0
0
0
0
0
0
0
0
0
0
0
0
0
0
0
0
0
0
0
0
0
0
0
0
0
0
0
0
0
0
0
0
0
0
0
0
0
0
0
0
0
0
0
0
0
0
0
0
0
0
0
0
0
0
0
0
0
0
0
0
0
0
0
0
0
0
0
0
0
0
0
0
0
0
0
0
0
0
0
0
0
0
0
0
0
0
0
0
0
0
0
0
0
0
0
0
0
0
0
0
0
0
0
0
0
0
0
0
0
0
0
0
0
0
0
0
0
0
0
0
0
0
0
0
0
0
0
0
0
0
0
0
0
0
0
0
0
0
0
0
0
0
0
0
0
0
0
0
0
0
0
0
0
0
0
0
0
0
0
0
0
0
0
0
0
0
0
0
0
0
0
0
0
0
0
0
0
0
0
0
0
0
0
0
0
0
0
0
0
0
0
0
0
0
0
0
0
0
0
0
0
0
0
0
0
0
0
0
0
0
0
0
0
0
0
0
0
0
0
0
0
0
0
0
0
0
0
0
0
0
0
0
0
0
0
0
0
0
0
0
0
0
0
0
0
0
0
0
0
0
0
0
0
0
0
0
0
0
0
0
0
0
0
0
0
0
0
0
0
0
0
0
0
0
0
0
0
0
0
0
0
0
0
0
0
0
0
0
0
0
0
0
0
0
0
0
0
0
0
0
0
0
0
0
0
0
0
0
0
0
0
0
0
0
0
0
0
0
0
0
0
0
0
0
0
0
0
0
0
0
0
0
0
0
0
0
0
0
0
0
0
0
0
0
0
0
0
0
0
0
0
0
0
0
0
0
0
0
0
0
0
0
0
0
0
0
0
0
0
0
0
0
0
0
0
0
0
0
0
0
0
0
0
0
0
0
0
0
0
0
0
0
0
0
0
0
0
0
0
0
0
0
0
0
0
0
0
0
0
0
0
0
0
0
0
0
0
0
0
0
0
0
0
0
0
0
0
0
0
0
0
0
0
0
0
0
0
0
0
0
0
0
0
0
0
0
0
0
0
0
0
0
0
0
0
0
0
0
0
0
0
0
0
0
0
0
0
0
0
0
0
0
0
0
0
0
0
0
0
0
0
0
0
0
0
0
0
0
0
0
0
0
0
0
0
0
0
0
0
0
0
0
0
0
0
0
0
0
0
0
0
0
0
0
0
0
0
0
0
0
0
0
0
0
0
0
0
0
0
0
0
0
0
0
0
0
0
0
0
0
0
0
0
0
0
0
0
0
0
0
0
0
0
0
0
0
0
0
0
0
0
0
0
0
0
0
0
0
0
0
0
0
0
0
0
0
0
0
0
0
0
0
0
0
0
0
0
0
0
0
0
0
0
0
0
0
0
0
0
0
0
0
0
0
0
0
0
0
0
0
0
0
0
0
0
0
0
0
0
0
0
0
0
0
0
0
0
0
0
0
0
0
0
0
0
0
0
0
0
0
0
0
0
0
0
0
0
0
0
0
0
0
0
0
0
0
0
0
0
0
0
0
0
0
0
0
0
0
0
0
0
0
0
0
0
0
0
0
0
0
0
0
0
0
0
0
0
0
0
0
0
0
0
0
0
0
0
0
0
0
0
0
0
0
0
0
0
0
0
0
0
0
0
0
0
0
0
0
0
0
0
0
0
0
0
0
0
0
0
0
0
0
0
0
0
0
0
0
0
0
0
0
0
0
0
0
0
0
0
0
0
0
0
0
0
0
0
0
0
0
0
0
0
0
0
0
0
0
0
0
0
0
0
0
0
0
0
0
0
0
0
0
0
0
0
0
0
0
0
0
0
0
0
0
0
0
0
0
0
0
0
0
0
0
0
0
0
0
0
0
0
0
0
0
0
0
0
0
0
0
0
0
0
0
0
0
0
0
0
0
0
0
0
0
0
0
0
0
0
0
0
0
0
0
0
0
0
0
0
0
0
0
0
0
0
0
0
0
0
0
0
0
0
0
0
0
0
0
0
0
0
0
0
0
0
0
0
0
0
0
0
0
0
0
0
0
0
0
0
0
0
0
0
0
0
0
0
0
0
0
0
0
0
0
0
0
0
0
0
0
0
0
0
0
0
0
0
0
0
0
0
0
0
0
0
0
0
0
0
0
0
0
0
0
0
0
0
0
0
0
0
0
0
0
0
0
0
0
0
0
0
0
0
0
0
0
0
0
0
0
0
0
0
0
0
0
0
0
0
0
0
0
0
0
0
0
0
0
0
0
0
0
0
0
0
0
0
0
0
0
0
0
0
0
0
0
0
0
0
0
0
0
0
0
0
0
0
0
0
0
0
0
0
0
0
0
0
0
0
0
0
0
0
0
0
0
0
0
0
0
0
0
0
0
0
0
0
0
0
0
0
0
0
0
0
0
0
0
0
0
0
0
0
0
0
0
0
0
0
0
0
0
0
0
0
0
0
0
0
0
0
0
0
0
0
0
0
0
0
0
0
0
0
0
0
0
0
0
0
0
0
0
0
0
0
0
0
0
0
0
0
0
0
0
0
0
0
0
0
0
0
0
0
0
0
0
0
0
0
0
0
0
0
0
0
0
0
0
0
0
0
0
0
0
0
0
0
0
0
0
0
0
0
0
0
0
0
0
0
0
0
0
0
0
0
0
0
0
0
0
0
0
0
0
0
0
0
0
0
0
0
0
0
0
0
0
0
0
0
0
0
0
0
0
0
0
0
0
0
0
0
0
0
0
0
0
0
0
0
0
0
0
0
0
0
0
0
0
0
0
0
0
0
0
0
0
0
0
0
0
0
0
0
0
0
0
0
0
0
0
0
0
0
0
0
0
0
0
0
0
0
0
0
0
0
0
0
0
0
0
0
0
0
0
0
0
0
0
0
0
0
0
0
0
0
0
0
0
0
0
0
0
0
0
0
0
0
0
0
0
0
0
0
0
0
0
0
0
0
0
0
0
0
0
0
0
0
0
0
0
0
0
0
0
0
0
0
0
0
0
0
0
0
0
0
0
0
0
0
0
0
0
0
0
0
0
0
0
0
0
0
0
0
0
0
0
0
0
0
0
0
0
0
0
0
0
0
0
0
0
0
0
0
0
0
0
0
0
0
0
0
0
0
0
0
0
0
0
0
0
0
0
0
0
0
0
0
0
0
0
0
0
0
0
0
0
0
0
0
0
0
0
0
0
0
0
0
0
0
0
0
0
0
0
0
0
0
0
0
0
0
0
0
0
0
0
0
0
0
0
0
0
0
0
0
0
0
0
0
0
0
0
0
0
0
0
0
0
0
0
0
0
0
0
0
0
0
0
0
0
0
0
0
0
0
0
0
0
0
0
0
0
0
0
0
0
0
0
0
0
0
0
0
0
0
0
0
0
0
0
0
0
0
0
0
0
0
0
0
0
0
0
0
0
0
0
0
0
0
0
0
0
0
0
0
0
0
0
0
0
0
0
0
0
0
0
0
0
0
0
0
0
0
0
0
0
0
0
0
0
0
0
0
0
0
0
0
0
0
0
0
0
0
0
0
0
0
0
0
0
0
0
0
0
0
0
0
0
0
0
0
0
0
0
0
0
0
0
0
0
0
0
0
0
0
0
0
0
0
0
0
0
0
0
0
0
0
0
0
0
0
0
0
0
0
0
0
0
0
0
0
0
0
0
0
0
0
0
0
0
0
0
0
0
0
0
0
0
0
0
0
0
0
0
0
0
0
0
0
0
0
0
0
0
0
0
0
0
0
0
0
0
0
0
0
0
0
0
0
0
0
0
0
0
0
0
0
0
0
0
0
0
0
0
0
0
0
0
0
0
0
0
0
0
0
0
0
0
0
0
0
0
0
0
0
0
0
0
0
0
0
0
0
0
0
0
0
0
0
0
0
0
0
0
0
0
0
0
0
0
0
0
0
0
0
0
0
0
0
0
0
0
0
0
0
0
0
0
0
0
0
0
0
0
0
0
0
0
0
0
0
0
0
0
0
0
0
0
0
0
0
0
0
0
0
0
0
0
0
0
0
0
0
0
0
0
0
0
0
0
0
0
0
0
0
0
0
0
0
0
0
0
0
0
0
0
0
0
0
0
0
0
0
0
0
0
0
0
0
0
0
0
0
0
0
0
0
0
0
0
0
0
0
0
0
0
0
0
0
0
0
0
0
0
0
0
0
0
0
0
0
0
0
0
0
0
0
0
0
0
0
0
0
0
0
0
0
0
0
0
0
0
0
0
0
0
0
0
0
0
0
0
0
0
0
0
0
0
0
0
0
0
0
0
0
0
0
0
0
0
0
0
0
0
0
0
0
0
0
0
0
0
0
0
0
0
0
0
0
0
0
0
0
0
0
0
0
0
0
0
0
0
0
0
0
0
0
0
0
0
0
0
0
0
0
0
0
0
0
0
0
0
0
0
0
0
0
0
0
0
0
0
0
0
0
0
0
0
0
0
0
0
0
0
0
0
0
0
0
0
0
0
0
0
0
0
0
0
0
0
0
0
0
0
0
0
0
0
0
0
0
0
0
0
0
0
0
0
0
0
0
0
0
0
0
0
0
0
0
0
0
0
0
0
0
0
0
0
0
0
0
0
0
0
0
0
0
0
0
0
0
0
0
0
0
0
0
0
0
0
0
0
0
0
0
0
0
0
0
0
0
0
0
0
0
0
0
0
0
0
0
0
0
0
0
0
0
0
0
0
0
0
0
0
0
0
0
0
0
0
0
0
0
0
0
0
0
0
0
0
0
0
0
0
0
0
0
0
0
0
0
0
0
0
0
0
0
0
0
0
0
0
0
0
0
0
0
0
0
0
0
0
0
0
0
0
0
0
0
0
0
0
0
0
0
0
0
0
0
0
0
0
0
0
0
0
0
0
0
0
0
0
0
0
0
0
0
0
0
0
0
0
0
0
0
0
0
0
0
0
0
0
0
0
0
0
0
0
0
0
0
0
0
0
0
0
0
0
0
0
0
0
0
0
0
0
0
0
0
0
0
0
0
0
0
0
0
0
0
0
0
0
0
0
0
0
0
0
0
0
0
0
0
0
0
0
0
0
0
0
0
0
0
0
0
0
0
0
0
0
0
0
0
0
0
0
0
0
0
0
0
0
0
0
0
0
0
0
0
0
0
0
0
0
0
0
0
0
0
0
0
0
0
0
0
0
0
0
0
0
0
0
0
0
0
0
0
0
0
0
0
0
0
0
0
0
0
0
0
0
0
0
0
0
0
0
0
0
0
0
0
0
0
0
0
0
0
0
0
0
0
0
0
0
0
0
0
0
0
0
0
0
0
0
0
0
0
0
0
0
0
0
0
0
0
0
0
0
0
0
0
0
0
0
0
0
0
0
0
0
0
0
0
0
0
0
0
0
0
0
0
0
0
0
0
0
0
0
0
0
0
0
0
0
0
0
0
0
0
0
0
0
0
0
0
0
0
0
0
0
0
0
0
0
0
0
0
0
0
0
0
0
0
0
0
0
0
0
0
0
0
0
0
0
0
0
0
0
0
0
0
0
0
0
0
0
0
0
0
0
0
0
0
0
0
0
0
0
0
0
0
0
0
0
0
0
0
0
0
0
0
0
0
0
0
0
0
0
0
0
0
0
0
0
0
0
0
0
0
0
0
0
0
0
0
0
0
0
0
0
0
0
0
0
0
0
0
0
0
0
0
0
0
0
0
0
0
0
0
0
0
0
0
0
0
0
0
0
0
0
0
0
0
0
0
0
0
0
0
0
0
0
0
0
0
0
0
0
0
0
0
0
0
0
0
0
0
0
0
0
0
0
0
0
0
0
0
0
0
0
0
0
0
0
0
0
0
0
0
0
0
0
0
0
0
0
0
0
0
0
0
0
0
0
0
0
0
0
0
0
0
0
0
0
0
0
0
0
0
0
0
0
0
0
0
0
0
0
0
0
0
0
0
0
0
0
0
0
0
0
0
0
0
0
0
0
0
0
0
0
0
0
0
0
0
0
0
0
0
0
0
0
0
0
0
0
0
0
0
0
0
0
0
0
0
0
0
0
0
0
0
0
0
0
0
0
0
0
0
0
0
0
0
0
0
0
0
0
0
0
0
0
0
0
0
0
0
0
0
0
0
0
0
0
0
0
0
0
0
0
0
0
0
0
0
0
0
0
0
0
0
0
0
0
0
0
0
0
0
0
0
0
0
0
0
0
0
0
0
0
0
0
0
0
0
0
0
0
0
0
0
0
0
0
0
0
0
0
0
0
0
0
0
0
0
0
0
0
0
0
0
0
0
0
0
0
0
0
0
0
0
0
0
0
0
0
0
0
0
0
0
0
0
0
0
0
0
0
0
0
0
0
0
0
0
0
0
0
0
0
0
0
0
0
0
0
0
0
0
0
0
0
0
0
0
0
0
0
0
0
0
0
0
0
0
0
0
0
0
0
0
0
0
0
0
0
0
0
0
0
0
0
0
0
0
0
0
0
0
0
0
0
0
0
0
0
0
0
0
0
0
0
0
0
0
0
0
0
0
0
0
0
0
0
0
0
0
0
0
0
0
0
0
0
0
0
0
0
0
0
0
0
0
0
0
0
0
0
0
0
0
0
0
0
0
0
0
0
0
0
0
0
0
0
0
0
0
0
0
0
0
0
0
0
0
0
0
0
0
0
0
0
0
0
0
0
0
0
0
0
0
0
0
0
0
0
0
0
0
0
0
0
0
0
0
0
0
0
0
0
0
0
0
0
0
0
0
0
0
0
0
0
0
0
0
0
0
0
0
0
0
0
0
0
0
0
0
0
0
0
0
0
0
0
0
0
0
0
0
0
0
0
0
0
0
0
0
0
0
0
0
0
0
0
0
0
0
0
0
0
0
0
0
0
0
0
0
0
0
0
0
0
0
0
0
0
0
0
0
0
0
0
0
0
0
0
0
0
0
0
0
0
0
0
0
0
0
0
0
0
0
0
0
0
0
0
0
0
0
0
0
0
0
0
0
0
0
0
0
0
0
0
0
0
0
0
0
0
0
0
0
0
0
0
0
0
0
0
0
0
0
0
0
0
0
0
0
0
0
0
0
0
0
0
0
0
0
0
0
0
0
0
0
0
0
0
0
0
0
0
0
0
0
0
0
0
0
0
0
0
0
0
0
0
0
0
0
0
0
0
0
0
0
0
0
0
0
0
0
0
0
0
0
0
0
0
0
0
0
0
0
0
0
0
0
0
0
0
0
0
0
0
0
0
0
0
0
0
0
0
0
0
0
0
0
0
0
0
0
0
0
0
0
0
0
0
0
0
0
0
0
0
0
0
0
0
0
0
0
0
0
0
0
0
0
0
0
0
0
0
0
0
0
0
0
0
0
0
0
0
0
0
0
0
0
0
0
0
0
0
0
0
0
0
0
0
0
0
0
0
0
0
0
0
0
0
0
0
0
0
0
0
0
0
0
0
0
0
0
0
0
0
0
0
0
0
0
0
0
0
0
0
0
0
0
0
0
0
0
0
0
0
0
0
0
0
0
0
0
0
0
0
0
0
0
0
0
0
0
0
0
0
0
0
0
0
0
0
0
0
0
0
0
0
0
0
0
0
0
0
0
0
0
0
0
0
0
0
0
0
0
0
0
0
0
0
0
0
0
0
0
0
0
0
0
0
0
0
0
0
0
0
0
0
0
0
0
0
0
0
0
0
0
0
0
0
0
0
0
0
0
0
0
0
0
0
0
0
0
0
0
0
0
0
0
0
0
0
0
0
0
0
0
0
0
0
0
0
0
0
0
0
0
0
0
0
0
0
0
0
0
0
0
0
0
0
0
0
0
0
0
0
0
0
0
0
0
0
0
0
0
0
0
0
0
0
0
0
0
0
0
0
0
0
0
0
0
0
0
0
0
0
0
0
0
0
0
0
0
0
0
0
0
0
0
0
0
0
0
0
0
0
0
0
0
0
0
0
0
0
0
0
0
0
0
0
0
0
0
0
0
0
0
0
0
0
0
0
0
0
0
0
0
0
0
0
0
0
0
0
0
0
0
0
0
0
0
0
0
0
0
0
0
0
0
0
0
0
0
0
0
0
0
0
0
0
0
0
0
0
0
0
0
0
0
0
0
0
0
0
0
0
0
0
0
0
0
0
0
0
0
0
0
0
0
0
0
0
0
0
0
0
0
0
0
0
0
0
0
0
0
0
0
0
0
0
0
0
0
0
0
0
0
0
0
0
0
0
0
0
0
0
0
0
0
0
0
0
0
0
0
0
0
0
0
0
0
0
0
0
0
0
0
0
0
0
0
0
0
0
0
0
0
0
0
0
0
0
0
0
0
0
0
0
0
0
0
0
0
0
0
0
0
0
0
0
0
0
0
0
0
0
0
0
0
0
0
0
0
0
0
0
0
0
0
0
0
0
0
0
0
0
0
0
0
0
0
0
0
0
0
0
0
0
0
0
0
0
0
0
0
0
0
0
0
0
0
0
0
0
0
0
0
0
0
0
0
0
0
0
0
0
0
0
0
0
0
0
0
0
0
0
0
0
0
0
0
0
0
0
0
0
0
0
0
0
0
0
0
0
0
0
0
0
0
0
0
0
0
0
0
0
0
0
0
0
0
0
0
0
0
0
0
0
0
0
0
0
0
0
0
0
0
0
0
0
0
0
0
0
0
0
0
0
0
0
0
0
0
0
0
0
0
0
0
0
0
0
0
0
0
0
0
0
0
0
0
0
0
0
0
0
0
0
0
0
0
0
0
0
0
0
0
0
0
0
0
0
0
0
0
0
0
0
0
0
0
0
0
0
0
0
0
0
0
0
0
0
0
0
0
0
0
0
0
0
0
0
0
0
0
0
0
0
0
0
0
0
0
0
0
0
0
0
0
0
0
0
0
0
0
0
0
0
0
0
0
0
0
0
0
0
0
0
0
0
0
0
0
0
0
0
0
0
0
0
0
0
0
0
0
0
0
0
0
0
0
0
0
0
0
0
0
0
0
0
0
0
0
0
0
0
0
0
0
0
0
0
0
0
0
0
0
0
0
0
0
0
0
0
0
0
0
0
0
0
0
0
0
0
0
0
0
0
0
0
0
0
0
0
0
0
0
0
0
0
0
0
0
0
0
0
0
0
0
0
0
0
0
0
0
0
0
0
0
0
0
0
0
0
0
0
0
0
0
0
0
0
0
0
0
0
0
0
0
0
0
0
0
0
0
0
0
0
0
0
0
0
0
0
0
0
0
0
0
0
0
0
0
0
0
0
0
0
0
0
0
0
0
0
0
0
0
0
0
0
0
0
0
0
0
0
0
0
0
0
0
0
0
0
0
0
0
0
0
0
0
0
0
0
0
0
0
0
0
0
0
0
0
0
0
0
0
0
0
0
0
0
0
0
0
0
0
0
0
0
0
0
0
0
0
0
0
0
0
0
0
0
0
0
0
0
0
0
0
0
0
0
0
0
0
0
0
0
0
0
0
0
0
0
0
0
0
0
0
0
0
0
0
0
0
0
0
0
0
0
0
0
0
0
0
0
0
0
0
0
0
0
0
0
0
0
0
0
0
0
0
0
0
0
0
0
0
0
0
0
0
0
0
0
0
0
0
0
0
0
0
0
0
0
0
0
0
0
0
0
0
0
0
0
0
0
0
0
0
0
0
0
0
0
0
0
0
0
0
0
0
0
0
0
0
0
0
0
0
0
0
0
0
0
0
0
0
0
0
0
0
0
0
0
0
0
0
0
0
0
0
0
0
0
0
0
0
0
0
0
0
0
0
0
0
0
0
0
0
0
0
0
0
0
0
0
0
0
0
0
0
0
0
0
0
0
0
0
0
0
0
0
0
0
0
0
0
0
0
0
0
0
0
0
0
0
0
0
0
0
0
0
0
0
0
0
0
0
0
0
0
0
0
0
0
0
0
0
0
0
0
0
0
0
0
0
0
0
0
0
0
0
0
0
0
0
0
0
0
0
0
0
0
0
0
0
0
0
0
0
0
0
0
0
0
0
0
0
0
0
0
0
0
0
0
0
0
0
0
0
0
0
0
0
0
0
0
0
0
0
0
0
0
0
0
0
0
0
0
0
0
0
0
0
0
0
0
0
0
0
0
0
0
0
0
0
0
0
0
0
0
0
0
0
0
0
0
0
0
0
0
0
0
0
0
0
0
0
0
0
0
0
0
0
0
0
0
0
0
0
0
0
0
0
0
0
0
0
0
0
0
0
0
0
0
0
0
0
0
0
0
0
0
0
0
0
0
0
0
0
0
0
0
0
0
0
0
0
0
0
0
0
0
0
0
0
0
0
0
0
0
0
0
0
0
0
0
0
0
0
0
0
0
0
0
0
0
0
0
0
0
0
0
0
0
0
0
0
0
0
0
0
0
0
0
0
0
0
0
0
0
0
0
0
0
0
0
0
0
0
0
0
0
0
0
0
0
0
0
0
0
0
0
0
0
0
0
0
0
0
0
0
0
0
0
0
0
0
0
0
0
0
0
0
0
0
0
0
0
0
0
0
0
0
0
0
0
0
0
0
0
0
0
0
0
0
0
0
0
0
0
0
0
0
0
0
0
0
0
0
0
0
0
0
0
0
0
0
0
0
0
0
0
0
0
0
0
0
0
0
0
0
0
0
0
0
0
0
0
0
0
0
0
0
0
0
0
0
0
0
0
0
0
0
0
0
0
0
0
0
0
0
0
0
0
0
0
0
0
0
0
0
0
0
0
0
0
0
0
0
0
0
0
0
0
0
0
0
0
0
0
0
0
0
0
0
0
0
0
0
0
0
0
0
0
0
0
0
0
0
0
0
0
0
0
0
0
0
0
0
0
0
0
0
0
0
0
0
0
0
0
0
0
0
0
0
0
0
0
0
0
0
0
0
0
0
0
0
0
0
0
0
0
0
0
0
0
0
0
0
0
0
0
0
0
0
0
0
0
0
0
0
0
0
0
0
0
0
0
0
0
0
0
0
0
0
0
0
0
0
0
0
0
0
0
0
0
0
0
0
0
0
0
0
0
0
0
0
0
0
0
0
0
0
0
0
0
0
0
0
0
0
0
0
0
0
0
0
0
0
0
0
0
0
0
0
0
0
0
0
0
0
0
0
0
0
0
0
0
0
0
0
0
0
0
0
0
0
0
0
0
0
0
0
0
0
0
0
0
0
0
0
0
0
0
0
0
0
0
0
0
0
0
0
0
0
0
0
0
0
0
0
0
0
0
0
0
0
0
0
0
0
0
0
0
0
0
0
0
0
0
0
0
0
0
0
0
0
0
0
0
0
0
0
0
0
0
0
0
0
0
0
0
0
0
0
0
0
0
0
0
0
0
0
0
0
0
0
0
0
0
0
0
0
0
0
0
0
0
0
0
0
0
0
0
0
0
0
0
0
0
0
0
0
0
0
0
0
0
0
0
0
0
0
0
0
0
0
0
0
0
0
0
0
0
0
0
0
0
0
0
0
0
0
0
0
0
0
0
0
0
0
0
0
0
0
0
0
0
0
0
0
