0
0
-4.087031581036397e-08
0
0.00663457080666638
0
0
0.0010656089475407585
0.0011226947320678265
0
0.02867823260908333
0.001695275371032841
0.0013795432145588282
0.0020370636915605644
0
0
0
0
0
0
0
0
0.015507447662795791
0.0003689770854744766
0.0008238097872529328
0
0
0
0
0
0
0.0006035900938170508
0
0
0.002201974133598354
0.0038289035198186684
0
0.003509710476545172
0
0
0.0004956277520200928
0.0014418144825274369
0
0
0
0
0
0
0
0.003170822264166671
0
0
0
0.0011294132833931882
0.006232735595791877
0
0
0.004365103458087452
0
0
0.001834566015104247
0.0027490912136713336
0.002093013255926992
0.0005584605489421689
0.004078317188489246
0
0
0
0.0007376466366060866
0.000685039179612356
0
0
0
0.00415464840295023
0
0
0
0
0
0
0
0
0
0
0.0013202316794194446
0
0.0020307434478530925
0
0
0
0
0
0
0
0.0026712941276015186
0
0
0.010465345235437566
0
0
0
0
0.0016548984024380776
0
0
0.009624332407390936
0.0009457188759838069
0.0025473767450365096
0
0.00047047688861042336
0
0
0
0
0.0006681799576169308
0
0
0
0
0
0
0
0
0
0
0
0
0
0
0
0
0.002684089412551664
0
0
0
0
0
0
0.00046127026660626116
0
0
0
0
0
0
0
0
0
0.0007639443272500226
0
0
0
0
0
0
0.0005683970648240996
0
0.0007047102248688844
0
0
0
0.000655434789178839
0
0
0
0.0016318129946328223
0.0008096019236921476
0
0
0
0
0
0
0.005642566100584574
0
0
0
0.005262836463408476
0
0
0
0.0013005274896500051
0
0.0012240268033765764
0
0
0
0
0
0.000952683086818015
0
0.003375856713639505
0
0
0
0.012677475914962542
0.00042418279304256516
0
0.0010308402147666356
0
0.0006466272229245306
0.004770335177953928
0.005350719437921655
0.009939200404809367
0
0
0
0
0
0.005337092365409645
0
0
0.003540394500665785
0
0
0
0.003957517038297291
0.0006175032645711152
0.0036371873720828065
0.004174978523875319
0.00040205966383930207
0
0.0011581641668852762
0
0
0
0.0026620276332684064
0
0
0
0
0
0.00381073234727206
0
0
0
0
0
0
0
0
0.0017594346796717202
0
0
0
0
0.0011745730635316786
0
0
0.0010195855367931953
0
0
0.0008187479307658298
0
0
0
0
0
0
0
0
0
0
0
0
0.0007448708277665584
0
0
0
0
0
0.0009335644124167559
0
0
0.0033763393022994176
0
0
0.0006322281735981129
0.0029855951348866034
0
0.00533237235459031
0.001414230054495072
0.0005358219440379331
0.0026750216554207356
0
0
0.0007183248979908942
0
0
0
0
0
0
0
0
0
0.0009237825602155102
0
0
0.001404489187400873
0
0.0008144726062593447
0
0
0
0.0005866937802887695
0
0
0
0
0.003896642861615359
0
0
0
0.0007591278443409566
0.0014532482925807178
0
0.004542348068778891
0.0004822652448056436
0
0
0.0008466107525970064
0
0.003235899499637397
0
0
0.0036511429621727156
0.0008275946243483276
0
0
0.004296843250122592
0
0.0022985172478623118
0.0032116967518783803
0.0033761261777427304
0.006378615838065006
0.001871278618173953
0
0.0043734113019335795
0.001256915554472691
0.0019803644885824268
0
0
0
0
0.0028966201410352646
0.00477979304176851
0
0
0
0
0.0035567714643775458
0
0
0
0
0
0
0
0
0
0
0.007084683207469078
0
0
0
0.003461844461194014
0
0.0009911028319145613
0.0007463487993271618
0.00072308599258289
0
0.001986061873293871
0
0.007947172044768813
0
0
0
0.0019320747953766608
0
0
0.0012360203989529286
0.006472856406911242
0
0.0005507934709425298
0
0
0
0
0
0.0030716759136336412
0
0
0.0037367068763489624
0
0
0
0
0
0
0.004752355695534939
0
0.001530398849067711
0
0
0
0
0
0.0015836744856752238
0.0016475686151528133
0
0
0.0005346664950074961
0
0.0023645039699774217
0
0
0
0
0
0.0007728165246519012
0
0
0
0
0
0
0
0
0
0.0008631231488743788
0.0004612335765633384
0
0
0.0010191087154369752
0.0009335644124167559
0
0
0
0.001255275592626427
0
0
0
0
0.0004649002174151075
0.0016275383978964844
0
0
0
0
0
0.0010208457990670355
0.004384112980666683
0
0
0
0.011879090221741292
0
0
0
0.001014514471353898
0.0008275946243483276
0
0
0.0018151071637051961
0.000626043463829841
0
0
0
0.0008752973408612045
0
0
0
0
0.002589142562764497
0
0.000892476667072766
0.0018999731055084426
0
0
0
0
0.0005820065084776613
0
0
0
0.0014715302762696417
0
0
0
0
0
0
0
0.0029209143697381725
0
0
0.0007549454690742375
0.0007508520873029245
0
0
0.0009136879957126339
0
0.004591196547203133
0.008159427593380121
0.0014375057771368906
0.0006617018477464829
0
0
0
0.004457394734926464
0
0.0008772406067300971
0.00041302188595125546
0.0038009390060554653
0
0
0
0
0.0013023324814067884
0
0
0
0
0
0
0.001662126058090109
0
0.0012284807056304776
0.0017028426864268628
0.004596596256908729
0.015345551810694089
0.0014946809193887077
0
0.0016819725485747862
0.061920231408733345
0.004199630627348672
0.002917141475195746
0
0.0019224799881535145
0.001527094841785488
0.0007901676938954829
0.0012143100402672252
0
0.0013059680678623223
0
0
0
0.002705971037720899
0.0016964331348228749
0
0
0
0
0
0.0005323762098004321
0.0010193976853120129
0
0.0007549454690742375
0.001576335979984948
0
0.0014865070666057925
0
0.0028371566279514204
0.0020015826756596402
0
0
0
0
0
0
0
0.0007299695282446711
0.0021640305977296483
0.0070202773607088926
0.001009615342898508
0.0026896980183113883
0.0007385943315533848
0.003526651119905487
0.0008967519915792513
0
0
0.01185466246981631
0
0
0
0
0
0.0014050999436089303
0
0.0004973822095731031
0
0
0
0.0006190280943657324
0.006709695424101857
0
0.003756260782979046
0
0.0010554812573742673
0.0007666731912346237
0.002664854071274542
0
0
0.002082737404849555
0
0.0011686717387857052
0.003940468847904163
0
0.0006576051132388698
0
0
0.0005148254185472899
0.0018773370648274413
0.0006886691304212023
0
0.0020445987672171664
0
0.0029261920164447563
0.0017086852260080323
0.0016374958615316597
0
0.0030524066517259303
0.0007653356349737548
0
0
0
0
0
0.0018741746182530136
0
0
0
0
0
0.0005092657129752721
0.004472307277886911
0
0
0
0.0011428732404075853
0.000879024109070946
0.0022434504776708375
0
0
0.0061653664646498145
0
0
0.004631318958143778
0
0.0007166223940899741
0
0
0.0012437107956149572
0.0017317299540424095
0
0
0.0015173626750102957
0
0.0006576051132388698
0
0.004912487584594979
0
0.0028678232609083325
0
0
0.0031275747119203297
0
0
0
0
0.0027478600179970235
0
0.00045682707407169993
0
0
0.0016154679714773077
0.006066617093652583
0
0.0020460611156968506
0
0.0014105985948744126
0
0.0006588563806434824
0.0007414657532957233
0.0011874444068001077
0.004733754947680864
0
0.002860969667101259
0.0028826106242337735
0
0.0018009641829543582
0
0.006355127926476418
0
0.004433270579519699
0.0005155690672709486
0.0023519687971650266
0
0.000886236714061386
0
0
0
0
0.0018711382183223316
0.0014999270983340313
0
0
0
0
0.000884200910034734
0
0
0.0007116034567901861
0
0.0008631231488743788
0.0005427325855038232
0
0
0.002047445873594457
0
0.0013650767222321612
0.0009758398957397784
0
0.0019400865370784543
0.0005089775006588
0
0.0012042288311013706
0
0.0016817351784723196
0.0006620206244312905
0.0006691707667697425
0.0005465456806689903
0
0.0008144726062593447
0.0006535938020653049
0.00886915667276413
0.0007539139294164104
0.0008733735079765213
0.0038244770444762046
0
0.0012042288311013706
0.0007473404596943539
0.0005207035771317401
0
0
0
0
0
0.0006879376402423376
0
0
0
0
0.005451503404794914
0
0.0017665881184191468
0
0
0
0
0
0
0
0
0.0007989113020771398
0
0
0.0020759870933278976
0.0019929439432123763
0.0009429507464239571
0.003942215982537136
0.0005766103361402431
0.0006762531009603382
0
0
0
0.0009964719716061882
0.0029136717116524883
0.001161495472288552
0.0017804959011696628
0.004078472977458161
0
0.0006330497336449486
0
0
0
0
0
0.004299147338550776
0.0021335731886410942
0
0.0016801219125007782
0.0010237229367972285
0.0007055084902684248
0
0
0
0
0.0024025928839016583
0
0.004844626225086274
0
0
0.000576405783558225
0
0
0
0
0
0
0.0020858819787963347
0.0011217939577694176
0.0018143132333740025
0.0005540420193633697
0.0008689216332854306
0
0.0008893313923514252
0
0.026754181725566928
0.0011410306650813558
0.00135264165751951
0.0017807482281308378
0.0006931174600519937
0
0
0.0016628085743204258
0
0
0
0
0
0.0009632201799864477
0.02089622838232112
0
0
0.000987823985330962
0
0
0.001014514471353898
0
0
0
0
0
0.0006190280943657324
0.0015422430417308302
0.0026073517226442755
0.0022127326444329382
0
0
0
0
0
0.0009586933432395847
0
0
0
0
0
0
0
0.00045671729849938405
0
0
0.0014559358241397601
0
0
0.0005780483266013254
0
0
0
0
0
0.0015056892124227347
0.0008041823629059421
0
0
0.0005697747400689685
0.0007261783020925208
0.0007183248979908942
0.0007554633204912655
0
0.0019489932733455638
0
0
0.003283359873491627
0.000897835834926357
0
0
0.004637965592321674
0
0
0
0
0
0
0.001421559102194454
0
0
0
0.0005228582745306506
0
0
0
0
0
0
0
0
0.001161495472288552
0
0
0
0
0
0
0
0
0
0.0014232069135803722
0
0
0
0
0
0.0031802256453021577
0
0.0013029360319156867
0.004336378742412486
0
0
0
0
0
0.0012437107956149572
0
0
0
0.0009351044190436592
0
0
0
0.0008041823629059421
0.0004658185088257765
0
0.0015952315952349476
0
0
0
0.00296973016596458
0
0
0.007981891280513078
0
0
0.025695398845095814
0
0
0
0
0
0.0011488840691829822
0
0
0
0.0005079721442858399
0.0006420385422071575
0
0
0
0
0
0
0
0
0
0
0
0
0.0016110460145060332
0
0
0
0
0.003999514112271879
0.018048997086873696
0
0
0.0009078754180680598
0
0
0
0
0
0
0
0
0.0006177565650491349
0.004166669533586236
0.001978691818672034
0.00549708529952533
0
0.0026750216554207356
0
0
0
0.0007887836119106485
0
0
0.0011158232271424554
0
0
0
0.007591545588388674
0
0
0
0
0.000884200910034734
0.0007534002263467916
0.0010818762403510824
0.0009283994932101018
0
0
0.0036517866531975028
0
0.0008194698141091448
0.002130155601812227
0
0
0.002026748861806944
0
0
0.0007315978628787262
0
0
0
0.0009148718867427181
0
0
0
0.0005832735713581647
0
0
0
0.0008275946243483276
0.003813214059526776
0
0.001971581178040935
0
0
0.000680771758387659
0
0
0.0013832464517170467
0
0
0
0.0014810076857308442
0
0.0005454982278894152
0
0
0.0008814402135283692
0
0
0
0
0
0
0.0038062681522420903
0
0
0.0018934145683882145
0
0
0
0
0
0
0
0.0014483016584436413
0
0
0.0005199398536783138
0.0015702381761219149
0.0007453622244200977
0.0003450084862579533
0
0
0.0007334388499922605
0
0.0009172617520752608
0
0.0020145080836099266
0
0.0012176830657432479
0.0004886360814321341
0.001475312037766641
0
0.0014725534013158362
0.0008268416618009756
0
0
0
0.0011905890169408827
0
0
0
0.0008946024531802276
0.002357175045388853
0
0
0
0
0
0
0
0
0
0
0
0
0
0
0
0
0
0
0
0
0
0
0.0005071145722034008
0
0
0
0
0
0
0.0021422896766282564
0
0
0
0
0
0
0.003827682470811123
0
0
0
0
0.000941581475979774
0
0
0
0.0006127528581474192
0
0
0
0
0.0005108586453262942
0
0.000857754009182752
0
0
0
0
0.002064909112995377
0
0
0
0
0
0.0015513502922448374
0.0033507632936530135
0
0
0
0.0008283505454987489
0
0
0
0.0014771886631067695
0
0
0
0.0020645492835870824
0
0.0009568374474683665
0
0
0
0
0
0.0008852161191730263
0.0049583015709468445
0
0.0008714687232549531
0
0
0.0022214377574763374
0
0
0
0
0
0
0
0.0007424324974670724
0
0
0
0
0.0033057729512519203
0
0.0006957606258625562
0
0.00033695132568679545
0
0
0
0
0
0
0.0006542055090521036
0
0
0
0
0
0
0
0
0
0.016901881862637483
0.0006010171697067667
0.0018037489654659533
0
0
0
0.004895438983898467
0
0
0
0
0.0020328965611410834
0
0
0
0
0
0.002274221086448442
0
0
0.00041469058028461024
0.0022619108464305
0
0.0006735242369757371
0
0
0
0.0012421603702644373
0.0011221713617923464
0.000616997661953518
0
0
0
0.0013664991392699935
0
0.005265152510632947
0
0.0012401028072299642
0.0012945712813822485
0.0006520729903094155
0.002196169382030913
0
0.001053218265886788
0.001894230321253055
0
0
0
0
0
0
0.0008811870360939107
0
0
0
0
0
0
0.0007661243130156151
0
0.00110663072870606
0.0006976710853089974
0.001834566015104247
0
0
0
0
0.0006349804621035454
0
0.0006953808001019334
0
0
0
0.0011091887184715879
0
0
0
0
0
0
0
0
0
0
0
0.0015444762556418698
0.001126224770287949
0
0.0003954825656091443
0.0008656122390918594
0
0
0
0
0
0
0
0
0
0
0
0
0
0
0
0
0
0
0
0
0
0
0
0
0
0
0
0.002991352853448405
0
0
0
0
0
0
0
0
0.0009309646203492833
0.0007554633204912655
0.0005866937802887695
0.0006529840339311612
0
0
0
0
0
0
0
0
0.00046859997923270804
0
0.0007756751461224187
0
0.0005715606581727678
0.0002893109695262519
0
0.00110663072870606
0
0.0007015498797088328
0.0010631296277793163
0
0.004577295887022729
0
0
0
0
0
0
0
0
0
0.0014110169805368496
0.0008306362953807712
0
0.0008116742778633504
0
0
0.0005573463661834947
0
0.0008384577662620967
0
0
0
0.0016178321405106914
0.0005555036156453898
0
0
0
0
0
0
0
0
0.0010604784652240675
0
0
0
0.002022608498067247
0.000799562340550445
0
0.004351463209551148
0
0
0
0
0
0
0
0
0
0
0.0012525771243451
0
0
0
0.0006481742412790994
0
0
0
0
0
0
0
0
0
0
0
0
0
0.0012209682264437386
0
0.003594458364630564
0
0
0
0
0
0
0
0.0008441283738290365
0
0.0019167031190943907
0.0024252122823515553
0
0.00655016094636598
0
0
0
0
0
0.0019822056638291227
0
0.0008130683541466837
0
0
0.0007178978574487023
0
0.0018016591198905673
0.0008772406067300971
0
0
0
0
0.002460583249250564
0
0
0
0
0
0
0
0
0
0
0
0
0.0016937714502868607
0.01028917364996678
0
0.004592339553963834
0
0.001036697404053006
0
0
0
0
0
0
0
0
0
0
0.000822384743893793
0.0007003780079517334
0
0
0
0
0
0.002785198479630305
0
0
0.0008151785948874636
0
0
0
0
0.03627167937364738
0
0
0.0008306362953807712
0
0
0.0007508520873029245
0
0
0
0
0
0
0.0008068730597075466
0
0.0022805634036332794
0
0
0
0
0.0006358138858702122
0
0
0
0
0.0034819798141182447
0
0
0
0
0
0
0
0
0.0007183248979908942
0.004999755457710048
0
0
0
0
0
0
0
0
0
0.0008586385242363551
0
0
0.00314290006051847
0
0
0
0
0.00086678767272407
0
0
0.0008559970866042077
0
0
0
0
0
0
0
0
0
0.0008306362953807712
0
0
0
0
0
0.003901695864904122
0.0015922704773507794
0
0
0
0
0.003975958600984023
0
0
0.0007677756680928354
0
0.0005877751866509145
0
0
0
0
0
0
0
0
0.0019041103637685115
0
0.0009322601248089492
0
0.0009471180216800517
0.003600088055865732
0
0
0
0
0
0
0
0
0
0
0
0.0007083287958495493
0.0015150975584711285
0
0.0021410363752545508
0
0
0.001415846709690801
0
0.0006961412030099409
0
0
0
0
0
0
0
0
0
0
0
0
0
0
0
0
0
0
0
0
0
0
0
0
0.0019484328239359383
0
0
0
0
0
0
0.0063292489742517695
0
0
0
0.002608747839582123
0
0
0.0017472838086456531
0.0015203756024221862
0
0.0007362337904622316
0
0
0.0008345072848381435
0
0
0
0
0
0.0011443193350732309
0
0
0
0
0
0
0
0
0
0.002225691138190419
0
0.0016057019928974658
0
0.0034452669392067573
0
0
0.0009946655575334988
0
0
0.0004924301988773379
0.0022405319716608846
0
0
0
0
0
0
0
0
0
0.0008967519915792513
0
0
0.0023058687190500096
0
0
0
0
0
0
0
0
0
0
0
0
0
0
0
0
0
0
0
0
0
0.0021360502098501408
0
0
0
0
0
0
0
0
0
0
0
0
0
0
0
0
0
0
0.0017555698545879642
0
0
0
0
0
0
0
0.0007797499483693305
0
0
0
0
0
0
0
0
0
0.0011792089911151838
0
0
0
0
0
0.0007851190880609574
0.001509890938148475
0
0
0
0
0.0020432862290757125
0
0.0007683292848353547
0
0
0
0.002274221086448442
0
0
0.0010076818423495463
0
0
0
0
0
0.0006493654629504962
0
0
0
0.0011344480042660837
0.0008604198488636726
0.0012114422254713112
0
0
0
0
0.0008260916347875748
0
0
0
0
0
0
0
0
0
0
0.004080710858184639
0.014525253231696405
0
0
0
0
0
0
0
0
0
0
0
0
0
0
0
0
0.000564514356138094
0
0
0
0
0
0
0.0009632201799864477
0
0
0
0
0.0006177565650491349
0.003152671959969896
0
0
0
0
0
0
0
0
0.0016389396282182895
0
0
0
0.00048428105038962296
0
0
0
0
0
0
0
0
0.0008137691989482422
0.001003872179537661
0
0
0
0
0
0
0
0
0
0
0
0
0
0
0
0.001868681693866582
0
0
0
0
0.0015926579176086312
0
0.0057123310913055345
0
0
0
0
0.001844264869284916
0
0.0030799990343575484
0
0
0
0.021528790307079722
0
0
0
0.0009090239688542282
0
0
0
0.0026648828754181407
0.0013221317493080872
0
0
0
0
0
0
0
0
0.001084726391521752
0
0
0
0
0
0
0
0
0
0
0.002047445873594457
0
0.001284077084414315
0
0
0.0014223821257607296
0.0007075187665043503
0.0007518672964412169
0
0.0007261783020925208
0
0
0
0
0
0
0
0
0
0
0
0.0012910413174437947
0
0
0
0.0011648558724304354
0
0
0
0
0
0
0
0
0
0.0042712803199776396
0
0
0
0
0
0
0
0
0
0
0
0
0
0
0
0
0
0.050104373126291894
0
0
0
0.003470766977965332
0.0011192283016132904
0
0
0
0
0
0.0015952315952349476
0
0
0
0
0
0
0
0.0008151785948874636
0
0
0.0009572077629983552
0
0
0
0
0
0
0
0.0006563619316251548
0.0007768305951528558
0
0
0
0
0
0
0
0
0
0
0
0
0
0.0036466056498620776
0
0
0
0
0
0
0
0
0
0
0
0
0
0
0
0
0
0
0
0
0
0
0
0.00442559721518679
0.0014375057771368906
0
0
0
0.0008035155279739518
0
0.0023392498451079912
0
0
0
0
0
0
0
0
0
0
0
0
0.0013079218862634878
0
0
0
0
0.10245847423377855
0
0.0006566719746983255
0
0
0
0
0
0
0
0
0
0
0
0
0
0
0
0
0.0007722498624299396
0.0013375776538331798
0
0
0
0
0
0
0
0.0006263082700454477
0.0015939426045134077
0
0
0
0
0
0.0028513838772103108
0
0
0
0
0
0
0
0
0
0
0
0
0
0
0
0
0
0
0
0
0.0059988587860379024
0
0
0
0
0
0.0009457188759838069
0
0
0
0
0
0
0
0
0
0
0.0008772406067300971
0.0019420199526449758
0
0
0
0.0010301008143110608
0
0
0.000558833381782238
0
0
0
0.0010656089475407585
0
0.002274442004538941
0.0028109157342577035
0
0
0
0
0
0
0
0
0
0
0
0
0
0
0
0
0
0
0
0.0008499712168217834
0
0
0
0
0
0
0
0
0
0
0
0
0
0
0
0
0
0
0
0
0
0
0
0
0.000847445381607895
0
0
0.002609659380911365
0
0
0
0
0
0
0
0
0
0
0.001811197370323498
0
0
0
0
0
0
0
0
0
0
0
0
0
0
0
0
0
0
0
0
0
0
0
0
0
0
0
0
0
0
0.0008015287803487402
0
0
0
0.000998295508342345
0
0
0
0
0
0
0.0010322746417935412
0
0
0
0
0
0
0
0
0
0
0
0.000940221882439356
0.0009233696201619443
0
0
0
0
0
0
0
0
0
0
0
0
0
0
0
0
0
0
0
0.00144617198516578
0
0
0.0011344480042660837
0
0
0
0.0008613167348016893
0
0
0
0
0
0
0
0
0
0
0
0
0
0
0
0
0
0
0
0.0007367035872409063
0
0
0
0.00129897228725716
0
0.0008392576912618396
0
0.0008935366239429026
0
0
0
0
0
0
0
0
0
0
0
0
0
0
0
0
0
0
0.0012152250630828919
0
0
0.0017933745988526584
0
0
0
0
0
0
0
0.0006681799576169308
0
0
0
0
0.002000272990911759
0
0
0
0.0008586385242363551
0
0
0
0
0
0
0
0
0
0
0
0
0
0
0
0
0
0
0
0
0
0
0
0
0
0.0007628635284227384
0
0
0
0.0006931174600519937
0
0.0017016411709306453
0
0
0
0
0
0
0
0
0
0
0
0.0008231204300112235
0
0
0
0
0
0
0
0
0
0
0.0011888300801060768
0
0
0
0
0
0.001041224240799869
0
0
0
0.0013693598466526476
0
0
0
0.000900022013966433
0.002514832290820633
0
0
0
0
0
0.0033824827803322706
0
0.0009172617520752608
0
0
0.0011938272879558768
0
0.0009758398957397784
0.0017067828515047766
0
0
0
0
0
0
0
0
0
0
0
0.0013456960529790061
0.0012029648437860928
0
0
0
0
0
0
0.001342335652837123
0
0
0
0
0
0
0
0
0
0
0.0046841953673881975
0
0
0
0
0
0
0
0
0
0
0
0
0
0
0
0
0
0
0
0
0
0
0
0
0
0
0
0
0.000927129642492258
0
0
0
0
0
0
0
0
0
0
0.00144442305774305
0
0
0
0
0
0
0
0
0
0
0
0
0.001198957770272568
0
0
0
0
0.00086678767272407
0
0
0
0
0
0
0
0
0
0
0
0
0
0
0
0
0
0
0.0012666487370056286
0
0
0
0
0
0
0
0
0
0
0
0
0
0.004004355322724092
0
0
0
0
0
0
0
0
0
0
0.0007498422073710001
0
0.0006529840339311612
0
0
0
0
0
0
0
0.0024537762599928076
0
0
0
0
0
0
0.0008482836473579826
0
0
0.009363759016362895
0
0
0
0.000912511345651565
0
0
0
0.0011334853181876887
0
0.002349146127063357
0
0
0
0
0
0
0
0
0
0.001198957770272568
0
0
0
0
0
0
0
0
0
0
0
0
0
0
0
0.0016915594578125138
0
0
0
0
0
0
0
0
0
0
0
0
0
0
0
0
0.013689396527645663
0.001009615342898508
0.0008466107525970064
0
0.005587837215472938
0.0008352909180408438
0
0
0.0008914225182146233
0
0
0
0.0011449172959619868
0
0.0008102902309926255
0
0.0015862980476774226
0.013270371648445705
0
0.0022525562619087735
0
0
0
0
0.0010237229367972285
0
0
0.0009662983526194683
0
0
0.0013859259470769094
0
0
0
0
0
0
0
0
0
0
0.0014426820440461322
0
0.0012042288311013706
0
0
0
0
0
0
0.0008345072848381435
0
0.0017663820602056189
0
0
0
0
0
0.0007311403556826957
0
0
0
0
0
0
0
0
0
0
0.0057027677544206215
0.001686615963207724
0
0
0
0
0
0
0
0
0
0
0
0
0
0
0
0
0
0
0
0
0
0
0
0
0.030555795750462994
0
0
0
0
0
0
0
0
0
0
0
0
0
0
0
0
0
0
0
0
0
0
0
0
0
0
0
0
0
0
0
0
0
0.0034945676172913063
0
0
0
0
0
0
0
0
0
0
0
0.0028681864386594837
0
0
0.000982474404410646
0.0008345072848381435
0
0
0
0
0.0008705233568058516
0
0
0
0
0
0
0
0
0
0
0
0
0
0
0
0.0009557335666256024
0
0
0
0
0
0
0
0
0
0
0
0
0
0
0
0
0
0
0
0
0.0010554812573742673
0
0.0005871256136581084
0
0.0012393041594572678
0.0013736911873700906
0.0007591278443409566
0
0
0
0
0
0
0
0
0
0
0
0
0.001003872179537661
0
0
0
0
0
0
0
0
0
0
0
0.0014877835679965755
0.0008782196504983678
0
0
0
0
0
0
0
0.0008360777562962353
0
0
0
0
0
0
0
0
0
0
0
0
0
0
0
0
0
0.003258456745912783
0
0
0
0
0
0
0
0
0
0
0
0
0
0
0
0
0
0
0
0
0
0
0
0
0
0
0.004570732605655353
0
0
0
0
0
0
0.006638819729454779
0
0
0
0
0
0
0
0
0
0
0
0
0
0
0
0.0007976157976174738
0
0
0
0
0
0
0
0
0
0
0
0
0
0.00564706641696594
0
0
0
0
0.0020737544210820795
0
0
0
0
0
0
0
0
0
0
0
0
0
0.0008096019236921476
0
0
0.0005813760927788704
0
0
0
0
0
0
0
0
0
0
0
0
0
0
0
0
0
0
0
0
0
0
0
0
0
0
0
0
0
0
0
0
0
0
0
0
0
0
0
0
0
0
0
0
0
0
0
0
0
0
0
0
0
0
0
0
0
0
0
0.00129897228725716
0
0
0
0
0
0
0
0
0
0
0.002349146127063357
0
0
0
0
0
0
0.0009172617520752608
0
0
0
0
0
0
0
0
0
0
0
0
0
0
0.002603144445511156
0
0
0
0.006093663497640961
0
0
0
0
0
0.0008733735079765213
0
0
0
0
0
0
0
0
0
0
0
0
0
0
0.0009296777815361248
0
0
0
0.003214515902251485
0
0
0
0
0
0
0
0
0
0
0
0
0
0
0
0
0
0
0
0
0
0
0.0006879376402423376
0
0
0
0
0
0.0020602016286221216
0
0
0
0.0020516509796091507
0
0
0
0.000982474404410646
0
0
0
0
0
0.0028784469472162093
0
0.0018609242510603003
0
0
0
0
0.0020540397699789713
0
0
0
0
0
0
0
0
0
0
0
0
0.001698251163357673
0
0
0
0
0
0
0
0
0
0
0
0.0008882942918060469
0.00343475188788596
0
0
0
0
0
0.001715508018365504
0
0
0
0
0
0
0
0
0
0
0.0012869635448420928
0.0010996471753512778
0
0
0
0
0.0006508649380807038
0
0
0
0
0
0
0
0
0
0
0
0
0
0
0
0
0
0
0
0
0
0
0
0
0
0
0
0
0
0
0
0
0
0
0
0
0
0.001198957770272568
0
0
0
0
0
0
0
0
0
0
0
0
0
0
0
0
0
0
0
0
0
0
0
0
0
0
0
0
0
0
0
0
0.0005811664124471995
0
0
0
0
0
0
0
0
0
0
0
0
0.0037718029856958282
0
0
0
0.0009632201799864477
0
0
0
0
0
0
0
0
0
0
0
0
0
0
0
0
0
0
0
0
0
0
0
0
0
0
0
0
0
0.0010506105748070702
0
0
0
0
0
0
0
0
0
0
0
0
0
0
0
0
0
0
0
0
0
0.00091968167939478
0
0
0
0
0
0
0
0
0
0
0
0
0
0
0
0
0
0
0
0
0
0
0
0
0
0
0
0
0
0
0
0
0
0
0
0
0
0
0
0
0
0
0
0
0
0
0
0
0
0
0
0
0
0
0
0
0
0
0
0
0
0
0
0
0.0010682264258123591
0
0
0
0
0
0
0
0
0
0
0
0
0
0
0
0
0.002173215559352827
0
0
0
0
0
0
0
0
0
0
0
0
0
0.0008102902309926255
0
0
0
0
0
0
0
0
0
0.0008604198488636726
0
0
0
0
0
0
0
0
0
0
0
0
0
0
0
0.00091968167939478
0
0
0
0
0
0
0
0
0
0
0
0
0
0
0
0
0.0023679187950777594
0
0
0
0
0
0
0
0.001686615963207724
0.001041224240799869
0
0
0
0
0
0
0
0
0
0
0
0
0
0
0.0009078754180680598
0
0
0
0
0
0.0008903741140654189
0
0
0
0
0
0
0
0.0011334853181876887
0
0
0
0
0.000741948518129395
0
0
0
0
0
0
0
0
0
0
0
0
0.0005507934709425298
0
0
0
0
0
0.0010175497327665434
0
0
0
0
0
0
0.0010301008143110608
0
0
0
0
0.0009283994932101018
0
0
0.0027517852562257824
0
0
0
0
0
0
0
0
0
0.000927129642492258
0.0008956742202155211
0
0
0
0.0018750623712755032
0
0
0
0
0
0.004010943762360081
0
0
0
0
0
0
0.006739928584063752
0
0
0
0
0
0
0
0.00279995585990946
0
0
0.001245826197101685
0
0
0.0011027754017598542
0
0
0
0
0
0
0
0
0
0
0
0
0
0
0
0
0
0
0
0
0
0
0
0
0
0
0
0
0
0
0
0
0
0
0
0
0
0
0
0
0
0
0.0009443298325106467
0
0
0
0
0
0
0.0009726065139936491
0
0
0
0
0
0
0
0
0.001126224770287949
0
0
0
0
0
0
0.003999239190691935
0
0
0
0
0
0.0010237229367972285
0
0
0
0
0
0
0
0
0
0
0
0
0
0
0
0.0008914225182146233
0.0011529343595250048
0
0
0
0
0
0
0
0
0
0.000905598685161749
0
0
0
0
0
0
0
0
0
0
0
0
0
0
0.004350477614847716
0
0
0
0
0
0
0
0
0.004508154133249642
0
0
0.0008089160702553457
0
0
0
0
0
0
0
0
0
0
0
0
0
0
0.003994556510385699
0
0
0
0
0
0
0
0
0
0
0
0
0
0
0
0
0
0
0
0
0
0
0
0.0009726065139936491
0
0
0.0009296777815361248
0
0
0
0
0.0011410306650813558
0
0
0
0
0.0011792089911151838
0
0
0
0
0
0
0
0
0
0
0
0
0
0
0
0
0
0
0
0.0007503464846853275
0.0012393041594572678
0
0.001087619403711929
0
0
0
0
0
0
0
0.0012393041594572678
0
0
0
0
0
0
0.0011298207943379974
0
0
0
0.0009662983526194683
0
0.01297129890226702
0
0
0
0
0
0
0
0
0
0
0
0
0
0.0006059593563391851
0
0
0
0
0
0
0
0
0
0
0
0
0
0
0
0
0
0
0.0010965690027182572
0
0
0
0
0.0008508205854653227
0
0
0
0
0
0
0
0
0
0
0
0
0
0
0
0
0
0
0
0
0
0
0
0
0
0
0
0
0
0
0.0007596570927772571
0
0
0
0
0
0
0
0
0
0
0.007839129293434513
0
0.000892476667072766
0
0
0
0
0
0
0
0
0
0
0
0
0
0
0
0
0
0
0
0
0
0
0
0
0
0
0
0
0
0
0
0
0
0
0
0
0
0
0
0.0014790934361578877
0.0018157508361361196
0
0
0
0
0
0
0
0
0
0
0
0
0
0.016714021620134165
0.001005767580931084
0
0
0.0008533914257523883
0
0
0
0
0
0
0.0017429374465099063
0
0
0
0
0
0
0
0
0
0
0
0
0.0030799990343575484
0
0
0
0
0.0008852161191730263
0
0
0.0019929439432123763
0
0
0
0
0
0
0
0
0
0
0
0
0
0
0
0
0
0
0
0
0
0.0017119941732084154
0
0.001036697404053006
0.0013158343358936181
0.007361328779978422
0.000864032756645819
0.010185265250154332
0.005067336563677993
0.007132673663931872
0.002720473905456426
0.0009542705809801197
0
0
0
0
0
0
0
0
0
0
0
0
0
0
0
0
0
0
0
0
0
0
0
0
0
0
0
0.003760887529757424
0
0
0
0
0
0
0
0
0
0
0
0
0
0.007094295026587876
0
0
0
0
0
0
0
0
0.003245628721053247
0
0
0
0
0
0
0
0
0
0
0
0
0
0.0008096019236921476
0
0
0
0
0
0
0
0
0
0
0
0
0
0
0
0
0
0
0.0008649466856105358
0
0
0
0
0
0
0
0
0
0
0
0
0
0
0
0
0
0
0
0
0
0
0
0
0
0
0
0
0
0
0
0
0
0
0
0
0
0
0
0
0
0
0
0
0
0
0
0
0
0
0
0
0
0
0.001647717880533092
0
0
0
0
0
0
0
0
0
0
0
0
0
0
0
0
0
0
0
0
0
0
0
0
0
0
0
0
0
0
0
0
0
0
0
0
0.001003872179537661
0
0.0011334853181876887
0
0
0
0
0
0
0
0
0
0
0
0
0
0
0
0
0
0
0
0
0
0
0
0
0
0
0
0
0
0
0.0008658649770212048
0
0.0008102902309926255
0
0
0
0
0
0
0
0
0
0
0.0012268881299964038
0
0
0
0
0
0
0.0006748838305161551
0
0
0
0
0
0
0
0
0
0
0
0
0
0
0
0
0
0
0
0.004371665098088684
0
0
0
0
0
0
0.0008231204300112235
0
0
0
0
0
0
0
0
0
0
0
0
0
0
0
0
0
0.0011888300801060768
0
0
0
0
0
0
0
0
0
0
0
0
0.0007666731912346237
0
0
0
0
0
0
0
0.0008408675892361598
0
0
0
0
0
0
0
0.0009928759475561395
0
0
0
0
0
0
0
0
0
0
0
0
0
0
0
0
0
0
0
0
0
0
0
0
0
0
0
0
0
0
0
0
0
0
0
0
0
0
0
0
0
0
0
0
0
0
0
0
0
0
0
0.0006701667052421423
0
0
0
0
0
0
0
0
0
0
0
0
0
0.0011449172959619868
0
0
0
0
0
0
0
0.0058728653176583915
0
0
0
0
0
0
0
0
0
0
0
0
0
0
0
0
0
0
0
0
0
0
0
0
0
0
0
0
0
0
0
0
0.007311403556826955
0
0
0
0
0
0
0
0
0
0
0
0
0.002194793588636179
0
0
0
0
0
0
0
0
0
0
0
0
0.0018619292406985666
0
0
0
0
0
0
0
0.0007956887529380833
0
0
0
0
0
0
0
0
0.0009616993682305583
0
0
0
0
0
0
0
0
0
0
0
0.008463854528739208
0
0
0.0016275383978964844
0
0.0016612725907615424
0
0
0
0.0015203756024221862
0
0
0
0
0
0
0
0
0
0
0
0
0
0
0
0
0
0
0
0
0
0
0
0
0
0
0
0
0
0
0
0
0
0
0
0
0.002654352221375372
0
0
0
0
0
0
0
0
0
0
0
0
0
0
0
0
0
0
0
0
0.0007785768856782727
0
0.0007768305951528558
0
0
0
0.0011656234645253504
0
0
0
0
0
0
0
0.005788518659352134
0
0
0
0
0
0
0
0
0
0
0
0
0
0
0
0
0
0.0012668341409194982
0
0
0
0
0
0
0
0
0
0
0
0
0
0
0
0
0
0
0
0
0
0
0
0
0
0
0.0013079218862634878
0
0.0017317299540424095
0
0
0
0
0
0
0
0
0
0
0
0.001003872179537661
0
0
0.0029628146601820113
0
0
0
0
0
0
0
0
0
0
0.0008209217582483102
0
0
0
0
0
0
0
0
0.0009601904845327849
0
0
0
0
0
0
0
0
0
0.0010790676987156164
0
0
0
0
0
0.0007320564606769711
0
0.0011792089911151838
0
0
0
0
0
0
0
0
0
0
0
0
0
0
0
0
0
0
0
0
0
0
0
0
0
0
0
0
0
0
0
0
0
0
0
0
0
0.000884200910034734
0
0
0
0
0
0
0
0
0
0
0
0
0
0
0
0
0.0009361998191805422
0
0
0
0
0
0
0
0.0020602016286221216
0
0
0
0.0010579636361422373
0.0008686464474281363
0
0
0
0
0
0
0
0
0
0
0
0
0
0
0
0
0
0
0
0
0
0
0
0
0
0
0
0
0
0
0
0
0
0
0
0
0
0
0
0
0
0
0
0
0
0
0
0
0
0
0
0
0
0
0
0
0
0
0
0
0
0
0
0
0
0
0
0
0
0
0
0
0
0
0.0017085121279910558
0
0
0
0
0
0
0
0
0
0
0
0
0
0
0
0
0
0
0
0
0
0
0
0
0
0
0
0
0
0
0
0
0
0
0
0
0
0
0
0
0
0
0
0
0
0
0
0
0
0
0
0
0
0
0
0
0
0.0014752932732121733
0
0
0.0010762995691557665
0
0
0
0
0
0
0
0
0
0
0
0
0
0
0
0
0
0
0
0
0
0
0
0
0
0
0
0
0
0
0
0
0
0
0
0
0
0
0
0
0
0
0
0
0
0
0
0.0027928938610478496
0
0
0
0
0
0
0
0
0
0
0
0
0
0
0
0
0
0
0
0
0
0
0
0
0
0
0
0
0
0
0
0
0
0
0.0011372210022694705
0
0
0
0
0
0
0
0
0
0
0
0
0
0
0
0
0
0
0.004315615744371894
0
0
0
0
0
0.0007099591588720526
0
0
0
0
0
0
0
0
0
0
0
0
0
0
0
0
0
0
0
0
0
0
0
0
0
0
0
0
0
0
0
0
0
0
0
0
0
0
0
0
0
0.0011529343595250048
0
0
0
0
0
0
0
0
0
0
0
0
0
0
0
0
0
0
0
0
0
0
0
0
0
0
0
0
0
0
0
0
0
0
0
0
0
0
0
0
0
0
0
0
0
0
0
0
0
0
0
0.009428700181555411
0
0
0
0
0
0
0
0
0
0
0
0
0
0
0
0.0027100457439635894
0
0
0
0
0
0
0
0
0
0
0
0
0
0
0
0
0
0
0
0
0
0
0
0
0
0
0
0
0
0
0
0
0
0
0.0034239883464168308
0
0
0
0
0
0
0
0
0
0
0
0
0
0
0
0
0
0
0
0
0
0
0
0.002820665647318068
0.002169452783043504
0
0
0
0
0
0
0
0
0
0
0
0
0
0
0.002181113171460329
0
0
0
0
0
0.0011298207943379974
0
0
0
0
0
0
0
0
0
0
0
0
0
0
0
0
0
0
0
0
0
0
0
0
0
0
0
0
0
0
0.0007011584621063342
0
0
0
0
0
0
0
0
0
0
0
0
0
0
0.0036453673940903828
0
0
0
0
0
0
0
0
0
0
0
0
0
0
0
0
0
0
0
0
0
0
0
0
0
0
0
0
0
0.0008595271248243301
0
0
0
0
0
0
0
0
0
0
0
0
0
0
0
0
0
0
0
0
0
0
0
0
0
0.002141760016739122
0
0
0
0
0
0
0
0
0
0
0
0
0
0
0
0
0
0
0
0
0
0
0
0
0
0
0
0
0
0
0
0
0
0
0
0
0
0
0
0
0
0
0
0
0
0
0
0
0
0
0.000739069935467465
0
0
0
0
0
0
0
0
0
0
0
0
0
0
0
0
0
0
0
0
0
0
0
0
0
0
0
0
0
0
0
0
0
0
0
0.0011091887184715879
0
0
0.00598270570689681
0
0
0
0
0
0
0
0
0.0011745730635316786
0
0
0
0
0
0
0
0
0
0
0
0
0
0
0
0
0
0
0
0
0
0
0
0
0
0
0
0
0
0
0
0
0
0
0
0
0
0
0
0
0
0
0
0
0
0
0
0
0
0
0
0
0
0
0
0
0
0
0
0
0
0
0
0
0
0
0
0
0.0010818762403510824
0
0
0
0
0
0
0
0
0
0
0
0
0
0
0
0
0
0
0
0
0
0.0010195855367931953
0
0
0
0
0
0
0
0
0
0
0
0
0
0
0
0
0
0
0
0
0
0
0
0
0
0
0
0
0
0.0009876048867273372
0
0
0
0
0
0
0
0
0
0
0
0
0
0
0
0
0
0
0
0
0
0.0036315016722722393
0
0
0
0
0
0
0
0
0
0
0.0012904205822608472
0
0
0
0
0
0
0
0
0
0
0
0.0011792089911151838
0
0
0
0.0009616993682305583
0
0
0
0
0
0
0
0.001009615342898508
0
0
0
0
0
0
0
0
0
0.001245826197101685
0
0
0
0
0
0
0
0.0011839593975388797
0
0
0
0.006730543920258911
0
0
0
0
0
0
0
0
0
0
0
0
0
0
0.003298941526053833
0
0.0013173082202706892
0
0
0
0
0
0
0
0
0
0
0
0.004000545981823518
0
0.0031034199406693628
0
0
0
0
0
0
0
0
0
0
0
0
0
0
0
0
0
0.000948527417619273
0
0
0.0009148718867427181
0
0
0
0
0
0
0
0
0
0.0010389475078935585
0
0
0
0
0
0
0
0
0
0
0
0
0
0
0
0
0
0
0
0
0
0
0
0
0
0
0
0
0
0
0
0
0
0
0
0
0
0
0
0
0
0
0
0
0
0
0
0
0
0
0
0
0
0
0
0
0
0
0
0
0
0
0
0
0
0
0
0
0
0
0
0
0
0
0
0
0
0.002175238807423858
0
0
0
0
0
0
0.002748189325242345
0
0
0
0
0
0
0
0
0
0
0
0
0
0
0
0
0
0
0
0
0
0
0
0
0
0
0
0
0
0
0
0
0
0.0013079218862634878
0
0
0
0.0026495730903084284
0
0
0
0
0
0
0
0
0
0
0
0
0
0
0
0
0
0
0
0
0
0
0
0
0
0
0
0
0
0
0
0
0
0
0
0
0
0
0
0
0
0
0
0
0
0
0
0
0
0
0
0
0
0
0
0
0
0
0
0
0
0
0
0
0
0
0
0
0
0
0
0
0
0
0
0.001245826197101685
0
0
0
0
0
0
0
0
0
0
0
0
0
0
0
0
0
0
0
0
0
0
0
0
0
0
0
0
0.0010530305021265894
0
0
0
0
0
0
0
0
0
0
0
0
0
0
0
0
0
0
0
0
0
0
0
0
0
0
0.0007458548794531245
0
0
0
0
0
0
0
0
0
0
0
0
0
0
0.0010630266042679342
0
0
0
0
0
0
0
0
0
0
0
0
0
0
0
0
0
0
0
0
0
0
0
0
0
0
0
0
0
0
0
0
0
0
0
0
0
0
0
0
0
0
0
0
0
0
0
0
0
0
0
0
0
0
0
0
0
0
0
0
0
0
0
0
0.0008801928132854377
0
0
0
0
0
0
0
0
0
0
0
0
0
0
0
0
0
0
0
0.0022898345919239735
0
0
0
0
0
0
0
0.0012042288311013706
0
0
0.0019929439432123763
0
0
0
0.0011613000986438464
0
0
0
0
0
0.0014001829636513074
0
0
0
0
0
0
0
0
0
0
0
0
0
0
0
0
0
0
0
0
0
0.0010389475078935585
0.001735429630340771
0
0
0
0
0
0
0
0
0
0
0
0
0
0
0
0
0
0
0
0
0
0
0
0
0
0
0
0
0
0
0
0
0
0
0
0
0
0
0
0
0
0
0
0
0
0
0
0
0
0
0
0
0
0
0.008079264835318196
0
0
0
0
0
0
0
0
0
0.0011372210022694705
0.009540670355907856
0
0
0
0
0
0
0
0
0
0
0
0
0
0
0
0
0
0
0
0
0
0
0
0
0
0
0
0.004516742906605983
0
0
0
0
0
0
0
0
0
0.0012904205822608472
0
0
0
0
0
0
0
0
0
0
0
0
0
0
0
0
0
0
0
0
0
0
0
0
0
0
0
0
0
0
0
0
0
0
0
0
0
0
0
0
0
0
0
0
0
0
0
0
0
0
0
0
0
0
0
0
0
0
0
0
0
0
0
0
0
0
0
0
0
0
0
0
0
0
0
0
0
0
0
0
0
0
0
0
0
0
0
0
0
0
0
0
0
0
0
0
0
0
0
0
0
0
0
0
0
0
0
0
0
0
0
0
0
0
0
0
0
0
0
0
0
0
0
0
0
0
0
0
0
0
0
0
0
0
0
0
0
0
0
0
0
0
0
0
0.0012668341409194982
0
0
0
0
0
0
0
0
0
0
0.0008392576912618396
0
0
0
0
0.0008967519915792513
0
0
0
0
0
0
0
0
0
0
0
0
0
0
0
0
0
0
0
0
0
0.0013375776538331798
0
0
0
0
0
0
0
0
0
0
0
0
0
0
0
0
0
0
0
0
0
0
0
0
0
0
0
0
0
0
0
0
0
0
0
0
0
0
0
0
0
0
0
0
0
0
0.003166443772122802
0
0
0
0
0
0
0
0
0
0
0
0
0
0
0
0
0.009440017200702908
0
0
0.0038467974729222334
0
0
0.0009586933432395847
0.0010175497327665434
0
0
0
0
0
0
0
0
0
0
0
0
0
0
0
0
0
0
0
0
0
0
0
0
0
0
0.016827796855449894
0
0.00519588914902864
0
0
0
0
0
0
0
0
0
0
0.0011059553367254583
0
0
0
0
0
0
0
0
0
0
0.002720473905456426
0
0
0
0
0
0
0
0
0
0
0
0
0
0
0
0
0
0.0025808411645216944
0
0.00183936335878956
0
0
0
0
0
0
0
0
0
0
0
0
0
0
0
0
0
0
0
0
0
0
0
0
0
0
0
0
0
0
0
0
0
0
0
0
0
0
0
0
0
0
0
0
0.002898895057858405
0
0
0
0
0
0
0
0
0
0
0
0
0
0
0
0
0
0
0.0011410306650813558
0
0
0
0
0.0013485738858147014
0
0
0
0.0029082797370841343
0
0
0
0
0
0.0018859014928479141
0.0009309646203492833
0.003150271730578162
0
0
0
0.002441936452887477
0
0
0
0
0.012413679762677451
0
0
0.024946667047384366
0
0
0
0
0.0019616982372954554
0
0
0
0
0
0
0
0
0
0
0
0.013601823818252264
0.004350477614847716
0
0
0.017227939989296122
0
0
0
0.0012268881299964038
0
0
0
0
0
0
0
0
0
0
0
0
0
0
0
0
0
0.008340020673203273
0.001360236952728213
0
0
0
0
0
0
0
0
0
0
0
0
0
0
0
0
0
0
0
0
0
0.003717912478371803
0.008588216909974826
0
0
0
0
0.001084726391521752
0
0.0012822328919147917
0
0
0.0009928759475561395
0
0
0
0
0
0
0
0
0
0
0
0
0
0.003046605739353519
0
0
0
0
0
0.00597434310184009
0.0012209682264437386
0
0
0
0
0
0.0007912659906786184
0
0.2273836872866755
0.07463471226654253
0
0
0
0
0
0
0
0.01807617380700891
0
0
0
0.0024537762599928076
0
0
0
0
0
0
0.02548047086363882
0.016804159423501608
0
0
0
0
0
0
0
0
0
0
0
0
0
0.0038651934104778733
0
0
0.0010115684732301773
0.0021109625147485347
0
0
0
0.03593863830032442
0
0
0
0
0
0
0
0
0
0
0
0
0.0031034199406693628
0.0024786083189145356
0.0013079218862634878
0.0009946655575334988
0
0
0
0.0173655559780564
0
0
0
0
0
0
0
0
0.02242487154783033
0.003595703276246927
0
0
0
0.005354400041847804
0
0
0
0
0
0
0
0.0019893311150669976
0.000823858940266546
0.0021364528516247183
0.009433986385270748
0
0
0
0
0
0
0
0
0
0
0
0
0
0
0
0
0
0
0
0
0
0.0011839593975388797
0
0
0
0
0
0
0
0
0
0
0
0
0
0
0
0
0
0
0
0.00708097931261124
0
0
0
0
0
0
0.0008677148151703855
0
0.0019452130279872981
0.0009375311856377516
0
0
0.005498235876756389
0
0
0
0
0
0
0
0
0.008825558859389935
0
0.005350310615332719
0
0
0
0
0
0
0
0
0
0
0
0
0
0
0
0
0
0
0
0
0
0
0
0.0026971477716294027
0
0
0.0007329769489654159
0
0
0
0
0
0
0
0
0
0
0
0
0
0.005454143813125369
0
0
0
0
0
0
0
0
0
0
0
0
0
0
0
0
0
0
0
0
0.002745305964378154
0.0052898181807111855
0
0
0
0
0
0
0
0.002820665647318068
0
0
0
0
0
0
0
0
0
0
0
0
0
0
0
0
0
0
0
0
0
0
0
0
0
0
0
0
0
0
0
0
0
0.001126224770287949
0
0
0
0
0
0
0
0
0
0
0
0
0
0
0
0
0
0
0
0
0.0011124773743698758
0
0
0
0
0
0
0
0
0
0.0010195855367931953
0
0
0
0
0
0
0.0011570717595290377
0
0
0
0
0
0
0
0
0
0
0
0
0
0
0
0
0
0
0
0
0
0
0
0
0
0
0
0
0
0
0
0
0
0.0011027754017598542
0
0
0
0
0
0.0009348776030805497
0
0
0
0
0
0
0
0
0.001084726391521752
0
0
0
0
0
0
0
0
0
0
0
0
0.0018934145683882145
0.001669014569676287
0
0
0
0
0
0
0
0
0
0
0
0
0
0
0
0
0
0
0
0
0
0
0
0
0
0
0
0
0
0
0
0
0
0
0
0
0
0
0
0
0
0
0
0
0
0
0
0
0
0
0.001698251163357673
0
0
0.002349146127063357
0
0
0
0
0
0
0
0
0
0
0
0
0
0
0
0
0.002007744359075322
0
0
0
0
0
0
0
0
0
0
0
0
0
0
0
0.0024659919961661746
0
0
0
0
0
0.005269232881082757
0
0
0
0
0
0
0
0
0
0
0
0
0
0
0
0
0
0
0
0.0025644657838295834
0
0
0
0.0012268881299964038
0
0
0
0
0
0
0
0
0
0
0
0
0
0
0.0011488840691829822
0.0013485738858147014
0
0
0
0
0
0
0
0
0
0
0.003929897617642584
0.00182502269130313
0.004078342147172781
0
0
0
0
0
0
0
0
0
0
0
0.014783873029503116
0
0
0
0
0
0
0.0023679187950777594
0
0
0
0
0
0
0
0
0
0
0
0
0
0
0
0
0
0
0.0026346164405413783
0
0
0
0
0
0
0
0
0
0
0
0
0
0
0
0
0
0.0009758398957397784
0
0.0028311634292932024
0
0
0
0
0
0
0
0
0
0
0
0
0
0
0
0
0
0
0
0
0
0
0
0
0
0
0
0
0
0
0
0
0
0
0.007077908573233005
0
0
0
0
0
0
0
0
0
0.0013079218862634878
0
0
0
0.0010965690027182572
0
0
0
0
0
0
0
0
0
0
0
0
0
0
0
0.002771851894153819
0
0
0
0
0
0
0
0
0
0
0
0
0
0
0
0
0
0
0
0
0
0
0
0
0
0
0
0
0
0.0021581353974312327
0.0012209682264437386
0
0
0
0
0
0
0
0
0
0.003923765658790463
0.0011488840691829822
0
0
0
0
0
0
0
0
0.0013859259470769094
0
0.0011124773743698758
0
0
0
0
0
0
0
0
0
0
0
0
0
0
0
0
0
0
0
0
0
0
0
0
0
0
0
0
0
0
0
0
0
0
0
0
0
0
0
0
0
0
0
0
0
0
0
0.002771851894153819
0
0
0
0
0
0
0
0
0
0
0
0
0
0
0.0044367548738863515
0
0
0
0
0
0
0.0013859259470769094
0
0
0
0
0
0
0
0
0
0.001372652982189077
0
0
0.0009528186368409541
0
0
0
0.004200548890953923
0
0
0
0.0010762995691557665
0
0
0
0
0
0
0
0
0
0.002800365927302615
0.008825558859389935
0
0
0
0
0
0
0
0.0025336682818389964
0
0
0
0
0
0
0
0
0
0
0
0
0
0
0
0
0
0
0
0
0.0025051542486902
0
0
0
0
0
0
0
0
0
0
0.0018157508361361196
0
0
0
0
0
0
0
0
0
0
0
0
0
0
0
0
0
0
0.004449909497479503
0
0
0
0
0
0
0
0
0
0
0
0
0
0
0
0
0
0.0012743794878131653
0.0011334853181876887
0
0
0
0
0
0
0
0
0
0.0012743794878131653
0.0012209682264437386
0
0
0
0
0
0
0
0
0.000912511345651565
0
0
0
0
0
0
0
0
0
0
0
0
0
0
0
0
0
0
0
0
0
0
0
0
0
0
0
0
0
0
0
0
0.0036269347345886573
0
0
0
0
0
0
0
0
0
0
0
0
0
0
0
0
0
0
0
0.0012268881299964038
0
0
0
0
0
0
0
0
0
0
0
0
0
0
0
0
0
0
0
0.0020391710735863907
0
0
0
0
0
0
0
0
0
0
0
0
0
0
0
0
0
0
0
0
0
0
0
0
0
0
0
0
0.0026971477716294027
0
0
0
0
0
0.002654352221375372
0.0023141435190580754
0.0011938272879558768
0
0
0
0
0
0
0
0
0
0
0
0
0
0
0
0
0
0
0
0
0.001688256747658073
0
0
0
0
0
0
0
0
0
0
0
0
0
0
0
0
0
0
0
0
0
0
0
0
0
0
0
0
0
0
0
0
0
0
0
0
0
0
0
0
0
0
0
0
0
0
0
0
0.0013375776538331798
0
0
0.007601004845516988
0
0
0
0
0
0
0
0
0
0.0012329959980830873
0
0
0
0.0012743794878131653
0
0
0.0012525771243451
0
0
0
0
0
0
0
0
0
0
0
0
0
0.0025051542486902
0
0
0
0.0030173027427932513
0
0
0
0
0
0
0.008920656414692155
0.005440947810912852
0
0
0
0
0.0011091887184715879
0
0
0
0
0
0
0
0.0012668341409194982
0
0
0
0
0
0
0
0
0
0
0
0
0
0
0
0
0
0
0
0
0
0
0
0.007744652686892053
0
0
0
0
0
0
0
0.001360236952728213
0
0.0014506570430024986
0.0023876545759117535
0
0
0
0
0
0
0
0
0
0
0
0
0
0
0
0
0
0
0
0
0
0
0
0
0
0
0
0
0
0
0
0
0
0
0
0
0
0
0
0
0
0
0
0
0
0
0
0
0
0
0
0
0
0
0
0
0
0
0
0
0
0
0
0
0
0
0
0
0
0
0
0.002864642219977939
0
0
0
0
0
0
0
0
0
0
0
0
0
0
0
0
0
0
0
0
0.00249165239420337
0
0
0
0
0
0
0
0
0
0
0
0
0
0
0
0.0011449172959619868
0
0
0
0
0
0
0
0
0
0
0
0
0.004200548890953923
0.008315555682461456
0.0186201744298566
0.0014001829636513074
0.001003872179537661
0.02240378663190034
0.00259794457451432
0.0010001364954558794
0.0014155817146466012
0.002864642219977939
0.0012152250630828919
0.0011091887184715879
0.012890889989900725
0.002340092453569631
0.0013485738858147014
0.0012209682264437386
0.0011613000986438464
0.0025336682818389964
0.0010076818423495463
0.0033680841962034796
0.0011449172959619868
0.002771851894153819
0.001209648391887576
0.003717912478371803
0.0013485738858147014
0.012672046925874463
0.0036289451756627276
0.00813467299095916
0.007920029328671538
0.003737478591305055
0.0410204187848354
0.011088041060140153
0.002408457662202741
0.0009429507464239571
0.005631123851439744
0.0013859259470769094
0.0011488840691829822
0.0022183774369431758
0.0022669706363753774
0.00129897228725716
0.0010965690027182572
0.004272905703249437
0.0012904205822608472
0.001470926476564989
0.0026346164405413783
0.0012595735930197585
0.0010965690027182572
0.00813467299095916
0.0011124773743698758
0.009761607589150992
0.009761607589150992
0.00129897228725716
0.002771851894153819
0.0013485738858147014
0.0011613000986438464
0.0009022333220514148
0.00129897228725716
0.001360236952728213
0.0013173082202706892
0.0012329959980830873
0.0024304501261657838
0.001372652982189077
0.0014155817146466012
0.0009726065139936491
0.0011091887184715879
0.007161605549944846
0.0012209682264437386
0.001209648391887576
0.007354632382824945
0.0013485738858147014
0.0011529343595250048
0.001360236952728213
0.0014001829636513074
0.00129897228725716
0.0024786083189145356
0.006586541101353445
0.005490611928756308
0.001372652982189077
0.0013173082202706892
0.0012904205822608472
0.0011839593975388797
0.0011488840691829822
0.0012595735930197585
0
0
0
0
0
0
0
0
0
0
0
0
0
0
0
0
0
0
0
0
0
0
0
0
0
0
0
0
0
0
0
0
0
0
0
0
0
0
0
0
0
0
0
0
0
0
0
0
0
0
0
0
0
0
0
0
0
0
0
0
0
0
0
0
0
0
0
0
0
0
0
0
0
0
0
0
0
0
0
0
0
0
0
0
0
0
0
0
0
0
0
0
0
0
0
0
0
0
0
0
0
0
0
0
0
0
0
0
0
0
0
0
0
0
0
0
0
0
0
0
0
0
0
0
0
0
0
0
0
0
0
0
0
0
0
0
0
0
0
0
0
0
0
0
0
0
0
0
0
0
0
0
0
0
0
0
0
0
0
0
0
0
0
0
0
0
0
0
0
0
0
0
0
0
0
0
0
0
0
0
0
0
0
0
0
0
0
0
0
0
0
0
0
0
0
0
0
0
0
0
0
0
0
0
0
0
0
0
0
0
0
0
0
0
0
0
0
0
0
0
0
0
0
0
0
0
0
0
0
0
0
0
0
0
0
0
0
0
0
0
0
0
0
0
0
0
0
0
0
0
0
0
0
0
0
0
0
0
0
0
0
0
0
0
0
0
0
0
0
0
0
0
0
0
0
0
0
0
0
0
0
0
0
0
0
0
0
0
0
0
0
0
0
0
0
0
0
0
0
0
0
0
0
0
0
0
0
0
0
0
0
0
0
0
0
0
0
0
0
0
0
0
0
0
0
0
0
0
0
0
0
0
0
0
0
0
0
0
0
0
0
0
0
0
0
0
0
0
0
0
0
0
0
0
0
0
0
0
0
0
0
0
0
0
0
0
0
0
0
0
0
0
0
0
0
0
0
0
0
0
0
0
0
0
0
0
0
0
0
0
0
0
0
0
0
0
0
0
0
0
0
0
0
0
0
0
0
0
0
0
0
0
0
0
0
0
0
0
0
0
0
0
0
0
0
0
0
0
0
0
0
0
0
0
0
0
0
0
0
0
0
0
0
0
0
0
0
0
0
0
0
0
0
0
0
0
0
0
0
0
0
0
0
0
0
0
0
0
0
0
0
0
0
0
0
0
0
0
0
0
0
0
0
0
0
0
0
0
0
0
0
0
0
0
0
0
0
0
0
0
0
0
0
0
0
0
0
0
0
0
0
0
0
0
0
0
0
0
0
0
0
0
0
0
0
0
0
0
0
0
0
0
0
0
0
0
0
0
0
0
0
0
0
0
0
0
0
0
0
0
0
0
0
0
0
0
0
0
0
0
0
0
0
0
0
0
0
0
0
0
0
0
0
0
0
0
0
0
0
0
0
0
0
0
0
0
0
0
0
0
0
0
0
0
0
0
0
0
0
0
0
0
0
0
0
0
0
0
0
0
0
0
0
0
0
0
0
0
0
0
0
0
0
0
0
0
0
0
0
0
0
0
0
0
0
0
0
0
0
0
0
0
0
0
0
0
0
0
0
0
0
0
0
0
0
0
0
0
0
0
0
0
0
0
0
0
0
0
0
0
0
0
0
0
0
0
0
0
0
0
0
0
0
0
0
0
0
0
0
0
0
0
0
0
0
0
0
0
0
0
0
0
0
0
0
0
0
0
0
0
0
0
0
0
0
0
0
0
0
0
0
0
0
0
0
0
0
0
0
0
0
0
0
0
0
0
0
0
0
0
0
0
0
0
0
0
0
0
0
0
0
0
0
0
0
0
0
0
0
0
0
0
0
0
0
0
0
0
0
0
0
0
0
0
0
0
0
0
0
0
0
0
0
0
0
0
0
0
0
0
0
0
0
0
0
0
0
0
0
0
0
0
0
0
0
0
0
0
0
0
0
0
0
0
0
0
0
0
0
0
0
0
0
0
0
0
0
0
0
0
0
0
0
0
0
0
0
0
0
0
0
0
0
0
0
0
0
0
0
0
0
0
0
0
0
0
0
0
0
0
0
0
0
0
0
0
0
0
0
0
0
0
0
0
0
0
0
0
0
0
0
0
0
0
0
0
0
0
0
0
0
0
0
0
0
0
0
0
0
0
0
0
0
0
0
0
0
0
0
0
0
0
0
0
0
0
0
0
0
0
0
0
0
0
0
0
0
0
0
0
0
0
0
0
0
0
0
0
0
0
0
0
0
0
0
0
0
0
0
0
0
0
0
0
0
0
0
0
0
0
0
0
0
0
0
0
0
0
0
0
0
0
0
0
0
0
0
0
0
0
0
0
0
0
0
0
0
0
0
0
0
0
0
0
0
0
0
0
0
0
0
0
0
0
0
0
0
0
0
0
0
0
0
0
0
0
0
0
0
0
0
0
0
0
0
0
0
0
0
0
0
0
0
0
0
0
0
0
0
0
0
0
0
0
0
0
0
0
0
0
0
0
0
0
0
0
0
0
0
0
0
0
0
0
0
0
0
0
0
0
0
0
0
0
0
0
0
0
0
0
0
0
0
0
0
0
0
0
0
0
0
0
0
0
0
0
0
0
0
0
0
0
0
0
0
0
0
0
0
0
0
0
0
0
0
0
0
0
0
0
0
0
0
0
0
0
0
0
0
0
0
0
0
0
0
0
0
0
0
0
0
0
0
0
0
0
0
0
0
0
0
0
0
0
0
0
0
0
0
0
0
0
0
0
0
0
0
0
0
0
0
0
0
0
0
0
0
0
0
0
0
0
0
0
0
0
0
0
0
0
0
0
0
0
0
0
0
0
0
0
0
0
0
0
0
0
0
0
0
0
0
0
0
0
0
0
0
0
0
0
0
0
0
0
0
0
0
0
0
0
0
0
0
0
0
0
0
0
0
0
0
0
0
0
0
0
0
0
0
0
0
0
0
0
0
0
0
0
0
0
0
0
0
0
0
0
0
0
0
0
0
0
0
0
0
0
0
0
0
0
0
0
0
0
0
0
0
0
0
0
0
0
0
0
0
0
0
0
0
0
0
0
0
0
0
0
0
0
0
0
0
0
0
0
0
0
0
0
0
0
0
0
0
0
0
0
0
0
0
0
0
0
0
0
0
0
0
0
0
0
0
0
0
0
0
0
0
0
0
0
0
0
0
0
0
0
0
0
0
0
0
0
0
0
0
0
0
0
0
0
0
0
0
0
0
0
0
0
0
0
0
0
0
0
0
0
0
0
0
0
0
0
0
0
0
0
0
0
0
0
0
0
0
0
0
0
0
0
0
0
0
0
0
0
0
0
0
0
0
0
0
0
0
0
0
0
0
0
0
0
0
0
0
0
0
0
0
0
0
0
0
0
0
0
0
0
0
0
0
0
0
0
0
0
0
0
0
0
0
0
0
0
0
0
0
0
0
0
0
0
0
0
0
0
0
0
0
0
0
0
0
0
0
0
0
0
0
0
0
0
0
0
0
0
0
0
0
0
0
0
0
0
0
0
0
0
0
0
0
0
0
0
0
0
0
0
0
0
0
0
0
0
0
0
0
0
0
0
0
0
0
0
0
0
0
0
0
0
0
0
0
0
0
0
0
0
0
0
0
0
0
0
0
0
0
0
0
0
0
0
0
0
0
0
0
0
0
0
0
0
0
0
0
0
0
0
0
0
0
0
0
0
0
0
0
0
0
0
0
0
0
0
0
0
0
0
0
0
0
0
0
0
0
0
0
0
0
0
0
0
0
0
0
0
0
0
0
0
0
0
0
0
0
0
0
0
0
0
0
0
0
0
0
0
0
0
0
0
0
0
0
0
0
0
0
0
0
0
0
0
0
0
0
0
0
0
0
0
0
0
0
0
0
0
0
0
0
0
0
0
0
0
0
0
0
0
0
0
0
0
0
0
0
0
0
0
0
0
0
0
0
0
0
0
0
0
0
0
0
0
0
0
0
0
0
0
0
0
0
0
0
0
0
0
0
0
0
0
0
0
0
0
0
0
0
0
0
0
0
0
0
0
0
0
0
0
0
0
0
0
0
0
0
0
0
0
0
0
0
0
0
0
0
0
0
0
0
0
0
0
0
0
0
0
0
0
0
0
0
0
0
0
0
0
0
0
0
0
0
0
0
0
0
0
0
0
0
0
0
0
0
0
0
0
0
0
0
0
0
0
0
0
0
0
0
0
0
0
0
0
0
0
0
0
0
0
0
0
0
0
0
0
0
0
0
0
0
0
0
0
0
0
0
0
0
0
0
0
0
0
0
0
0
0
0
0
0
0
0
0
0
0
0
0
0
0
0
0
0
0
0
0
0
0
0
0
0
0
0
0
0
0
0
0
0
0
0
0
0
0
0
0
0
0
0
0
0
0
0
0
0
0
0
0
0
0
0
0
0
0
0
0
0
0
0
0
0
0
0
0
0
0
0
0
0
0
0
0
0
0
0
0
0
0
0
0
0
0
0
0
0
0
0
0
0
0
0
0
0
0
0
0
0
0
0
0
0
0
0
0
0
0
0
0
0
0
0
0
0
0
0
0
0
0
0
0
0
0
0
0
0
0
0
0
0
0
0
0
0
0
0
0
0
0
0
0
0
0
0
0
0
0
0
0
0
0
0
0
0
0
0
0
0
0
0
0
0
0
0
0
0
0
0
0
0
0
0
0
0
0
0
0
0
0
0
0
0
0
0
0
0
0
0
0
0
0
0
0
0
0
0
0
0
0
0
0
0
0
0
0
0
0
0
0
0
0
0
0
0
0
0
0
0
0
0
0
0
0
0
0
0
0
0
0
0
0
0
0
0
0
0
0
0
0
0
0
0
0
0
0
0
0
0
0
0
0
0
0
0
0
0
0
0
0
0
0
0
0
0
0
0
0
0
0
0
0
0
0
0
0
0
0
0
0
0
0
0
0
0
0
0
0
0
0
0
0
0
0
0
0
0
0
0
0
0
0
0
0
0
0
0
0
0
0
0
0
0
0
0
0
0
0
0
0
0
0
0
0
0
0
0
0
0
0
0
0
0
0
0
0
0
0
0
0
0
0
0
0
0
0
0
0
0
0
0
0
0
0
0
0
0
0
0
0
0
0
0
0
0
0
0
0
0
0
0
0
0
0
0
0
0
0
0
0
0
0
0
0
0
0
0
0
0
0
0
0
0
0
0
0
0
0
0
0
0
0
0
0
0
0
0
0
0
0
0
0
0
0
0
0
0
0
0
0
0
0
0
0
0
0
0
0
0
0
0
0
0
0
0
0
0
0
0
0
0
0
0
0
0
0
0
0
0
0
0
0
0
0
0
0
0
0
0
0
0
0
0
0
0
0
0
0
0
0
0
0
0
0
0
0
0
0
0
0
0
0
0
0
0
0
0
0
0
0
0
0
0
0
0
0
0
0
0
0
0
0
0
0
0
0
0
0
0
0
0
0
0
0
0
0
0
0
0
0
0
0
0
0
0
0
0
0
0
0
0
0
0
0
0
0
0
0
0
0
0
0
0
0
0
0
0
0
0
0
0
0
0
0
0
0
0
0
0
0
0
0
0
0
0
0
0
0
0
0
0
0
0
0
0
0
0
0
0
0
0
0
0
0
0
0
0
0
0
0
0
0
0
0
0
0
0
0
0
0
0
0
0
0
0
0
0
0
0
0
0
0
0
0
0
0
0
0
0
0
0
0
0
0
0
0
0
0
0
0
0
0
0
0
0
0
0
0
0
0
0
0
0
0
0
0
0
0
0
0
0
0
0
0
0
0
0
0
0
0
0
0
0
0
0
0
0
0
0
0
0
0
0
0
0
0
0
0
0
0
0
0
0
0
0
0
0
0
0
0
0
0
0
0
0
0
0
0
0
0
0
0
0
0
0
0
0
0
0
0
0
0
0
0
0
0
0
0
0
0
0
0
0
0
0
0
0
0
0
0
0
0
0
0
0
0
0
0
0
0
0
0
0
0
0
0
0
0
0
0
0
0
0
0
0
0
0
0
0
0
0
0
0
0
0
0
0
0
0
0
0
0
0
0
0
0
0
0
0
0
0
0
0
0
0
0
0
0
0
0
0
0
0
0
0
0
0
0
0
0
0
0
0
0
0
0
0
0
0
0
0
0
0
0
0
0
0
0
0
0
0
0
0
0
0
0
0
0
0
0
0
0
0
0
0
0
0
0
0
0
0
0
0
0
0
0
0
0
0
0
0
0
0
0
0
0
0
0
0
0
0
0
0
0
0
0
0
0
0
0
0
0
0
0
0
0
0
0
0
0
0
0
0
0
0
0
0
0
0
0
0
0
0
0
0
0
0
0
0
0
0
0
0
0
0
0
0
0
0
0
0
0
0
0
0
0
0
0
0
0
0
0
0
0
0
0
0
0
0
0
0
0
0
0
0
0
0
0
0
0
0
0
0
0
0
0
0
0
0
0
0
0
0
0
0
0
0
0
0
0
0
0
0
0
0
0
0
0
0
0
0
0
0
0
0
0
0
0
0
0
0
0
0
0
0
0
0
0
0
0
0
0
0
0
0
0
0
0
0
0
0
0
0
0
0
0
0
0
0
0
0
0
0
0
0
0
0
0
0
0
0
0
0
0
0
0
0
0
0
0
0
0
0
0
0
0
0
0
0
0
0
0
0
0
0
0
0
0
0
0
0
0
0
0
0
0
0
0
0
0
0
0
0
0
0
0
0
0
0
0
0
0
0
0
0
0
0
0
0
0
0
0
0
0
0
0
0
0
0
0
0
0
0
0
0
0
0
0
0
0
0
0
0
0
0
0
0
0
0
0
0
0
0
0
0
0
0
0
0
0
0
0
0
0
0
0
0
0
0
0
0
0
0
0
0
0
0
0
0
0
0
0
0
0
0
0
0
0
0
0
0
0
0
0
0
0
0
0
0
0
0
0
0
0
0
0
0
0
0
0
0
0
0
0
0
0
0
0
0
0
0
0
0
0
0
0
0
0
0
0
0
0
0
0
0
0
0
0
0
0
0
0
0
0
0
0
0
0
0
0
0
0
0
0
0
0
0
0
0
0
0
0
0
0
0
0
0
0
0
0
0
0
0
0
0
0
0
0
0
0
0
0
0
0
0
0
0
0
0
0
0
0
0
0
0
0
0
0
0
0
0
0
0
0
0
0
0
0
0
0
0
0
0
0
0
0
0
0
0
0
0
0
0
0
0
0
0
0
0
0
0
0
0
0
0
0
0
0
0
0
0
0
0
0
0
0
0
0
0
0
0
0
0
0
0
0
0
0
0
0
0
0
0
0
0
0
0
0
0
0
0
0
0
0
0
0
0
0
0
0
0
0
0
0
0
0
0
0
0
0
0
0
0
0
0
0
0
0
0
0
0
0
0
0
0
0
0
0
0
0
0
0
0
0
0
0
0
0
0
0
0
0
0
0
0
0
0
0
0
0
0
0
0
0
0
0
0
0
0
0
0
0
0
0
0
0
0
0
0
0
0
0
0
0
0
0
0
0
0
0
0
0
0
0
0
0
0
0
0
0
0
0
0
0
0
0
0
0
0
0
0
0
0
0
0
0
0
0
0
0
0
0
0
0
0
0
0
0
0
0
0
0
0
0
0
0
0
0
0
0
0
0
0
0
0
0
0
0
0
0
0
0
0
0
0
0
0
0
0
0
0
0
0
0
0
0
0
0
0
0
0
0
0
0
0
0
0
0
0
0
0
0
0
0
0
0
0
0
0
0
0
0
0
0
0
0
0
0
0
0
0
0
0
0
0
0
0
0
0
0
0
0
0
0
0
0
0
0
0
0
0
0
0
0
0
0
0
0
0
0
0
0
0
0
0
0
0
0
0
0
0
0
0
0
0
0
0
0
0
0
0
0
0
0
0
0
0
0
0
0
0
0
0
0
0
0
0
0
0
0
0
0
0
0
0
0
0
0
0
0
0
0
0
0
0
0
0
0
0
0
0
0
0
0
0
0
0
0
0
0
0
0
0
0
0
0
0
0
0
0
0
0
0
0
0
0
0
0
0
0
0
0
0
0
0
0
0
0
0
0
0
0
0
0
0
0
0
0
0
0
0
0
0
0
0
0
0
0
0
0
0
0
0
0
0
0
0
0
0
0
0
0
0
0
0
0
0
0
0
0
0
0
0
0
0
0
0
0
0
0
0
0
0
0
0
0
0
0
0
0
0
0
0
0
0
0
0
0
0
0
0
0
0
0
0
0
0
0
0
0
0
0
0
0
0
0
0
0
0
0
0
0
0
0
0
0
0
0
0
0
0
0
0
0
0
0
0
0
0
0
0
0
0
0
0
0
0
0
0
0
0
0
0
0
0
0
0
0
0
0
0
0
0
0
0
0
0
0
0
0
0
0
0
0
0
0
0
0
0
0
0
0
0
0
0
0
0
0
0
0
0
0
0
0
0
0
0
0
0
0
0
0
0
0
0
0
0
0
0
0
0
0
0
0
0
0
0
0
0
0
0
0
0
0
0
0
0
0
0
0
0
0
0
0
0
0
0
0
0
0
0
0
0
0
0
0
0
0
0
0
0
0
0
0
0
0
0
0
0
0
0
0
0
0
0
0
0
0
0
0
0
0
0
0
0
0
0
0
0
0
0
0
0
0
0
0
0
0
0
0
0
0
0
0
0
0
0
0
0
0
0
0
0
0
0
0
0
0
0
0
0
0
0
0
0
0
0
0
0
0
0
0
0
0
0
0
0
0
0
0
0
0
0
0
0
0
0
0
0
0
0
0
0
0
0
0
0
0
0
0
0
0
0
0
0
0
0
0
0
0
0
0
0
0
0
0
0
0
0
0
0
0
0
0
0
0
0
0
0
0
0
0
0
0
0
0
0
0
0
0
0
0
0
0
0
0
0
0
0
0
0
0
0
0
0
0
0
0
0
0
0
0
0
0
0
0
0
0
0
0
0
0
0
0
0
0
0
0
0
0
0
0
0
0
0
0
0
0
0
0
0
0
0
0
0
0
0
0
0
0
0
0
0
0
0
0
0
0
0
0
0
0
0
0
0
0
0
0
0
0
0
0
0
0
0
0
0
0
0
0
0
0
0
0
0
0
0
0
0
0
0
0
0
0
0
0
0
0
0
0
0
0
0
0
0
0
0
0
0
0
0
0
0
0
0
0
0
0
0
0
0
0
0
0
0
0
0
0
0
0
0
0
0
0
0
0
0
0
0
0
0
0
0
0
0
0
0
0
0
0
0
0
0
0
0
0
0
0
0
0
0
0
0
0
0
0
0
0
0
0
0
0
0
0
0
0
0
0
0
0
0
0
0
0
0
0
0
0
0
0
0
0
0
0
0
0
0
0
0
0
0
0
0
0
0
0
0
0
0
0
0
0
0
0
0
0
0
0
0
0
0
0
0
0
0
0
0
0
0
0
0
0
0
0
0
0
0
0
0
0
0
0
0
0
0
0
0
0
0
0
0
0
0
0
0
0
0
0
0
0
0
0
0
0
0
0
0
0
0
0
0
0
0
0
0
0
0
0
0
0
0
0
0
0
0
0
0
0
0
0
0
0
0
0
0
0
0
0
0
0
0
0
0
0
0
0
0
0
0
0
0
0
0
0
0
0
0
0
0
0
0
0
0
0
0
0
0
0
0
0
0
0
0
0
0
0
0
0
0
0
0
0
0
0
0
0
0
0
0
0
0
0
0
0
0
0
0
0
0
0
0
0
0
0
0
0
0
0
0
0
0
0
0
0
0
0
0
0
0
0
0
0
0
0
0
0
0
0
0
0
0
0
0
0
0
0
0
0
0
0
0
0
0
0
0
0
0
0
0
0
0
0
0
0
0
0
0
0
0
0
0
0
0
0
0
0
0
0
0
0
0
0
0
0
0
0
0
0
0
0
0
0
0
0
0
0
0
0
0
0
0
0
0
0
0
0
0
0
0
0
0
0
0
0
0
0
0
0
0
0
0
0
0
0
0
0
0
0
0
0
0
0
0
0
0
0
0
0
0
0
0
0
0
0
0
0
0
0
0
0
0
0
0
0
0
0
0
0
0
0
0
0
0
0
0
0
0
0
0
0
0
0
0
0
0
0
0
0
0
0
0
0
0
0
0
0
0
0
0
0
0
0
0
0
0
0
0
0
0
0
0
0
0
0
0
0
0
0
0
0
0
0
0
0
0
0
0
0
0
0
0
0
0
0
0
0
0
0
0
0
0
0
0
0
0
0
0
0
0
0
0
0
0
0
0
0
0
0
0
0
0
0
0
0
0
0
0
0
0
0
0
0
0
0
0
0
0
0
0
0
0
0
0
0
0
0
0
0
0
0
0
0
0
0
0
0
0
0
0
0
0
0
0
0
0
0
0
0
0
0
0
0
0
0
0
0
0
0
0
0
0
0
0
0
0
0
0
0
0
0
0
0
0
0
0
0
0
0
0
0
0
0
0
0
0
0
0
0
0
0
0
0
0
0
0
0
0
0
0
0
0
0
0
0
0
0
0
0
0
0
0
0
0
0
0
0
0
0
0
0
0
0
0
0
0
0
0
0
0
0
0
0
0
0
0
0
0
0
0
0
0
0
0
0
0
0
0
0
0
0
0
0
0
0
0
0
0
0
0
0
0
0
0
0
0
0
0
0
0
0
0
0
0
0
0
0
0
0
0
0
0
0
0
0
0
0
0
0
0
0
0
0
0
0
0
0
0
0
0
0
0
0
0
0
0
0
0
0
0
0
0
0
0
0
0
0
0
0
0
0
0
0
0
0
0
0
0
0
0
0
0
0
0
0
0
0
0
0
0
0
0
0
0
0
0
0
0
0
0
0
0
0
0
0
0
0
0
0
0
0
0
0
0
0
0
0
0
0
0
0
0
0
0
0
0
0
0
0
0
0
0
0
0
0
0
0
0
0
0
0
0
0
0
0
0
0
0
0
0
0
0
0
0
0
0
0
0
0
0
0
0
0
0
0
0
0
0
0
0
0
0
0
0
0
0
0
0
0
0
0
0
0
0
0
0
0
0
0
0
0
0
0
0
0
0
0
0
0
0
0
0
0
0
0
0
0
0
0
0
0
0
0
0
0
0
0
0
0
0
0
0
0
0
0
0
0
0
0
0
0
0
0
0
0
0
0
0
0
0
0
0
0
0
0
0
0
0
0
0
0
0
0
0
0
0
0
0
0
0
0
0
0
0
0
0
0
0
0
0
0
0
0
0
0
0
0
0
0
0
0
0
0
0
0
0
0
0
0
0
0
0
0
0
0
0
0
0
0
0
0
0
0
0
0
0
0
0
0
0
0
0
0
0
0
0
0
0
0
0
0
0
0
0
0
0
0
0
0
0
0
0
0
0
0
0
0
0
0
0
0
0
0
0
0
0
0
0
0
0
0
0
0
0
0
0
0
0
0
0
0
0
0
0
0
0
0
0
0
0
0
0
0
0
0
0
0
0
0
0
0
0
0
0
0
0
0
0
0
0
0
0
0
0
0
0
0
0
0
0
0
0
0
0
0
0
0
0
0
0
0
0
0
0
0
0
0
0
0
0
0
0
0
0
0
0
0
0
0
0
0
0
0
0
0
0
0
0
0
0
0
0
0
0
0
0
0
0
0
0
0
0
0
0
0
0
0
0
0
0
0
0
0
0
0
0
0
0
0
0
0
0
0
0
0
0
0
0
0
0
0
0
0
0
0
0
0
0
0
0
0
0
0
0
0
0
0
0
0
0
0
0
0
0
0
0
0
0
0
0
0
0
0
0
0
0
0
0
0
0
0
0
0
0
0
0
0
0
0
0
0
0
0
0
0
0
0
0
0
0
0
0
0
0
0
0
0
0
0
0
0
0
0
0
0
0
0
0
0
0
0
0
0
0
0
0
0
0
0
0
0
0
0
0
0
0
0
0
0
0
0
0
0
0
0
0
0
0
0
0
0
0
0
0
0
0
0
0
0
0
0
0
0
0
0
0
0
0
0
0
0
0
0
0
0
0
0
0
0
0
0
0
0
0
0
0
0
0
0
0
0
0
0
0
0
0
0
0
0
0
0
0
0
0
0
0
0
0
0
0
0
0
0
0
0
0
0
0
0
0
0
0
0
0
0
0
0
0
0
0
0
0
0
0
0
0
0
0
0
0
0
0
0
0
0
0
0
0
0
0
0
0
0
0
0
0
0
0
0
0
0
0
0
0
0
0
0
0
0
0
0
0
0
0
0
0
0
0
0
0
0
0
0
0
0
0
0
0
0
0
0
0
0
0
0
0
0
0
0
0
0
0
0
0
0
0
0
0
0
0
0
0
0
0
0
0
0
0
0
0
0
0
0
0
0
0
0
0
0
0
0
0
0
0
0
0
0
0
0
0
0
0
0
0
0
0
0
0
0
0
0
0
0
0
0
0
0
0
0
0
0
0
0
0
0
0
0
0
0
0
0
0
0
0
0
0
0
0
0
0
0
0
0
0
0
0
0
0
0
0
0
0
0
0
0
0
0
0
0
0
0
0
0
0
0
0
0
0
0
0
0
0
0
0
0
0
0
0
0
0
0
0
0
0
0
0
0
0
0
0
0
0
0
0
0
0
0
0
0
0
0
0
0
0
0
0
0
0
0
0
0
0
0
0
0
0
0
0
0
0
0
0
0
0
0
0
0
0
0
0
0
0
0
0
0
0
0
0
0
0
0
0
0
0
0
0
0
0
0
0
0
0
0
0
0
0
0
0
0
0
0
0
0
0
0
0
0
0
0
0
0
0
0
0
0
0
0
0
0
0
0
0
0
0
0
0
0
0
0
0
0
0
0
0
0
0
0
0
0
0
0
0
0
0
0
0
0
0
0
0
0
0
0
0
0
0
0
0
0
0
0
0
0
0
0
0
0
0
0
0
0
0
0
0
0
0
0
0
0
0
0
0
0
0
0
0
0
0
0
0
0
0
0
0
0
0
0
0
0
0
0
0
0
0
0
0
0
0
0
0
0
0
0
0
0
0
0
0
0
0
0
0
0
0
0
0
0
0
0
0
0
0
0
0
0
0
0
0
0
0
0
0
0
0
0
0
0
0
0
0
0
0
0
0
0
0
0
0
0
0
0
0
0
0
0
0
0
0
0
0
0
0
0
0
0
0
0
0
0
0
0
0
0
0
0
0
0
0
0
0
0
0
0
0
0
0
0
0
0
0
0
0
0
0
0
0
0
0
0
0
0
0
0
0
0
0
0
0
0
0
0
0
0
0
0
0
0
0
0
0
0
0
0
0
0
0
0
0
0
0
0
0
0
0
0
0
0
0
0
0
0
0
0
0
0
0
0
0
0
0
0
0
0
0
0
0
0
0
0
0
0
0
0
0
0
0
0
0
0
0
0
0
0
0
0
0
0
0
0
0
0
0
0
0
0
0
0
0
0
0
0
0
0
0
0
0
0
0
0
0
0
0
0
0
0
0
0
0
0
0
0
0
0
0
0
0
0
0
0
0
0
0
0
0
0
0
0
0
0
0
0
0
0
0
0
0
0
0
0
0
0
0
0
0
0
0
0
0
0
0
0
0
0
0
0
0
0
0
0
0
0
0
0
0
0
0
0
0
0
0
0
0
0
0
0
0
0
0
0
0
0
0
0
0
0
0
0
0
0
0
0
0
0
0
0
0
0
0
0
0
0
0
0
0
0
0
0
0
0
0
0
0
0
0
0
0
0
0
0
0
0
0
0
0
0
0
0
0
0
0
0
0
0
0
0
0
0
0
0
0
0
0
0
0
0
0
0
0
0
0
0
0
0
0
0
0
0
0
0
0
0
0
0
0
0
0
0
0
0
0
0
0
0
0
0
0
0
0
0
0
0
0
0
0
0
0
0
0
0
0
0
0
0
0
0
0
0
0
0
0
0
0
0
0
0
0
0
0
0
0
0
0
0
0
0
0
0
0
0
0
0
0
0
0
0
0
0
0
0
0
0
0
0
0
0
0
0
0
0
0
0
0
0
0
0
0
0
0
0
0
0
0
0
0
0
0
0
0
0
0
0
0
0
0
0
0
0
0
0
0
0
0
0
0
0
0
0
0
0
0
0
0
0
0
0
0
0
0
0
0
0
0
0
0
0
0
0
0
0
0
0
0
0
0
0
0
0
0
0
0
0
0
0
0
0
0
0
0
0
0
0
0
0
0
0
0
0
0
0
0
0
0
0
0
0
0
0
0
0
0
0
0
0
0
0
0
0
0
0
0
0
0
0
0
0
0
0
0
0
0
0
0
0
0
0
0
0
0
0
0
0
0
0
0
0
0
0
0
0
0
0
0
0
0
0
0
0
0
0
0
0
0
0
0
0
0
0
0
0
0
0
0
0
0
0
0
0
0
0
0
0
0
0
0
0
0
0
0
0
0
0
0
0
0
0
0
0
0
0
0
0
0
0
0
0
0
0
0
0
0
0
0
0
0
0
0
0
0
0
0
0
0
0
0
0
0
0
0
0
0
0
0
0
0
0
0
0
0
0
0
0
0
0
0
0
0
0
0
0
0
0
0
0
0
0
0
0
0
0
0
0
0
0
0
0
0
0
0
0
0
0
0
0
0
0
0
0
0
0
0
0
0
0
0
0
0
0
0
0
0
0
0
0
0
0
0
0
0
0
0
0
0
0
0
0
0
0
0
0
0
0
0
0
0
0
0
0
0
0
0
0
0
0
0
0
0
0
0
0
0
0
0
0
0
0
0
0
0
0
0
0
0
0
0
0
0
0
0
0
0
0
0
0
0
0
0
0
0
0
0
0
0
0
0
0
0
0
0
0
0
0
0
0
0
0
0
0
0
0
0
0
0
0
0
0
0
0
0
0
0
0
0
0
0
0
0
0
0
0
0
0
0
0
0
0
0
0
0
0
0
0
0
0
0
0
0
0
0
0
0
0
0
0
0
0
0
0
0
0
0
0
0
0
0
0
0
0
0
0
0
0
0
0
0
0
0
0
0
0
0
0
0
0
0
0
0
0
0
0
0
0
0
0
0
0
0
0
0
0
0
0
0
0
0
0
0
0
0
0
0
0
0
0
0
0
0
0
0
0
0
0
0
0
0
0
0
0
0
0
0
0
0
0
0
0
0
0
0
0
0
0
0
0
0
0
0
0
0
0
0
0
0
0
0
0
0
0
0
0
0
0
0
0
0
0
0
0
0
0
0
0
0
0
0
0
0
0
0
0
0
0
0
0
0
0
0
0
0
0
0
0
0
0
0
0
0
0
0
0
0
0
0
0
0
0
0
0
0
0
0
0
0
0
0
0
0
0
0
0
0
0
0
0
0
0
0
0
0
0
0
0
0
0
0
0
0
0
0
0
0
0
0
0
0
0
0
0
0
0
0
0
0
0
0
0
0
0
0
0
0
0
0
0
0
0
0
0
0
0
0
0
0
0
0
0
0
0
0
0
0
0
0
0
0
0
0
0
0
0
0
0
0
0
0
0
0
0
0
0
0
0
0
0
0
0
0
0
0
0
0
0
0
0
0
0
0
0
0
0
0
0
0
0
0
0
0
0
0
0
0
0
0
0
0
0
0
0
0
0
0
0
0
0
0
0
0
0
0
0
0
0
0
0
0
0
0
0
0
0
0
0
0
0
0
0
0
0
0
0
0
0
0
0
0
0
0
0
0
0
0
0
0
0
0
0
0
0
0
0
0
0
0
0
0
0
0
0
0
0
0
0
0
0
0
0
0
0
0
0
0
0
0
0
0
0
0
0
0
0
0
0
0
0
0
0
0
0
0
0
0
0
0
0
0
0
0
0
0
0
0
0
0
0
0
0
0
0
0
0
0
0
0
0
0
0
0
0
0
0
0
0
0
0
0
0
0
0
0
0
0
0
0
0
0
0
0
0
0
0
0
0
0
0
0
0
0
0
0
0
0
0
0
0
0
0
0
0
0
0
0
0
0
0
0
0
0
0
0
0
0
0
0
0
0
0
0
0
0
0
0
0
0
0
0
0
0
0
0
0
0
0
0
0
0
0
0
0
0
0
0
0
0
0
0
0
0
0
0
0
0
0
0
0
0
0
0
0
0
0
0
0
0
0
0
0
0
0
0
0
0
0
0
0
0
0
0
0
0
0
0
0
0
0
0
0
0
0
0
0
0
0
0
0
0
0
0
0
0
0
0
0
0
0
0
0
0
0
0
0
0
0
0
0
0
0
0
0
0
0
0
0
0
0
0
0
0
0
0
0
0
0
0
0
0
0
0
0
0
0
0
0
0
0
0
0
0
0
0
0
0
0
0
0
0
0
0
0
0
0
0
0
0
0
0
0
0
0
0
0
0
0
0
0
0
0
0
0
0
0
0
0
0
0
0
0
0
0
0
0
0
0
0
0
0
0
0
0
0
0
0
0
0
0
0
0
0
0
0
0
0
0
0
0
0
0
0
0
0
0
0
0
0
0
0
0
0
0
0
0
0
0
