0
0
-1.2451626332594837e-07
0
0.009674601477662073
0
0.008771448652747585
0.0029967729356087628
0.001052437730800462
0
0.0059143876794307175
0.006886476580833975
0
0.004455701802291716
0
0
0
0
0.001861485726022295
0
0
0
0.010175906053354151
0.0006917738107470981
0.001351449184805465
0
0.001102392588608098
0
0
0
0
0.0011316361794990188
0
0
0.002064177014687871
0.0011964316498958485
0
0
0
0
0.001393835737601682
0
0
0.03102891098473227
0
0
0.0007239233155835573
0
0.0006452297907634486
0.0010808711618420105
0.0014467873490486983
0.0017946135084095402
0
0.0010587358425748947
0.0038951319058522604
0.0010769881680095838
0
0.0006295292439519615
0.02486452219479177
0
0.0005732536306890216
0.00046855565632145563
0.000654011596291464
0.001047025404292658
0.0031859171544585357
0.0011068986532600247
0
0
0
0.00963255272035625
0.001007699030212875
0
0
0.013144460882787487
0
0
0
0
0
0
0
0
0
0
0.00866329123306689
0
0.006662816149105737
0
0.0006101345262657346
0
0
0
0.0006121210114290668
0.0043396440993669705
0.012103282818843045
0
0
0.0026514690387641395
0.0014630128119582778
0
0
0
0.0015513366809509696
0.0013556721332536922
0
0.002004900505104422
0.001773073658201561
0
0.0029967729356087628
0.000441034962488184
0.0015039773256445592
0
0
0
0
0
0
0
0
0
0
0
0
0
0
0
0.0006959718885182763
0.0008839419260435939
0
0.0005841580843860343
0
0
0
0
0
0
0
0.000778655989790667
0.005188853769131135
0
0
0
0
0.0024507995077435057
0.0012737116657774998
0
0.0009015172797227127
0
0
0
0.000738845304234604
0
0
0
0.0008621290116310309
0.0026641370089771593
0
0.001321220468482763
0
0
0
0.0006144184011093968
0
0
0
0.0010197972883800913
0.0007589379259426119
0
0
0
0
0
0
0.0008815767535569166
0
0
0.004457737606053299
0.0021143545487670172
0.0031475646772511543
0
0
0
0
0.002868571381402815
0
0
0
0.0032058086946431456
0
0
0
0.007233369861135395
0.0013427603186907421
0
0
0.0035212247166135817
0
0
0.000966331368143728
0
0.00030308100133108294
0
0.0012539693254425951
0.004050963555431771
0
0.001052437730800462
0
0
0
0.0066708039952868845
0
0
0.0012764771182951203
0.0008679283103928941
0
0
0.0009274649939165608
0.0017365817687505804
0.0005682626979286573
0
0
0
0
0.0006442041425902134
0
0
0.003743161308673357
0
0
0.0009676760303052888
0
0
0.0017861304545644875
0
0
0
0
0
0
0
0
0.0005497770643182208
0
0
0.001419302962796069
0
0
0
0
0
0
0
0.003837557929775278
0
0.0028116716277110606
0
0
0
0.0014870292609246605
0
0.0007513699910284493
0
0
0
0
0
0
0
0
0
0
0
0
0
0.0004521502432913145
0.0006698016577926939
0
0.002370656120009371
0.0023989370363736544
0
0.008569162900680799
0
0.0005022907962324935
0.0008358739143298457
0
0.0005062131485609552
0
0
0
0
0.0008288685897854909
0
0
0
0
0
0
0.0013130982453861534
0
0
0
0.0007635038065529438
0
0.002194519217937417
0.0006628645467326766
0.001099958257868719
0
0
0
0
0.001461118095197593
0
0
0
0
0
0
0.0018924857438342995
0.0009041712326419243
0
0
0
0
0.0026963559722056212
0
0
0.006845316904372867
0.0007758046631853213
0
0
0.001150843293269985
0
0
0
0.0012659407662331263
0.0006643832306634987
0.0005847253536079475
0
0.0009110506741789698
0.00039275305393141253
0
0.0013182457274800515
0
0
0
0.0006788382097881562
0
0
0
0
0
0.00958580377935512
0
0
0
0.0005399520504756674
0.000832705812228644
0
0
0.0009760655732511666
0.002083387541688228
0.0008918414071361806
0.0024150296458676462
0
0
0
0.0006490412086307117
0
0
0
0
0
0
0
0.008780176539529649
0
0
0
0.0022639596001731025
0
0
0
0.000606779217369245
0
0
0
0
0.0006717769530170756
0
0
0
0
0.0004505647156666114
0.000437858483842694
0
0
0
0
0
0
0.0028349735935360985
0
0.000956418781779857
0
0
0.0017502859569854994
0.0007038645896845088
0
0
0
0
0
0
0
0.001477690608469208
0
0.0006632430204309491
0.0018204904804055154
0
0
0
0
0
0
0
0
0
0
0
0.0014272304314051857
0.0024273295551933386
0.0004323700867405289
0
0
0
0
0
0
0
0
0.0004891256216816387
0
0
0
0
0
0
0.007876286806434747
0.0006462613054023643
0
0
0
0.00328780801060493
0
0
0
0.0010605437927366781
0.0006713801593453711
0
0
0
0.009309655958223856
0
0
0
0
0
0.0019377504336519338
0
0
0
0
0
0
0
0
0
0.0023747665049432846
0
0
0
0
0.0016367555443103064
0.0005876120847854493
0.000742924310291912
0
0.0013794435303966812
0
0
0
0.0008214307253068526
0.0006655306957289322
0
0
0
0.005484130105344878
0
0
0.0007038645896845088
0
0
0
0
0
0.0004025694521417101
0.002021322370484461
0
0
0
0
0.002089227937975452
0
0
0.0019358771534487157
0.0071261608488643125
0
0.0005166612551650738
0
0
0.000610416973701757
0
0
0
0
0.0034018497787366743
0
0
0
0.000575801867255836
0.006385122657563089
0.000538618289977718
0.015184424285419993
0.02031660876018869
0.0023574568526033633
0.0011467029504046873
0.024264851669636493
0.0056865211905111545
0.025067074732302727
0.0064959811297617435
0.00045054332634905176
0.006441889169378602
0.0014814397377344345
0.0017074797806967638
0.0009258016593703694
0.0006121210114290668
0
0.0006554572365057537
0.013253205886030024
0.0015219806081954808
0.0010601814769833847
0
0.0019077451797729458
0.00046410886436661195
0.0005477687735083944
0
0.000998121384505914
0
0
0.0021231054363829863
0
0
0.0005225561586260308
0
0
0.002501767778317718
0
0.002432457820633128
0
0
0
0
0
0.000684288838199423
0.0016228863548420143
0
0
0.00036019709646225933
0
0.001101985724152012
0.0008406342384542737
0.0004908652748920634
0.0027133413488187107
0.004348491156646776
0
0
0
0
0
0
0
0
0
0
0
0
0.0025159240262926205
0
0
0
0
0
0.0006245226087684883
0
0.0008376200849874133
0
0
0
0.0010074214478927373
0
0
0
0
0.003378257471462884
0.0005866184588501978
0.0012911459476751702
0
0
0
0.0012191440618358755
0.00040043939606806815
0
0
0.0003576738001729347
0.000717441772875307
0
0
0
0
0
0
0
0.0009043799215903934
0
0.00039590881101534716
0
0
0
0
0.0035832312798803052
0
0.0003571178300954991
0
0.0038556059937560304
0.004005511964921654
0
0.0006668705323558938
0
0.0005858768156485581
0.0024808549214923466
0
0
0
0.0004987560593240399
0.0005829403711096978
0.0008116800992887687
0
0
0.0005689631152175665
0
0
0
0
0.000874849413924793
0
0.026012204236616897
0
0
0
0
0
0
0.001103957983270529
0
0
0
0
0
0.001550993146297539
0
0.000383604172385653
0
0.0003305812216482054
0
0
0
0
0
0
0.00044698888877644556
0.0011580942953575027
0
0.003376523651216142
0
0.0008510615731501847
0
0.0005936916262358212
0
0
0
0
0
0
0
0
0.0004385111117601208
0
0
0
0
0
0
0
0
0.0006670720952922248
0
0
0.0005087689773577769
0
0
0
0
0
0
0
0
0
0
0
0
0
0
0.0006272947963334754
0
0
0
0.003676155725665055
0.0005542756403369757
0
0
0.0008962863695756228
0.0006819916111078478
0
0
0.0009762370401914464
0
0
0.0004733856743223851
0
0
0
0
0
0
0.0011741922258513668
0
0
0.001104024651583135
0
0
0
0
0
0
0
0
0
0
0
0
0
0
0.009502756568082044
0
0
0
0
0
0
0.0006828343353097219
0
0
0
0.0019086072503148954
0
0
0
0
0
0
0.008508013013725111
0
0.00083962391283684
0
0.0019193189631999973
0
0
0
0
0
0.000900896505718364
0
0.0052983639863537465
0
0
0
0
0
0
0
0
0
0
0
0
0
0.0024436364200997305
0
0
0
0.00338918033313423
0
0
0
0.0006497429318936453
0
0
0
0
0
0.0009718220209679936
0.0010367458684037748
0
0
0.006185862757228713
0.0018865605456222588
0.007600922523379838
0.00030866901567480257
0
0
0.002377568179484924
0
0
0
0
0
0
0.0014457311687857267
0
0.0004148524539499518
0
0
0
0
0
0
0.0007048162681517485
0
0
0
0
0
0.0023999613874089707
0.0004281364323895037
0
0
0
0
0
0
0
0
0
0
0
0
0
0
0
0.0016023565909171313
0
0
0
0.0008007976592693875
0
0
0
0.0012311563298401788
0.000841650256077043
0
0
0.0014492422692448487
0
0
0
0.0007417494354458896
0
0
0
0
0
0
0.0014704151367053138
0
0
0.0007038645896845088
0
0
0
0
0
0
0
0
0
0
0
0
0
0
0
0
0
0
0
0
0
0
0
0
0.0010162532327799864
0
0
0
0
0.0004736503004168756
0.0005829403711096978
0
0
0
0
0
0
0
0
0
0
0
0
0
0
0.0027838877191494835
0
0
0.001151137431535187
0
0
0.004941006985153935
0
0
0.0017756914715731976
0
0
0
0
0
0
0.0009523676126231904
0.0018055814296083703
0
0
0
0
0
0
0
0
0
0
0.0008826583430374869
0
0
0
0
0
0
0.0012497429729840235
0.003562002253621355
0
0
0
0
0
0
0
0
0.0011211934148054408
0
0
0
0.0008679830973081357
0
0.009161037775592077
0
0
0
0
0
0
0
0
0
0
0
0
0
0
0
0
0
0.0008288685897854909
0
0
0
0
0
0.0005705436436225013
0
0
0.0004992132019035147
0
0.0005886112156016108
0
0
0.0007331736842738281
0
0.0005649372936102081
0
0
0
0
0
0
0.0005467729529160937
0
0
0.0005595276903363047
0
0
0
0.0012321345312241395
0
0
0
0.0014105879946160584
0
0
0
0
0
0
0
0
0.0020686647250244047
0
0.00041314032731473965
0
0
0
0
0
0
0.0021408456471077785
0
0
0
0
0
0.0005052639745223124
0
0
0
0
0.0009051123559471051
0
0
0.0004874025896158475
0
0
0
0
0
0
0
0
0
0.0018884423838781603
0.0010852990671621982
0
0
0.0013829886334194772
0
0
0.0023252964606175677
0
0.000955780995536705
0
0.0005580416330079989
0
0.009077349200270047
0
0
0
0
0.0009697371116080162
0
0
0
0
0
0
0
0
0
0
0
0
0
0
0
0
0
0
0
0
0
0
0
0
0
0
0
0
0
0
0
0
0
0
0.000797366736129695
0
0
0
0
0
0
0.0007743957290578563
0
0
0
0.000987133011732013
0
0
0.0004788896732923493
0
0
0
0
0.0009241842256494027
0
0.0006452297907634486
0
0.0007260575730492027
0
0
0
0.0007271342487906821
0
0
0
0
0
0.0019513421888100965
0.000629166882186417
0
0
0
0
0
0
0
0
0.0006973398545037149
0
0
0
0
0.0024894608047581917
0
0
0
0
0
0.0008329690505581246
0
0
0
0
0
0
0
0.0006959718885182763
0
0
0
0
0.0030989013166109075
0
0
0
0
0
0
0
0
0
0
0.001226532095961347
0
0
0
0
0
0
0
0
0.002267237811858818
0
0.0016902185291987953
0.001127248226329068
0
0
0
0.004589087797710411
0
0
0
0
0.0019056801307144005
0
0.0007709208113182932
0
0
0
0
0
0
0.0031099175997394467
0.004770816646425232
0
0
0
0
0
0
0
0
0.001762836254356348
0
0
0.0006404925632033747
0
0
0
0.0005812492688892113
0
0.0006112669799149398
0.0006862451726959234
0.0019685532768001857
0
0.0005918971571910658
0.001133949926245558
0.003866952112775738
0.0005371059737691925
0
0
0
0.002478129962281054
0
0
0
0
0
0.0006442041425902134
0.008618173155755096
0
0
0
0.0005732536306890216
0.0013750821072172298
0
0
0
0.0005952440833208708
0
0.0006518646346131379
0
0
0.000932420481164856
0
0
0
0
0
0
0.0009760655732511666
0
0
0
0
0.0005812492688892113
0.0004826082102089834
0
0
0
0.0004057215887105036
0
0
0
0
0
0
0
0
0
0
0
0
0
0
0
0
0
0.001109868520902993
0
0
0
0
0.002621828946023015
0
0
0
0
0
0
0
0.001109868520902993
0
0
0
0
0
0
0.0014163745139453914
0.0027498956446717973
0
0
0
0.0009087609301691211
0
0
0
0
0
0
0
0
0.0019232609183062876
0
0.00027120620732145305
0
0
0
0
0.0004983000726056704
0
0
0
0
0
0
0
0
0
0
0
0.001984075635211148
0.000778655989790667
0
0
0
0
0.0005224682437189911
0
0
0
0
0
0
0.0005207408104823689
0
0
0
0
0
0
0
0
0
0
0
0
0
0
0
0.0012237460286698035
0
0
0
0
0
0
0.0022113750345901465
0
0.001008945926144576
0
0
0
0
0
0
0
0
0
0
0
0
0
0
0
0
0
0
0
0
0
0.0004813601592000431
0
0
0
0
0
0.0009636232159045569
0
0
0
0
0.0027281341988090284
0
0.004605194310082556
0.0017620894937780116
0.0010732696310929498
0
0
0
0
0
0
0
0
0.0006729725992819395
0
0.0005629710913851017
0
0
0
0
0
0.0007688675521253039
0
0
0
0
0
0
0
0
0
0.0016936360417340232
0
0
0
0.0005673699107041566
0
0
0
0
0.0006045765316534762
0
0
0
0
0
0
0
0
0
0.0007709208113182932
0
0
0
0
0
0
0
0.0010316456811729812
0
0.0007641656151893662
0
0
0
0
0.003709291372425
0
0
0
0
0
0
0
0.0017358566207857883
0
0
0
0
0.0007563798312641707
0.001611477725820331
0
0
0
0.0011224823451898827
0
0
0
0
0
0.0009451882357795716
0.0005440135579737491
0
0
0
0
0
0
0.0009392915084384846
0
0.0020201187482903524
0.0037495010090787127
0
0
0
0
0
0
0
0
0
0
0
0
0
0
0
0
0
0.000812545053709597
0
0
0
0
0
0
0
0
0
0.0029576896048415153
0
0
0
0.0019988992461334822
0
0
0
0
0
0
0.0006721746216479709
0
0
0
0.0012423824952158072
0
0
0
0
0.0033059571724560364
0.003111755682603866
0.0019481751868706228
0
0
0
0
0
0
0
0
0
0
0
0
0
0
0
0
0
0
0
0
0
0
0
0
0.0007101422100029689
0.0011068986532600247
0.0006690175580747312
0
0
0
0
0.0013051549046873482
0
0
0
0
0
0
0
0
0
0
0
0
0.0025467819470536184
0
0
0
0
0
0
0
0
0.005693853085519705
0
0
0
0.0010168454072371626
0.0007808244646268802
0
0
0
0
0
0
0
0
0
0
0
0.0032758814201407052
0
0
0.0006901610897786617
0
0
0.006258277895889875
0
0
0
0
0
0
0
0
0
0
0
0
0
0
0
0.003651217211640964
0.001523065657999597
0
0
0.0008074164810638739
0
0
0
0.012016769605536794
0
0.008770674716235102
0.0014002146304410313
0
0.00293467617388157
0
0
0
0
0
0
0.0023604814717269242
0
0
0
0
0
0
0
0
0
0
0
0
0
0
0
0
0
0
0
0
0
0
0
0
0
0.0013349190250437066
0
0
0
0
0
0
0
0
0
0
0
0.0007359871992318947
0
0
0
0
0
0
0
0
0.0007320604544979794
0
0
0
0
0
0
0
0
0
0
0
0
0
0
0.0012925226108047286
0
0
0
0
0
0
0
0.000707701812127662
0
0
0
0
0
0
0.0007202480834218528
0
0
0
0
0
0
0
0
0
0
0.0008565104060801209
0
0
0
0.003113489391754448
0
0.0015951832442313173
0
0.0011356315036970019
0
0
0
0
0.0007743957290578563
0.000489993350626133
0
0
0
0
0
0
0
0
0
0
0
0
0
0
0
0
0
0
0
0
0
0
0
0
0
0.00060595005429465
0
0.0005291876687476668
0
0
0
0
0
0
0
0.0038796387534410035
0
0
0
0.0011581960775925708
0
0
0
0
0
0
0
0
0
0.0007681882946328826
0
0
0
0.0054477033001087685
0
0
0
0
0
0.001661553990871446
0.000932420481164856
0.0008024297305984979
0
0.0009410509628921121
0.0033661565692196505
0
0
0
0
0
0
0
0
0
0
0.002955381216938416
0
0
0
0.0023356555322437017
0
0.0015473907367355873
0
0
0
0
0.008329781748852546
0
0
0
0
0
0
0
0
0
0
0.009213312786059547
0
0.0009596594815999987
0
0
0.002237686278325784
0
0.0005878613490283622
0.000832705812228644
0.0012393941989005297
0
0.0007298544006773059
0
0.0007239233155835573
0
0
0.0007239233155835573
0
0
0
0
0
0
0
0
0
0
0
0.002306602656375912
0
0
0.0018055814296083703
0
0
0.0006666855085396097
0.003316215102154745
0.003524081340758742
0
0
0
0
0.0005158228405864906
0
0
0
0
0
0
0
0
0.009076870290450196
0
0.0009501153154224798
0
0.0005459802366901175
0
0
0.0008788615154093837
0
0
0
0
0
0
0.0008007976592693875
0
0
0
0
0
0
0
0
0
0
0
0
0
0
0
0
0
0.022813464050897382
0.0026276582351511943
0
0
0.0037958318984143845
0
0
0
0
0
0
0
0
0
0
0
0
0
0
0
0
0
0
0
0
0
0
0
0
0
0.0006152875240013623
0.0014564347821837851
0
0
0
0
0
0
0
0
0
0
0.0014652324208218948
0
0
0
0
0
0
0
0
0
0
0
0
0
0.0007265951074293898
0
0
0
0
0
0
0
0
0
0
0
0
0.0035559841800140565
0.0013475482469896406
0
0
0
0
0
0
0
0
0
0
0
0
0
0
0
0
0
0
0
0
0
0
0
0.03100242732353954
0
0
0
0
0
0.0007116224589511798
0
0
0
0
0
0.0005359800014265982
0
0
0
0
0
0
0.0028956932623342294
0
0
0
0
0
0
0
0
0
0.00522968400431243
0
0
0
0
0
0.0006682368527384669
0.0039005689206292426
0
0
0
0
0
0
0
0
0
0.0013742161156797949
0
0
0
0
0
0
0
0
0
0
0
0
0
0
0
0.0008865368291007805
0
0
0
0
0
0
0
0
0
0
0.0008223438546046969
0
0
0
0
0.0009656382385552558
0
0
0.0005238622035174162
0
0.0016098117399388904
0
0
0
0
0
0
0
0
0
0
0.0007207685531944651
0
0
0
0
0.008074164810638738
0
0
0.0014630128119582778
0
0
0
0
0
0
0
0.0014086796023223107
0
0
0
0
0
0
0
0
0
0
0
0.0009965035687979661
0
0
0
0.012661781893447927
0
0
0
0
0
0
0
0
0
0.006849779349600789
0
0
0
0
0
0
0
0.0008973067542047701
0
0
0.0008489273156845394
0
0
0
0.0006713801593453711
0
0
0
0
0
0
0
0
0
0
0
0
0
0
0
0
0
0
0
0
0
0
0
0
0
0
0
0
0
0
0
0
0
0
0
0
0
0.0009676760303052888
0
0
0
0.0005952440833208708
0
0
0
0
0
0
0
0
0
0
0
0
0
0
0
0.000714116864568576
0
0
0
0
0
0
0
0
0
0
0
0
0.0027113442665073844
0
0
0.0010634554961542115
0
0
0
0
0
0
0
0
0
0
0
0
0
0
0
0
0
0
0
0
0.0006342562541687887
0
0
0.0034530074359587293
0
0
0
0
0
0
0
0
0
0
0
0
0
0
0
0
0
0
0
0
0
0
0
0
0
0
0
0
0
0
0
0
0
0
0
0
0
0
0
0
0
0
0
0
0
0
0.0008049058699694452
0
0
0
0
0
0.0023086481331152657
0
0
0
0
0.004609129767797295
0
0
0
0
0
0
0
0
0
0
0
0
0.0008082611788659347
0
0
0
0
0
0
0
0.0015951543384125327
0
0
0
0
0
0
0
0
0
0.0017916196676396117
0
0
0
0
0
0
0
0
0
0
0
0
0
0
0
0
0
0
0
0
0
0
0.0006418334069342165
0
0
0
0.0008436996264377852
0
0
0
0
0.0008931922947338646
0
0.004756216093462707
0
0
0.0008788615154093837
0
0.0011191188895932637
0
0
0
0
0
0
0
0
0
0
0
0
0
0
0
0.0016915269408476403
0.0007458954261085946
0
0
0.000682412480962892
0
0
0
0
0
0
0
0
0
0
0.0028074698209360734
0
0
0.0018818843890004264
0
0.0006508006630843393
0
0
0
0
0
0
0
0
0
0
0.0008739203117686055
0
0
0
0
0
0
0.003303208720056446
0
0
0
0
0
0
0
0
0.0008691108893912996
0
0
0
0
0.0007746789062425487
0
0
0
0
0
0.0006770163258925494
0
0
0.0016392364421904404
0.011194289800259943
0
0
0
0
0
0
0
0
0
0
0
0
0
0.002437635161128791
0
0
0
0
0
0
0
0
0.0016673560243255935
0
0
0
0
0
0
0
0
0
0.005936916262358211
0
0
0
0
0
0
0
0
0.03025638186422753
0
0
0
0.0009739313157855215
0.0022522603030679707
0
0
0
0
0
0
0
0
0
0
0.0021087537207832956
0
0.0012242420228581335
0
0.002406364429313631
0
0
0
0
0
0
0
0
0
0
0
0
0
0
0
0
0
0
0
0
0
0
0
0
0
0
0
0
0
0
0
0
0
0
0
0
0
0
0
0
0
0
0.001523065657999597
0
0
0
0
0
0
0.001439458222812104
0
0.005549962347336891
0
0
0.0007223390361325685
0
0
0
0
0
0
0
0.0022577390312226954
0
0
0
0
0
0
0
0.002380892349142961
0
0
0.0015660386625703537
0
0
0
0
0
0
0
0
0
0
0
0.015058858260721161
0.001293904548518545
0.0007038645896845088
0.001161749868504757
0.0011191188895932637
0
0
0
0
0
0
0
0
0
0
0.0010063878314661347
0
0
0
0
0
0
0
0
0.0006762002944050311
0
0
0.0012176840305072529
0.0030115965465310974
0
0
0
0
0.0015645694739724687
0
0
0
0
0
0
0
0
0
0
0
0
0
0
0
0
0
0
0.0020047105582154004
0
0
0
0
0
0
0
0
0
0.000955780995536705
0
0
0
0
0.0018785830168769693
0
0
0
0
0
0
0
0
0
0
0
0
0
0.001008945926144576
0
0.0010141736153913303
0
0
0
0
0
0
0
0.0009225811693072484
0
0
0
0
0.0006729725992819395
0
0
0.000987133011732013
0
0.0016374375092739252
0
0
0
0
0
0
0
0
0
0
0.0016379407100703526
0
0
0
0
0
0
0
0.0009241842256494027
0
0
0
0
0
0
0
0.0007822847369862344
0.007135665875147431
0
0
0
0
0
0
0
0
0
0
0
0
0
0
0
0
0
0
0
0
0
0.0012364304574749999
0
0
0
0
0
0
0
0
0
0
0
0.0006408268406874727
0
0.0029613990351960388
0
0
0
0
0
0
0
0
0
0
0.003558112294755899
0
0
0
0.0008751429784927497
0
0
0
0
0
0
0
0
0
0
0.0006543719213884295
0.009241842256494028
0
0
0
0
0
0
0
0.0007615328289997985
0
0.0016465232617819713
0.0012614838743705815
0
0
0
0
0
0
0
0.0007239233155835573
0
0
0
0
0
0
0
0
0
0.0015350231719101113
0
0
0
0
0
0.001033764930270103
0.0035636371252414346
0.0009147729085762611
0
0
0
0
0
0
0
0
0
0
0
0
0
0
0
0
0
0
0
0.0005667032088319607
0
0
0
0
0
0.005712934916548608
0
0
0
0
0
0
0.0006914855215650925
0
0
0
0
0
0
0
0
0
0
0.001273057657797633
0
0
0
0
0
0
0
0.0009072887370872165
0
0
0
0
0
0
0
0
0
0
0.006881782976736816
0
0
0
0
0.001295987433818413
0
0
0
0
0
0
0
0
0
0
0
0
0
0
0
0
0.0005449942164588941
0
0.0009760655732511666
0
0
0
0
0
0
0
0
0
0
0
0
0
0
0
0
0
0
0
0
0
0
0
0
0
0
0.0008241841017055521
0
0
0
0
0.0012096674818019627
0
0
0
0
0
0
0
0
0
0
0.0068628797271050425
0
0
0
0
0
0.001611477725820331
0
0
0
0
0
0
0
0
0
0
0
0
0
0
0
0.0007928517639052702
0
0
0
0
0.0009826242106129115
0
0
0
0
0
0
0
0
0
0
0
0
0
0
0
0
0
0
0.0009941148894922816
0
0.0008134141766015624
0
0
0
0
0
0
0.0007695493777050886
0.00092743373069948
0
0.0016374375092739252
0
0
0
0
0.0008565104060801209
0.0011678637642082161
0
0
0
0
0
0
0
0
0
0
0
0
0
0
0
0
0
0.000984864520802011
0
0
0
0
0
0
0
0
0
0
0
0
0
0
0
0.0011501108205088017
0
0.003224436297547043
0.0009358232736453578
0.0011144344015133248
0
0
0
0
0
0
0
0
0.0007121185876025576
0
0
0
0
0
0
0
0.0008260433207603512
0.0020237376778579606
0
0.000581489886204475
0
0
0
0
0.0019255002208026497
0
0
0
0
0
0
0
0
0
0
0
0
0
0
0
0
0
0.0008763739911294313
0
0
0
0
0
0
0
0
0
0.0022382377791865275
0
0.004099543072589716
0
0
0
0
0
0
0
0
0
0
0
0
0.007238560691890927
0
0
0
0
0
0.0006101345262657346
0
0
0
0
0
0
0
0
0
0
0
0.0010367458684037748
0
0
0
0
0
0
0
0
0
0
0
0
0
0
0
0
0
0
0.0007337328867405995
0
0
0
0.0006554572365057537
0
0
0
0
0
0
0
0
0
0
0
0
0
0
0
0
0
0.0010063878314661347
0
0
0
0
0
0
0
0
0
0
0
0.0018030345594454253
0
0.0017756968355970813
0
0
0
0.0016343929730751358
0
0
0
0
0
0
0
0
0
0
0
0
0
0
0
0
0
0
0
0
0
0.0009410509628921121
0
0
0
0
0
0
0
0.0011875570540125428
0
0
0
0
0
0
0
0
0
0.0010428597641072342
0
0
0
0
0
0
0
0
0
0
0
0
0
0.0008241841017055521
0.0009015172797227127
0
0
0
0
0
0
0
0
0
0
0
0
0.0008776134644004433
0
0
0
0
0
0
0
0
0
0
0.0023615017264262232
0
0
0
0
0
0
0
0
0
0
0
0
0
0
0
0
0
0
0
0
0
0
0
0
0
0
0
0
0
0
0
0
0
0
0
0
0
0
0
0
0
0
0
0
0
0
0
0
0.0007859880016285624
0
0
0
0
0
0
0
0
0
0
0
0
0
0
0
0
0
0
0
0
0
0
0
0
0
0
0
0
0
0
0
0.000937549053810579
0.0009482656309919677
0
0
0
0.002278749479188278
0
0
0
0
0
0
0
0
0
0
0
0
0
0
0
0
0
0
0
0
0
0
0
0
0
0
0
0
0
0
0
0
0
0
0
0
0
0
0
0.0010428597641072342
0
0
0
0
0
0
0
0.0010732696310929498
0
0
0
0
0
0
0
0.0010115408292017626
0
0
0.004586029045512173
0
0
0
0
0
0
0
0
0
0
0
0
0.0011501108205088017
0
0
0
0
0.0009072887370872165
0
0
0
0
0
0
0
0
0
0
0.000742924310291912
0.0008187187546369626
0
0
0
0
0
0
0
0.0007464955685960022
0
0.00567957963598773
0
0
0
0
0
0
0
0
0
0
0.002039114755814105
0
0
0
0
0
0
0.0008703012742481711
0
0.001247824623133283
0.001719721041402058
0
0
0
0
0
0
0
0
0
0.0008691108893912996
0
0
0.0008298202682527305
0.0009446222211962022
0
0
0
0
0.004931623269418424
0
0.0052639206397559575
0
0
0
0
0
0
0
0
0
0
0
0
0
0
0.0013123688512001236
0
0
0
0
0
0
0
0
0
0
0
0
0
0
0
0
0
0
0
0
0
0
0
0.0009826242106129115
0
0
0
0
0
0
0
0
0
0.0009739313157855215
0
0
0
0.0006968827119242401
0
0
0
0
0
0.0023892604427963324
0
0
0
0
0
0
0
0
0
0
0
0
0
0.0011239283119705696
0
0.0017064427823857491
0
0
0
0.0011445613780080347
0
0.001773073658201561
0
0
0
0
0
0.00124965706722072
0
0
0
0
0
0
0
0.0010491882257503847
0
0
0
0
0
0
0
0
0
0
0
0
0
0
0
0.0009501153154224798
0
0
0
0
0
0
0
0
0
0.0007563798312641707
0
0
0
0
0
0
0
0
0
0
0
0
0
0
0
0
0
0
0
0
0
0
0
0
0
0.00682465493213446
0
0
0
0
0
0
0.0013690633808745734
0
0
0.0010141736153913303
0
0
0
0
0.0007489163116676234
0
0
0
0
0
0
0
0
0
0
0
0
0
0
0
0
0
0
0
0
0
0
0
0
0
0
0
0
0
0
0
0
0
0
0
0
0
0
0
0
0
0
0.0015390987554101771
0
0
0
0
0
0
0
0
0
0
0
0
0
0
0
0
0
0
0
0
0
0
0
0
0
0
0
0
0
0
0
0
0
0
0
0
0
0
0
0
0
0
0
0
0
0
0
0
0
0
0
0
0
0
0
0
0
0.0009258016593703694
0
0
0
0
0
0
0
0
0
0
0
0
0
0
0
0
0
0
0
0
0
0
0
0
0
0
0
0
0
0
0.000778655989790667
0
0
0
0
0
0
0
0
0
0
0
0
0
0
0
0.002537317659886341
0
0.0007121185876025576
0
0.0009782253912938566
0
0
0
0
0
0
0
0.001033764930270103
0.0014697130412000938
0
0
0
0
0
0
0
0
0
0
0
0
0
0
0
0
0
0
0
0
0
0
0
0
0
0
0
0
0
0
0
0
0
0
0
0
0
0
0
0
0
0.004159600188177836
0.011914862024102586
0
0
0
0
0
0
0
0
0
0
0
0
0
0.00808674917887849
0
0
0
0
0
0
0
0
0
0
0.0016338663384956704
0.0008532213911928746
0
0
0
0
0
0
0
0
0
0
0
0
0
0
0
0
0.0008298202682527305
0
0.0009392915084384846
0
0
0
0
0
0
0
0
0
0.0031291389479449374
0
0
0
0
0
0
0
0
0
0
0
0
0.002407289191795494
0.0008878484177985407
0.0009718220209679936
0.0018502363060347233
0.0023002216410176034
0.0016199250744977336
0.012957840611049107
0.0023751141080250856
0.011143864654378681
0.0038253444618293517
0
0.0029623286600842856
0
0
0
0
0
0
0
0
0
0
0
0
0
0
0.0008151650898796437
0
0
0
0
0
0
0
0
0
0
0
0
0
0
0
0
0
0
0
0
0
0
0
0
0
0.0036274591899208572
0
0
0
0
0
0
0
0
0
0
0
0
0
0
0
0
0
0
0
0
0
0
0
0
0
0
0
0
0
0
0
0
0
0
0
0
0
0
0
0
0
0
0
0
0
0
0
0
0
0
0
0
0.0038652248555412806
0
0
0
0
0
0
0
0
0
0
0
0
0
0
0
0
0
0
0
0
0.0010968260210689757
0
0
0
0
0
0
0
0
0
0
0
0
0
0
0
0
0
0
0
0
0
0
0
0
0
0
0
0
0
0
0
0
0
0
0.0021073392678126533
0
0
0
0
0
0
0.0007121185876025576
0
0
0
0
0
0
0
0
0
0
0
0
0
0
0
0.001314561473770505
0
0
0
0
0
0
0
0
0
0
0
0.0014030142716801618
0
0
0
0
0
0
0
0
0
0
0
0
0
0
0
0
0
0
0
0.0007608805944695572
0
0.0013426880306082348
0
0
0
0
0
0
0
0
0
0
0.0017577230308187673
0
0
0
0
0
0
0
0
0
0
0
0
0
0
0
0
0
0
0
0
0
0
0
0
0
0
0
0
0
0
0
0.0011741922258513668
0
0
0
0
0.004629662754046896
0
0
0
0
0
0
0
0
0
0
0
0
0
0
0
0
0
0
0
0
0
0
0
0
0
0
0
0
0
0.0011288695156113477
0.00431217375802082
0
0
0
0
0
0
0
0
0
0
0
0
0
0
0
0
0.0008852347104400976
0
0
0
0
0
0
0
0
0
0
0
0
0
0
0
0
0
0
0
0
0
0
0
0
0
0
0
0
0
0
0
0
0
0
0
0
0
0
0
0
0
0.0008973067542047701
0
0
0
0
0
0
0
0
0
0
0
0
0
0
0
0
0
0
0
0
0.0007067348250868351
0
0
0.0009989243118695874
0
0
0
0
0
0
0
0
0
0
0
0
0
0
0
0
0
0
0
0
0
0
0
0
0
0
0
0
0
0
0
0
0
0
0
0
0
0
0
0.0013707727930887832
0
0.0007348565206000469
0
0
0
0
0
0
0
0
0
0
0
0
0
0
0
0
0
0
0
0.0012538735157123298
0
0
0.0009519841679086017
0
0
0
0
0
0
0
0
0.0007458954261085946
0
0
0
0
0
0
0
0
0
0
0
0
0
0
0
0
0
0
0
0
0.005770324235151918
0
0
0.0007628444176975587
0
0.002335967969372001
0
0
0
0
0.0008543110782002619
0
0
0
0
0
0
0
0
0
0
0
0
0
0
0
0
0
0
0
0
0
0
0
0
0
0
0
0
0
0
0
0
0
0
0
0
0
0
0
0
0
0
0.0012641816155932943
0.0010367458684037748
0
0
0
0
0
0
0
0
0
0
0
0
0
0
0
0
0
0
0
0
0
0
0
0
0
0
0
0
0
0
0
0
0
0
0
0
0
0
0
0
0
0
0
0
0
0
0
0
0.0012538735157123298
0
0
0
0
0
0
0
0
0
0
0
0
0.0019835148712957075
0
0
0
0
0
0
0
0
0
0
0
0
0
0
0
0
0
0
0
0
0
0
0
0
0
0
0
0
0
0
0
0
0.0012019921681105657
0
0
0
0
0.0007695493777050886
0
0
0
0
0
0
0
0
0
0
0
0.001080784995637687
0.0009804113895864346
0
0
0
0
0
0
0
0
0
0
0
0
0.0026365845462281512
0
0
0
0
0
0
0
0
0
0
0
0.0005499791289343595
0
0.0008865368291007805
0
0
0
0
0.0022382377791865275
0
0
0
0
0
0
0
0
0
0
0
0
0
0.0013269961682115478
0
0.0018483684512988054
0
0
0.0008776134644004433
0.0016577371795709818
0
0
0
0
0
0
0
0
0.0009804113895864346
0
0
0
0
0
0
0
0
0
0
0
0
0
0
0
0
0
0
0
0
0.0008142875083375025
0
0
0
0
0
0
0
0.0007822847369862344
0.006023193093062195
0
0
0
0.0012621172113236076
0.0009029429207519486
0
0
0
0
0
0
0.001088627216005539
0
0
0
0.0011010695733521486
0
0
0
0
0
0
0
0
0
0
0
0
0
0
0
0
0
0
0
0
0
0
0
0
0
0
0
0
0
0
0
0
0
0
0
0
0
0
0
0
0
0
0
0
0
0
0
0
0
0.0008007976592693875
0
0.0011054153896874167
0
0
0
0
0.0018357115280125044
0
0
0
0
0
0
0
0
0
0
0
0
0
0
0
0
0
0
0
0
0
0
0
0
0
0
0.0012538735157123298
0
0
0
0
0
0
0
0
0
0
0
0
0
0
0
0
0
0
0
0
0
0
0
0.00276594208626037
0
0
0
0
0
0
0.0008891696152903482
0
0
0
0.000859860520701029
0
0
0
0
0
0
0
0
0
0
0
0
0
0
0
0
0
0.0006794868118002432
0
0
0
0
0
0
0
0
0
0
0
0.0009341138518320949
0
0
0
0
0
0
0
0
0
0
0
0
0
0.0008918414071361806
0
0
0
0
0
0
0
0
0
0
0
0
0
0
0
0
0
0
0
0
0
0
0
0
0
0
0
0
0
0
0
0.0011558364649298263
0
0
0
0.0012538735157123298
0
0
0
0
0
0
0
0
0
0
0.0009194171819941899
0
0
0
0
0
0
0
0
0
0
0
0
0
0
0
0
0
0
0
0
0
0
0
0
0
0
0
0.002505463963709869
0.0014373912526736063
0
0
0
0
0
0
0
0
0
0
0
0
0
0
0
0
0
0
0
0
0
0
0
0
0
0
0
0
0
0
0
0
0
0
0
0
0
0
0.0007750988202058558
0
0
0
0
0
0
0
0
0
0
0
0
0
0
0
0
0.0010732696310929498
0
0
0
0
0
0
0
0
0
0
0
0
0
0
0
0.0008763739911294313
0
0.002209665624153518
0
0
0
0
0
0
0
0
0
0
0.0007458954261085946
0
0
0
0
0
0
0
0
0
0
0
0
0.0028616792720136644
0
0
0.0009676760303052888
0
0
0
0
0
0
0
0
0
0
0
0
0
0
0
0
0
0
0
0
0
0
0
0
0
0
0
0
0
0
0
0
0
0
0
0
0
0
0
0
0
0
0
0
0
0
0
0
0
0
0
0
0
0
0
0
0
0
0
0
0
0
0
0.001022310754305752
0.001033764930270103
0.0010397769086772431
0
0
0
0
0
0
0
0
0
0
0
0
0
0
0
0
0
0
0
0
0.000832705812228644
0
0
0
0
0
0
0
0
0
0
0
0
0
0.0006572807368852525
0
0
0
0
0
0
0
0
0
0
0
0
0
0
0
0
0
0
0.0007218140207660296
0
0
0
0
0
0
0
0
0
0
0
0
0
0
0
0
0
0
0
0
0
0
0
0.003924069577748784
0
0.0008057388629101655
0
0
0
0.0009147729085762611
0
0
0
0
0
0
0
0
0
0
0
0
0
0.0008298202682527305
0
0
0
0
0
0
0
0
0
0
0
0
0
0
0
0
0
0
0
0
0
0.000738845304234604
0.0012176840305072529
0
0
0
0.0008288685897854909
0
0
0.0012260735734531307
0
0
0
0
0
0
0
0
0
0
0
0
0
0
0
0
0
0
0
0
0.0011144344015133248
0
0
0
0
0
0
0
0
0
0
0.004732173627039173
0
0
0
0
0
0
0
0
0
0
0
0
0
0
0
0
0
0
0
0
0
0
0
0
0
0
0.0018265020412658263
0
0
0
0
0
0
0
0
0
0
0
0
0
0
0
0
0
0
0
0
0
0.0009290807069958322
0
0
0
0
0.0011144344015133248
0
0
0
0
0
0
0
0
0
0
0
0
0
0
0
0
0
0
0
0
0
0
0
0
0.0011807508632131116
0
0
0
0
0
0
0
0
0
0
0
0
0
0
0
0
0
0
0
0.001286753868605739
0.0011288695156113477
0
0
0
0
0
0
0
0
0
0
0
0
0
0
0
0
0
0
0.0018682277036641897
0
0
0
0
0
0
0
0
0
0
0
0
0.0012260735734531307
0
0
0
0.000955780995536705
0
0.0012751148206097838
0
0
0
0
0
0
0
0
0
0
0
0
0
0
0
0
0
0
0
0
0
0
0
0
0
0
0
0.0009258016593703694
0
0
0
0
0
0
0
0
0
0
0
0.006130367867265653
0
0
0
0
0.0006445453776041067
0
0
0
0
0
0
0
0
0
0
0
0
0
0
0.0018419844739861271
0
0
0
0
0
0
0
0
0
0
0.0016048594611969959
0
0
0
0
0
0
0
0
0.0009676760303052888
0
0
0
0
0
0
0
0
0
0
0
0
0
0
0.0011678637642082161
0
0
0
0
0
0
0
0
0
0
0
0.0021031179619781077
0
0.0011501108205088017
0
0.0019835148712957075
0
0
0
0
0
0
0
0
0
0
0.0010308324648288442
0.0009241842256494027
0
0
0.0018419844739861271
0
0
0
0
0
0
0
0
0
0.00843794148429521
0.001022310754305752
0
0
0
0
0
0
0
0
0
0
0
0
0
0
0
0
0
0
0
0
0
0
0
0
0
0
0
0
0
0
0
0.0009739313157855215
0
0
0
0
0
0
0
0
0
0
0
0
0
0
0
0
0
0
0
0
0
0
0
0
0
0
0
0
0
0
0
0
0
0
0
0
0
0
0
0
0
0
0
0
0
0
0
0
0
0
0
0
0
0
0
0
0
0
0
0
0
0
0
0
0
0
0
0
0
0
0
0
0
0
0
0
0
0
0
0
0
0
0
0
0.002576210660524745
0
0
0
0
0
0
0
0
0
0
0
0
0
0
0
0
0
0
0
0
0
0
0
0
0
0
0
0
0
0
0
0
0
0.0012260735734531307
0
0
0
0.0024837657210862417
0
0
0
0
0
0
0
0
0
0
0
0
0
0
0
0
0
0
0
0
0
0
0
0
0
0
0
0
0.017090402712639972
0
0
0
0
0
0
0
0
0
0
0
0
0
0
0
0.0012019921681105657
0
0
0
0
0
0
0
0
0
0
0
0
0
0
0
0
0
0
0
0
0
0
0
0
0
0
0
0
0
0
0
0
0
0
0
0
0.0015903979797896458
0
0
0
0
0
0
0.005392196210812654
0
0
0
0
0
0
0
0
0
0.0010168454072371626
0
0
0
0
0.0008468180208670116
0.000987133011732013
0
0.0009087609301691211
0.000844733111507034
0
0
0
0
0
0
0
0
0
0
0
0
0
0.0038253444618293517
0
0.001665411624457288
0
0
0
0
0
0
0
0.00279672040641828
0.0013269961682115478
0
0
0
0
0
0
0
0
0
0.0012441228896942456
0
0
0
0
0
0
0
0
0
0
0
0
0
0
0
0
0
0
0
0
0
0
0
0
0
0
0
0
0.0063613265111838475
0.0025983924519046974
0
0
0
0
0
0.0026539923364230955
0
0
0
0
0
0
0
0
0
0
0
0
0
0
0
0.0010769881680095838
0
0.0009965035687979661
0
0
0
0
0
0
0
0
0
0
0
0
0
0.0009656382385552558
0.0008251113153214978
0
0
0
0
0
0
0
0
0
0
0
0
0
0
0
0
0
0.001109868520902993
0.0024193349636039254
0
0
0
0
0
0
0
0
0
0.0009656382385552558
0
0
0
0.0009087609301691211
0.0009596594815999987
0
0
0
0
0
0
0.001312561054113525
0
0
0
0
0
0
0
0
0
0
0
0
0
0
0
0
0
0
0
0
0
0
0
0
0
0
0
0
0
0
0
0
0
0
0
0
0
0
0
0
0
0
0
0
0
0
0
0
0
0
0
0
0.0008714995686969841
0
0
0
0
0
0
0
0
0
0
0
0
0
0
0
0
0
0
0
0
0
0
0
0
0.003118571371112161
0
0
0
0
0
0
0
0
0.0011054153896874167
0
0
0
0
0
0
0
0
0
0
0
0
0
0
0
0
0
0
0
0
0
0
0
0
0
0
0
0.0007951989898948229
0
0
0
0
0
0
0
0
0
0
0
0
0
0
0.0006282284100718945
0
0
0
0
0
0
0
0.0008298202682527305
0
0
0
0
0
0
0
0
0
0
0
0
0
0
0
0
0
0
0
0
0
0
0
0
0
0
0
0
0
0
0
0
0
0
0
0
0
0
0
0
0
0
0
0
0
0
0
0
0
0
0
0
0
0
0
0
0
0
0
0
0
0.001719721041402058
0
0
0
0
0
0
0
0
0
0
0
0
0.006150640922446919
0
0.0012176840305072529
0
0
0
0
0
0
0.0007507534343559901
0
0
0
0
0
0
0
0
0
0
0
0
0
0
0
0
0
0
0
0
0
0
0
0
0
0.0010063878314661347
0
0
0
0
0
0
0
0
0
0
0
0
0
0
0
0
0
0
0
0
0
0
0
0
0
0
0
0
0
0
0
0
0
0.006101072443422975
0.0015734757364036219
0
0
0
0
0
0
0
0
0
0
0
0
0.001052437730800462
0
0
0
0
0
0
0
0.0010428597641072342
0
0
0
0
0
0
0
0
0
0
0
0
0
0
0
0
0
0
0.001062553053911561
0
0
0
0
0
0
0
0.001133949926245558
0
0
0
0
0
0
0
0
0
0
0
0
0
0
0
0
0
0
0
0
0
0
0
0
0
0
0
0
0
0
0
0
0
0
0
0
0
0
0
0
0
0.0011288695156113477
0
0
0
0.0009015172797227127
0
0
0
0
0
0
0
0
0
0
0
0
0
0
0
0
0
0
0
0
0
0
0
0
0
0
0
0
0
0
0
0.002033690814474325
0
0
0
0
0
0
0
0
0
0
0
0.011404204552441522
0
0
0
0
0
0
0
0
0
0
0
0
0
0
0
0
0
0
0
0
0
0
0
0
0
0
0
0
0
0
0
0
0
0
0
0
0
0
0
0
0
0
0.0011558364649298263
0
0
0
0
0
0
0
0
0
0
0
0
0
0
0
0
0
0
0
0
0
0
0
0
0
0
0
0.0012019921681105657
0
0.0031193307260317295
0
0
0.0018116569294557244
0
0
0
0
0
0
0
0.009200886564070414
0
0
0
0
0
0
0.0011445613780080347
0
0
0
0
0
0.0009290807069958322
0
0
0.0012641816155932943
0.003542252589639335
0.005015494062849319
0.0010397769086772431
0.002726282790507363
0
0
0.0049394900840159005
0
0
0.0008839419260435939
0.005236235271317123
0.008268767335532336
0
0.007424402606029694
0.0031475646772511543
0
0.004200356462132297
0
0
0
0
0.0012538735157123298
0
0.0012991962259523487
0
0
0
0.0024353680610145058
0.031261934434057746
0.013182922731140755
0.0010063878314661347
0
0
0
0
0.0025983924519046974
0.0025983924519046974
0.0025983924519046974
0.0033573566687797912
0.002800237641421532
0.001062553053911561
0
0
0
0.0008499912872133381
0.0008986993684687757
0
0
0
0
0
0.0012641816155932943
0
0
0
0
0
0
0
0
0.0018204904804055154
0
0
0
0.000812545053709597
0.0012441228896942456
0.01824225982658096
0
0
0
0
0
0
0.004465961473669323
0
0.009538725898864729
0
0.003732368669082737
0
0
0
0
0
0
0
0.003092497394486533
0.0045291423236393106
0
0
0
0.0011501108205088017
0
0
0
0
0.0010168454072371626
0
0
0.009988816688126937
0.009113420923938497
0.01489188580817836
0.005147015474422956
0.006433769343028695
0.0012441228896942456
0
0
0
0
0
0.0026539923364230955
0.002982344668476845
0.0029281967197535
0.0015487914581157126
0.0009358232736453578
0
0
0
0.0009656382385552558
0
0
0
0
0
0
0.0018785830168769693
0
0
0.0014834988708917792
0.0012441228896942456
0.0031193307260317295
0.0017064427823857491
0.0022783552309846244
0
0
0.0010846634817009808
0
0
0.008904873612711086
0.008918414071361805
0
0
0.0011288695156113477
0
0
0.0011445613780080347
0
0.0011741922258513668
0.005196784903809395
0
0.0026539923364230955
0.005250857870956498
0.0038253444618293517
0
0
0
0
0
0
0.0009656382385552558
0
0.0012176840305072529
0
0
0
0.0054349707883671735
0.00262512210822705
0.002267899852491116
0
0
0.0021936520421379515
0
0.001400118820710766
0.005614939641872147
0
0
0
0
0
0
0
0
0
0
0
0
0.006788159781256113
0
0
0.002797261443494568
0
0
0
0
0.0009697371116080162
0
0.00191156199107341
0
0
0
0
0
0
0.0025280160906129205
0
0
0
0.0010038655155103658
0
0.003183952947568326
0
0
0
0
0
0.005594522886989136
0
0
0.001965248421225823
0
0
0.0023751141080250856
0
0.0010141736153913303
0
0
0.0010013779912304134
0
0.0007621874309926891
0.001080784995637687
0
0
0
0.0009290807069958322
0
0
0
0
0
0
0
0
0
0
0
0
0
0
0
0
0
0
0
0
0
0.0021936520421379515
0
0
0
0
0.0018965312619839353
0
0
0
0
0
0
0.0032536567064062496
0
0.01823483736605586
0.0008788615154093837
0.0012348725210039751
0.0008532213911928746
0.009277492183459598
0
0
0
0
0
0
0.0012260735734531307
0
0
0
0
0
0
0
0
0
0
0
0.0052502442164541
0
0
0
0.001088627216005539
0
0
0
0
0
0
0.0024697450420079503
0
0.0059731511069908315
0.0023116729298596527
0.0009804113895864346
0
0
0
0
0
0
0
0
0.003542252589639335
0.0011558364649298263
0.0024521471469062615
0
0
0.0011391776154923122
0
0
0
0.0008521382488916641
0
0
0
0.001088627216005539
0
0
0
0
0.002492330986307169
0.008362411549787164
0.03281402635283812
0
0
0
0
0
0.00331624616906225
0.002267899852491116
0
0
0
0
0
0
0
0
0.0014542684975813642
0
0
0
0
0
0.013363309971088097
0
0
0
0
0.0011946302213981662
0
0.0022288688030266497
0.0024193349636039254
0.0008478695844938454
0
0
0.003343303204539975
0
0
0
0
0
0
0
0
0
0
0
0.0012751148206097838
0.009500456432100342
0
0.007620390512038773
0
0
0.0038253444618293517
0
0.0023116729298596527
0
0
0.002111493726224259
0
0.002219737041805986
0
0
0
0
0
0
0
0
0
0
0.002177254432011078
0
0
0
0.0010428597641072342
0
0
0
0
0
0
0
0
0
0
0
0.0022577390312226954
0.001312561054113525
0
0.0024697450420079503
0
0
0
0
0.0009826242106129115
0
0
0.003219808893278849
0.0021539763360191675
0
0.003103218652741285
0
0
0
0
0
0
0
0.005384940840047918
0
0
0
0
0
0
0
0
0
0
0
0
0
0
0
0
0
0
0
0
0
0
0
0
0
0
0
0
0
0
0
0
0
0
0
0
0
0
0
0.002683660133418212
0
0
0
0
0.000591642255875079
0.004693708421917407
0
0
0
0
0
0
0.0010557468631121295
0.0010660549629930942
0
0
0.00895295111674611
0
0
0
0
0.009398816214257644
0
0.001080784995637687
0.016099044466394246
0
0
0
0
0
0
0
0
0
0
0
0.0010168454072371626
0
0
0
0
0
0
0
0
0
0
0
0
0
0
0
0
0
0
0
0
0
0
0.003303208720056446
0
0
0
0
0
0.0011010695733521486
0
0
0
0.0026853760612164696
0
0
0
0
0
0.001088627216005539
0.0018821019257842242
0
0
0
0
0
0
0
0
0
0.0010195573779070526
0.0009015172797227127
0.0009917574356478537
0
0
0
0
0
0
0
0
0.0008057388629101655
0
0
0.0011445613780080347
0.0010115408292017626
0
0.0011558364649298263
0
0
0
0
0
0
0
0
0
0
0
0.003058672133721158
0
0
0.0036059765043316974
0
0.0012751148206097838
0
0
0
0.0025502296412195677
0.0010926800304062708
0
0.0009163077489131248
0
0
0
0
0
0
0
0
0
0
0
0
0
0
0
0
0
0
0.0018295458171525222
0
0
0.0027629767109791908
0.0051324443369127155
0
0
0.0011501108205088017
0
0
0
0
0
0
0
0
0
0.0010660549629930942
0
0
0
0
0
0
0
0
0
0
0
0
0
0
0
0
0
0
0
0
0.0026853760612164696
0.0012641816155932943
0
0
0
0
0.033591318021744636
0
0
0.0008376200849874133
0
0
0
0
0
0
0
0
0
0
0
0
0
0
0
0
0
0
0
0
0
0
0
0
0
0
0
0
0
0
0
0
0
0
0
0.0009656382385552558
0
0
0
0
0
0
0
0
0
0
0
0
0
0
0
0
0
0
0
0
0
0.0010141736153913303
0
0
0
0
0
0
0
0
0.0010459962370940456
0
0
0
0
0
0
0
0
0
0
0
0
0
0
0
0
0
0.0012096674818019627
0
0
0
0
0
0
0
0
0
0.0012751148206097838
0
0
0
0
0
0
0
0
0
0
0
0
0
0
0
0
0
0
0
0
0
0
0
0
0
0
0
0
0
0
0
0
0
0
0
0
0
0
0.0010428597641072342
0
0
0
0
0
0
0
0
0
0
0
0.0011875570540125428
0
0
0
0
0
0
0
0
0
0
0
0
0
0
0
0
0
0
0
0
0.0008763739911294313
0.0023892604427963324
0
0
0
0
0
0.0008468180208670116
0
0.018201544669239955
0.0035566784611613927
0.00827326509487987
0
0.001052437730800462
0.0010428597641072342
0.0012991962259523487
0
0.0010397769086772431
0
0
0.0008776134644004433
0
0
0.001783682814272361
0
0
0.001286753868605739
0
0
0
0.0010397769086772431
0
0
0
0.0012096674818019627
0
0
0.01169276603357114
0.0009087609301691211
0.0011875570540125428
0
0
0
0
0
0.0012751148206097838
0.0010846634817009808
0
0
0
0
0
0
0
0
0
0
0.0010013779912304134
0
0
0
0
0
0.002719753042209914
0
0
0
0
0
0
0
0
0
0
0
0
0
0
0
0
0
0
0.0009410509628921121
0
0
0
0
0
0
0
0.0009225811693072484
0
0
0
0.002177254432011078
0
0
0
0
0
0
0
0
0
0
0
0
0
0
0
0
0.006677108129205311
0.004387304084275903
0
0
0
0
0.003219808893278849
0.0011239283119705696
0
0
0
0
0
0
0.0030115965465310974
0
0
0
0
0.0011807508632131116
0
0
0.001062553053911561
0
0
0.0017502859569854994
0
0
0
0
0
0
0
0
0
0
0.002125106107823122
0
0
0
0
0
0
0
0
0
0
0
0
0
0
0
0
0
0.0025502296412195677
0
0
0
0
0
0
0.0019272464318091137
0.0020283472307826606
0.001161749868504757
0.0024521471469062615
0
0
0
0
0
0
0
0
0
0
0
0
0
0
0
0.0010063878314661347
0.0011807508632131116
0
0
0
0
0.008545201356319986
0
0
0.0016999825744266762
0
0.0011807508632131116
0
0
0
0
0.0009989243118695874
0.0009760655732511666
0.0022021391467042972
0
0.0036059765043316974
0
0
0.003562671162037629
0
0
0
0
0
0.0023002216410176034
0
0
0
0
0.006507980890205885
0
0
0
0
0
0
0
0
0
0
0
0
0
0
0
0
0
0
0.01725166230763203
0
0
0
0
0.0024193349636039254
0
0
0.0013269961682115478
0.0019521311465023332
0
0.004200356462132297
0
0
0
0
0.012817802034479978
0.0008366264590521618
0
0
0
0
0
0
0
0.007585089693559766
0.004457737606053299
0
0.0009804113895864346
0
0
0.0012441228896942456
0
0.0033573566687797912
0.0026853760612164696
0
0
0
0
0.0011239283119705696
0
0
0
0.0011054153896874167
0
0
0
0
0
0
0
0
0
0
0
0
0.0028484004521066616
0.0011946302213981662
0.0011946302213981662
0
0
0
0
0.0011144344015133248
0
0
0
0
0.006269367578561649
0
0.0024882457793884913
0
0
0
0
0.0014242002260533308
0
0
0
0
0
0
0
0
0
0
0
0
0.003792544846779883
0
0
0.000820522196176112
0
0
0
0
0.004476475558373055
0
0
0
0
0
0
0
0
0
0
0
0
0
0
0
0
0.0024697450420079503
0.008159259126629743
0.0033573566687797912
0.0023116729298596527
0.0012096674818019627
0.0011288695156113477
0.0013269961682115478
0.007167781328388998
0.0012019921681105657
0.001286753868605739
0.0011741922258513668
0.0012751148206097838
0.001400118820710766
0.0010168454072371626
0.0012019921681105657
0.012616033347308096
0.005600475282843064
0.00871200100987518
0.001400118820710766
0.002719753042209914
0.0022891227560160694
0.003562671162037629
0.007795177355714093
0.0012641816155932943
0.0023483844517027336
0.010675859745682236
0.0009058284647278622
0.023758088339295023
0.008485449769363022
0.0023483844517027336
0.0012348725210039751
0.008909283127235634
0.0011875570540125428
0.008400712924264595
0.001312561054113525
0.003583890664194499
0.0025502296412195677
0.007260000841562649
0.005600475282843064
0.0012176840305072529
0.0010846634817009808
0.0010397769086772431
0.006048337409009814
0.001161749868504757
0.001052437730800462
0.0012441228896942456
0.0013269961682115478
0.0012096674818019627
0.005696800904213323
0.0011875570540125428
0.0012991962259523487
0.0012441228896942456
0.0021539763360191675
0.0024697450420079503
0.0012348725210039751
0.002091992474188091
0.0023483844517027336
0.001088627216005539
0.0024039843362211313
0.0011807508632131116
0.0010397769086772431
0.0012441228896942456
0.001400118820710766
0.0020734917368075497
0.0013269961682115478
0.0011391776154923122
0.0010308324648288442
0.0024521471469062615
0.0012260735734531307
0.0012538735157123298
0.0011054153896874167
0.0012019921681105657
0.0022783552309846244
0.0029040003366250598
0.0011875570540125428
0.0012348725210039751
0.0025283632311865886
0.0012176840305072529
0.0011946302213981662
0.0012348725210039751
0.0012096674818019627
0.006375574103048919
0.0023357275284164323
0.0095191356477347
0.0011191188895932637
0.0010968260210689757
0.001286753868605739
0.00435600050493759
0.001052437730800462
0.0012991962259523487
0.004750576577112399
0.0010367458684037748
0.0009989243118695874
0.0025502296412195677
0.0011875570540125428
0.0012538735157123298
0.0012096674818019627
0.001109868520902993
0.0034018497787366743
0.0013426880306082348
0.0012096674818019627
0.0011946302213981662
0.0013269961682115478
0.0011946302213981662
0.0010696262212971843
0.012208553729932924
0.0011807508632131116
0.0024521471469062615
0.0010732696310929498
0.0023357275284164323
0.0010168454072371626
0.002719753042209914
0.0012260735734531307
0.0008667534355468717
0.0012751148206097838
0.0012096674818019627
0.0010769881680095838
0.0010926800304062708
0.0012991962259523487
0.0012348725210039751
0.0011741922258513668
0.002125106107823122
0.00871200100987518
0.0018204904804055154
0.0012751148206097838
0.0008667534355468717
0.0011678637642082161
0.0012096674818019627
0.001286753868605739
0.0010846634817009808
0.0012991962259523487
0.0012019921681105657
0.0011946302213981662
0.0013269961682115478
0.0008279219070287472
0.0008905005634053388
0.0009616304591531438
0.001286753868605739
0.0012991962259523487
0.001286753868605739
0.0010926800304062708
0.001133949926245558
0.000984864520802011
0.0009519841679086017
0.0030669322629172566
0
0
0
0
0
0
0
0
0
0
0
0
0
0
0
0
0
0
0
0
0
0
0
0
0
0
0
0
0
0
0
0
0
0
0
0
0
0
0
0
0
0
0
0
0
0
0
0
0
0
0
0
0
0
0
0
0
0
0
0
0
0
0
0
0
0
0
0
0
0
0
0
0
0
0
0
0
0
0
0
0
0
0
0
0
0
0
0
0
0
0
0
0
0
0
0
0
0
0
0
0
0
0
0
0
0
0
0
0
0
0
0
0
0
0
0
0
0
0
0
0
0
0
0
0
0
0
0
0
0
0
0
0
0
0
0
0
0
0
0
0
0
0
0
0
0
0
0
0
0
0
0
0
0
0
0
0
0
0
0
0
0
0
0
0
0
0
0
0
0
0
0
0
0
0
0
0
0
0
0
0
0
0
0
0
0
0
0
0
0
0
0
0
0
0
0
0
0
0
0
0
0
0
0
0
0
0
0
0
0
0
0
0
0
0
0
0
0
0
0
0
0
0
0
0
0
0
0
0
0
0
0
0
0
0
0
0
0
0
0
0
0
0
0
0
0
0
0
0
0
0
0
0
0
0
0
0
0
0
0
0
0
0
0
0
0
0
0
0
0
0
0
0
0
0
0
0
0
0
0
0
0
0
0
0
0
0
0
0
0
0
0
0
0
0
0
0
0
0
0
0
0
0
0
0
0
0
0
0
0
0
0
0
0
0
0
0
0
0
0
0
0
0
0
0
0
0
0
0
0
0
0
0
0
0
0
0
0
0
0
0
0
0
0
0
0
0
0
0
0
0
0
0
0
0
0
0
0
0
0
0
0
0
0
0
0
0
0
0
0
0
0
0
0
0
0
0
0
0
0
0
0
0
0
0
0
0
0
0
0
0
0
0
0
0
0
0
0
0
0
0
0
0
0
0
0
0
0
0
0
0
0
0
0
0
0
0
0
0
0
0
0
0
0
0
0
0
0
0
0
0
0
0
0
0
0
0
0
0
0
0
0
0
0
0
0
0
0
0
0
0
0
0
0
0
0
0
0
0
0
0
0
0
0
0
0
0
0
0
0
0
0
0
0
0
0
0
0
0
0
0
0
0
0
0
0
0
0
0
0
0
0
0
0
0
0
0
0
0
0
0
0
0
0
0
0
0
0
0
0
0
0
0
0
0
0
0
0
0
0
0
0
0
0
0
0
0
0
0
0
0
0
0
0
0
0
0
0
0
0
0
0
0
0
0
0
0
0
0
0
0
0
0
0
0
0
0
0
0
0
0
0
0
0
0
0
0
0
0
0
0
0
0
0
0
0
0
0
0
0
0
0
0
0
0
0
0
0
0
0
0
0
0
0
0
0
0
0
0
0
0
0
0
0
0
0
0
0
0
0
0
0
0
0
0
0
0
0
0
0
0
0
0
0
0
0
0
0
0
0
0
0
0
0
0
0
0
0
0
0
0
0
0
0
0
0
0
0
0
0
0
0
0
0
0
0
0
0
0
0
0
0
0
0
0
0
0
0
0
0
0
0
0
0
0
0
0
0
0
0
0
0
0
0
0
0
0
0
0
0
0
0
0
0
0
0
0
0
0
0
0
0
0
0
0
0
0
0
0
0
0
0
0
0
0
0
0
0
0
0
0
0
0
0
0
0
0
0
0
0
0
0
0
0
0
0
0
0
0
0
0
0
0
0
0
0
0
0
0
0
0
0
0
0
0
0
0
0
0
0
0
0
0
0
0
0
0
0
0
0
0
0
0
0
0
0
0
0
0
0
0
0
0
0
0
0
0
0
0
0
0
0
0
0
0
0
0
0
0
0
0
0
0
0
0
0
0
0
0
0
0
0
0
0
0
0
0
0
0
0
0
0
0.0011946302213981662
0.02218941151995611
0
0
0
0
0
0
0
0
0
0
0
0
0
0
0
0
0
0
0
0
0
0
0
0
0
0
0
0
0
0
0
0
0
0
0
0
0
0
0
0
0
0
0
0
0
0
0
0
0
0
0
0
0
0
0
0
0
0
0
0
0
0
0
0
0
0
0
0
0
0
0
0
0
0
0
0
0
0
0
0
0
0
0
0
0
0
0
0
0
0
0
0
0
0
0
0
0
0
0
0
0
0
0
0
0
0
0
0
0
0
0
0
0
0
0
0
0
0
0
0
0
0
0
0
0
0
0
0
0
0
0
0
0
0
0
0
0
0
0
0
0
0
0
0
0
0
0
0
0
0
0
0
0
0
0
0
0
0
0
0
0
0
0
0
0
0
0
0
0
0
0
0
0
0
0
0
0
0
0
0
0
0
0
0
0
0
0
0
0
0
0
0
0
0
0
0
0
0
0
0
0
0
0
0
0
0
0
0
0
0
0
0
0
0
0
0
0
0
0
0
0
0
0
0
0
0
0
0
0
0
0
0
0
0
0
0
0
0
0
0
0
0
0
0
0
0
0
0
0
0
0
0
0
0
0
0
0
0
0
0
0
0
0
0
0
0
0
0
0
0
0
0
0
0
0
0
0
0
0
0
0
0
0
0
0
0
0
0
0
0
0
0
0
0
0
0
0
0
0
0
0
0
0
0
0
0
0
0
0
0
0
0
0
0
0
0
0
0
0
0
0
0
0
0
0
0
0
0
0
0
0
0
0
0
0
0
0
0
0
0
0
0
0
0
0
0
0
0
0
0
0
0
0
0
0
0
0
0
0
0
0
0
0
0
0
0
0
0
0
0
0
0
0
0
0
0
0
0
0
0
0
0
0
0
0
0
0
0
0
0
0
0
0
0
0
0
0
0
0
0
0
0
0
0
0
0
0
0
0
0
0
0
0
0
0
0
0
0
0
0
0
0
0
0
0
0
0
0
0
0
0
0
0
0
0
0
0
0
0
0
0
0
0
0
0
0
0
0
0
0
0
0
0
0
0
0
0
0
0
0
0
0
0
0
0
0
0
0
0
0
0
0
0
0
0
0
0
0
0
0
0
0
0
0
0
0
0
0
0
0
0
0
0
0
0
0
0
0
0
0
0
0
0
0
0
0
0
0
0
0
0
0
0
0
0
0
0
0
0
0
0
0
0
0
0
0
0
0
0
0
0
0
0
0
0
0
0
0
0
0
0
0
0
0
0
0
0
0
0
0
0
0
0
0
0
0
0
0
0
0
0
0
0
0
0
0
0
0
0
0
0
0
0
0
0
0
0
0
0
0
0
0
0
0
0
0
0
0
0
0
0
0
0
0
0
0
0
0
0
0
0
0
0
0
0
0
0
0
0
0
0
0
0
0
0
0
0
0
0
0
0
0
0
0
0
0
0
0
0
0
0
0
0
0
0
0
0
0
0
0
0
0
0
0
0
0
0
0
0
0
0
0
0
0
0
0
0
0
0
0
0
0
0
0
0
0
0
0
0
0
0
0
0
0
0
0
0
0
0
0
0
0
0
0
0
0
0
0
0
0
0
0
0
0
0
0
0
0
0
0
0
0
0
0
0
0
0
0
0
0
0
0
0
0
0
0
0
0
0
0
0
0
0
0
0
0
0
0
0
0
0
0
0
0
0
0
0
0
0
0
0
0
0
0
0
0
0
0
0
0
0
0
0
0
0
0
0
0
0
0
0
0
0
0
0
0
0
0
0
0
0
0
0
0
0
0
0
0
0
0
0
0
0
0
0
0
0
0
0
0
0
0
0
0
0
0
0
0
0
0
0
0
0
0
0
0
0
0
0
0
0
0
0
0
0
0
0
0
0
0
0
0
0
0
0
0
0
0
0
0
0
0
0
0
0
0
0
0
0
0
0
0
0
0
0
0
0
0
0
0
0
0
0
0
0
0
0
0
0
0
0
0
0
0
0
0
0
0
0
0
0
0
0
0
0
0
0
0
0
0
0
0
0
0
0
0
0
0
0
0
0
0
0
0
0
0
0
0
0
0
0
0
0
0
0
0
0
0
0
0
0
0
0
0
0
0
0
0
0
0
0
0
0
0
0
0
0
0
0
0
0
0
0
0
0
0
0
0
0
0
0
0
0
0
0
0
0
0
0
0
0
0
0
0
0
0
0
0
0
0
0
0
0
0
0
0
0
0
0
0
0
0
0
0
0
0
0
0
0
0
0
0
0
0
0
0
0
0
0
0
0
0
0
0
0
0
0
0
0
0
0
0
0
0
0
0
0
0
0
0
0
0
0
0
0
0
0
0
0
0
0
0
0
0
0
0
0
0
0
0
0
0
0
0
0
0
0
0
0
0
0
0
0
0
0
0
0
0
0
0
0
0
0
0
0
0
0
0
0
0
0
0
0
0
0
0
0
0
0
0
0
0
0
0
0
0
0
0
0
0
0
0
0
0
0
0
0
0
0
0
0
0
0
0
0
0
0
0
0
0
0
0
0
0
0
0
0
0
0
0
0
0
0
0
0
0
0
0
0
0
0
0
0
0
0
0
0
0
0
0
0
0
0
0
0
0
0
0
0
0
0
0
0
0
0
0
0
0
0
0
0
0
0
0
0
0
0
0
0
0
0
0
0
0
0
0
0
0
0
0
0
0
0
0
0
0
0
0
0
0
0
0
0
0
0
0
0
0
0
0
0
0
0
0
0
0
0
0
0
0
0
0
0
0
0
0
0
0
0
0
0
0
0
0
0
0
0
0
0
0
0
0
0
0
0
0
0
0
0
0
0
0
0
0
0
0
0
0
0
0
0
0
0
0
0
0
0
0
0
0
0
0
0
0
0
0
0
0
0
0
0
0
0
0
0
0
0
0
0
0
0
0
0
0
0
0
0
0
0
0
0
0
0
0
0
0
0
0
0
0
0
0
0
0
0
0
0
0
0
0
0
0
0
0
0
0
0
0
0
0
0
0
0
0
0
0
0
0
0
0
0
0
0
0
0
0
0
0
0
0
0
0
0
0
0
0
0
0
0
0
0
0
0
0
0
0
0
0
0
0
0
0
0
0
0
0
0
0
0
0
0
0
0
0
0
0
0
0
0
0
0
0
0
0
0
0
0
0
0
0
0
0
0
0
0
0
0
0
0
0
0
0
0
0
0
0
0
0
0
0
0
0
0
0
0
0
0
0
0
0
0
0
0
0
0
0
0
0
0
0
0
0
0
0
0
0
0
0
0
0
0
0
0
0
0
0
0
0
0
0
0
0
0
0
0
0
0
0
0
0
0
0
0
0
0
0
0
0
0
0
0
0
0
0
0
0
0
0
0
0
0
0
0
0
0
0
0
0
0
0
0
0
0
0
0
0
0
0
0
0
0
0
0
0
0
0
0
0
0
0
0
0
0
0
0
0
0
0
0
0
0
0
0
0
0
0
0
0
0
0
0
0
0
0
0
0
0
0
0
0
0
0
0
0
0
0
0
0
0
0
0
0
0
0
0
0
0
0
0
0
0
0
0
0
0
0
0
0
0
0
0
0
0
0
0
0
0
0
0
0
0
0
0
0
0
0
0
0
0
0
0
0
0
0
0
0
0
0
0
0
0
0
0
0
0
0
0
0
0
0
0
0
0
0
0
0
0
0
0
0
0
0
0
0
0
0
0
0
0
0
0
0
0
0
0
0
0
0
0
0
0
0
0
0
0
0
0
0
0
0
0
0
0
0
0
0
0
0
0
0
0
0
0
0
0
0
0
0
0
0
0
0
0
0
0
0
0
0
0
0
0
0
0
0
0
0
0
0
0
0
0
0
0
0
0
0
0
0
0
0
0
0
0
0
0
0
0
0
0
0
0
0
0
0
0
0
0
0
0
0
0
0
0
0
0
0
0
0
0
0
0
0
0
0
0
0
0
0
0
0
0
0
0
0
0
0
0
0
0
0
0
0
0
0
0
0
0
0
0
0
0
0
0
0
0
0
0
0
0
0
0
0
0
0
0
0
0
0
0
0
0
0
0
0
0
0
0
0
0
0
0
0
0
0
0
0
0
0
0
0
0
0
0
0
0
0
0
0
0
0
0
0
0
0
0
0
0
0
0
0
0
0
0
0
0
0
0
0
0
0
0
0
0
0
0
0
0
0
0
0
0
0
0
0
0
0
0
0
0
0
0
0
0
0
0
0
0
0
0
0
0
0
0
0
0
0
0
0
0
0
0
0
0
0
0
0
0
0
0
0
0
0
0
0
0
0
0
0
0
0
0
0
0
0
0
0
0
0
0
0
0
0
0
0
0
0
0
0
0
0
0
0
0
0
0
0
0
0
0
0
0
0
0
0
0
0
0
0
0
0
0
0
0
0
0
0
0
0
0
0
0
0
0
0
0
0
0
0
0
0
0
0
0
0
0
0
0
0
0
0
0
0
0
0
0
0
0
0
0
0
0
0
0
0
0
0
0
0
0
0
0
0
0
0
0
0
0
0
0
0
0
0
0
0
0
0
0
0
0
0
0
0
0
0
0
0
0
0
0
0
0
0
0
0
0
0
0
0
0
0
0
0
0
0
0
0
0
0
0
0
0
0
0
0
0
0
0
0
0
0
0
0
0
0
0
0
0
0
0
0
0
0
0
0
0
0
0
0
0
0
0
0
0
0
0
0
0
0
0
0
0
0
0
0
0
0
0
0
0
0
0
0
0
0
0
0
0
0
0
0
0
0
0
0
0
0
0
0
0
0
0
0
0
0
0
0
0
0
0
0
0
0
0
0
0
0
0
0
0
0
0
0
0
0
0
0
0
0
0
0
0
0
0
0
0
0
0
0
0
0
0
0
0
0
0
0
0
0
0
0
0
0
0
0
0
0
0
0
0
0
0
0
0
0
0
0
0
0
0
0
0
0
0
0
0
0
0
0
0
0
0
0
0
0
0
0
0
0
0
0
0
0
0
0
0
0
0
0
0
0
0
0
0
0
0
0
0
0
0
0
0
0
0
0
0
0
0
0
0
0
0
0
0
0
0
0
0
0
0
0
0
0
0
0
0
0
0
0
0
0
0
0
0
0
0
0
0
0
0
0
0
0
0
0
0
0
0
0
0
0
0
0
0
0
0
0
0
0
0
0
0
0
0
0
0
0
0
0
0
0
0
0
0
0
0
0
0
0
0
0
0
0
0
0
0
0
0
0
0
0
0
0
0
0
0
0
0
0
0
0
0
0
0
0
0
0
0
0
0
0
0
0
0
0
0
0
0
0
0
0
0
0
0
0
0
0
0
0
0
0
0
0
0
0
0
0
0
0
0
0
0
0
0
0
0
0
0
0
0
0
0
0
0
0
0
0
0
0
0
0
0
0
0
0
0
0
0
0
0
0
0
0
0
0
0
0
0
0
0
0
0
0
0
0
0
0
0
0
0
0
0
0
0
0
0
0
0
0
0
0
0
0
0
0
0
0
0
0
0
0
0
0
0
0
0
0
0
0
0
0
0
0
0
0
0
0
0
0
0
0
0
0
0
0
0
0
0
0
0
0
0
0
0
0
0
0
0
0
0
0
0
0
0
0
0
0
0
0
0
0
0
0
0
0
0
0
0
0
0
0
0
0
0
0
0
0
0
0
0
0
0
0
0
0
0
0
0
0
0
0
0
0
0
0
0
0
0
0
0
0
0
0
0
0
0
0
0
0
0
0
0
0
0
0
0
0
0
0
0
0
0
0
0
0
0
0
0
0
0
0
0
0
0
0
0
0
0
0
0
0
0
0
0
0
0
0
0
0
0
0
0
0
0
0
0
0
0
0
0
0
0
0
0
0
0
0
0
0
0
0
0
0
0
0
0
0
0
0
0
0
0
0
0
0
0
0
0
0
0
0
0
0
0
0
0
0
0
0
0
0
0
0
0
0
0
0
0
0
0
0
0
0
0
0
0
0
0
0
0
0
0
0
0
0
0
0
0
0
0
0
0
0
0
0
0
0
0
0
0
0
0
0
0
0
0
0
0
0
0
0
0
0
0
0
0
0
0
0
0
0
0
0
0
0
0
0
0
0
0
0
0
0
0
0
0
0
0
0
0
0
0
0
0
0
0
0
0
0
0
0
0
0
0
0
0
0
0
0
0
0
0
0
0
0
0
0
0
0
0
0
0
0
0
0
0
0
0
0
0
0
0
0
0
0
0
0
0
0
0
0
0
0
0
0
0
0
0
0
0
0
0
0
0
0
0
0
0
0
0
0
0
0
0
0
0
0
0
0
0
0
0
0
0
0
0
0
0
0
0
0
0
0
0
0
0
0
0
0
0
0
0
0
0
0
0
0
0
0
0
0
0
0
0
0
0
0
0
0
0
0
0
0
0
0
0
0
0
0
0
0
0
0
0
0
0
0
0
0
0
0
0
0
0
0
0
0
0
0
0
0
0
0
0
0
0
0
0
0
0
0
0
0
0
0
0
0
0
0
0
0
0
0
0
0
0
0
0
0
0
0
0
0
0
0
0
0
0
0
0
0
0
0
0
0
0
0
0
0
0
0
0
0
0
0
0
0
0
0
0
0
0
0
0
0
0
0
0
0
0
0
0
0
0
0
0
0
0
0
0
0
0
0
0
0
0
0
0
0
0
0
0
0
0
0
0
0
0
0
0
0
0
0
0
0
0
0
0
0
0
0
0
0
0
0
0
0
0
0
0
0
0
0
0
0
0
0
0
0
0
0
0
0
0
0
0
0
0
0
0
0
0
0
0
0
0
0
0
0
0
0
0
0
0
0
0
0
0
0
0
0
0
0
0
0
0
0
0
0
0
0
0
0
0
0
0
0
0
0
0
0
0
0
0
0
0
0
0
0
0
0
0
0
0
0
0
0
0
0
0
0
0
0
0
0
0
0
0
0
0
0
0
0
0
0
0
0
0
0
0
0
0
0
0
0
0
0
0
0
0
0
0
0
0
0
0
0
0
0
0
0
0
0
0
0
0
0
0
0
0
0
0
0
0
0
0
0
0
0
0
0
0
0
0
0
0
0
0
0
0
0
0
0
0
0
0
0
0
0
0
0
0
0
0
0
0
0
0
0
0
0
0
0
0
0
0
0
0
0
0
0
0
0
0
0
0
0
0
0
0
0
0
0
0
0
0
0
0
0
0
0
0
0
0
0
0
0
0
0
0
0
0
0
0
0
0
0
0
0
0
0
0
0
0
0
0
0
0
0
0
0
0
0
0
0
0
0
0
0
0
0
0
0
0
0
0
0
0
0
0
0
0
0
0
0
0
0
0
0
0
0
0
0
0
0
0
0
0
0
0
0
0
0
0
0
0
0
0
0
0
0
0
0
0
0
0
0
0
0
0
0
0
0
0
0
0
0
0
0
0
0
0
0
0
0
0
0
0
0
0
0
0
0
0
0
0
0
0
0
0
0
0
0
0
0
0
0
0
0
0
0
0
0
0
0
0
0
0
0
0
0
0
0
0
0
0
0
0
0
0
0
0
0
0
0
0
0
0
0
0
0
0
0
0
0
0
0
0
0
0
0
0
0
0
0
0
0
0
0
0
0
0
0
0
0
0
0
0
0
0
0
0
0
0
0
0
0
0
0
0
0
0
0
0
0
0
0
0
0
0
0
0
0
0
0
0
0
0
0
0
0
0
0
0
0
0
0
0
0
0
0
0
0
0
0
0
0
0
0
0
0
0
0
0
0
0
0
0
0
0
0
0
0
0
0
0
0
0
0
0
0
0
0
0
0
0
0
0
0
0
0
0
0
0
0
0
0
0
0
0
0
0
0
0
0
0
0
0
0
0
0
0
0
0
0
0
0
0
0
0
0
0
0
0
0
0
0
0
0
0
0
0
0
0
0
0
0
0
0
0
0
0
0
0
0
0
0
0
0
0
0
0
0
0
0
0
0
0
0
0
0
0
0
0
0
0
0
0
0
0
0
0
0
0
0
0
0
0
0
0
0
0
0
0
0
0
0
0
0
0
0
0
0
0
0
0
0
0
0
0
0
0
0
0
0
0
0
0
0
0
0
0
0
0
0
0
0
0
0
0
0
0
0
0
0
0
0
0
0
0
0
0
0
0
0
0
0
0
0
0
0
0
0
0
0
0
0
0
0
0
0
0
0
0
0
0
0
0
0
0
0
0
0
0
0
0
0
0
0
0
0
0
0
0
0
0
0
0
0
0
0
0
0
0
0
0
0
0
0
0
0
0
0
0
0
0
0
0
0
0
0
0
0
0
0
0
0
0
0
0
0
0
0
0
0
0
0
0
0
0
0
0
0
0
0
0
0
0
0
0
0
0
0
0
0
0
0
0
0
0
0
0
0
0
0
0
0
0
0
0
0
0
0
0
0
0
0
0
0
0
0
0
0
0
0
0
0
0
0
0
0
0
0
0
0
0
0
0
0
0
0
0
0
0
0
0
0
0
0
0
0
0
0
0
0
0
0
0
0
0
0
0
0
0
0
0
0
0
0
0
0
0
0
0
0
0
0
0
0
0
0
0
0
0
0
0
0
0
0
0
0
0
0
0
0
0
0
0
0
0
0
0
0
0
0
0
0
0
0
0
0
0
0
0
0
0
0
0
0
0
0
0
0
0
0
0
0
0
0
0
0
0
0
0
0
0
0
0
0
0
0
0
0
0
0
0
0
0
0
0
0
0
0
0
0
0
0
0
0
0
0
0
0
0
0
0
0
0
0
0
0
0
0
0
0
0
0
0
0
0
0
0
0
0
0
0
0
0
0
0
0
0
0
0
0
0
0
0
0
0
0
0
0
0
0
0
0
0
0
0
0
0
0
0
0
0
0
0
0
0
0
0
0
0
0
0
0
0
0
0
0
0
0
0
0
0
0
0
0
0
0
0
0
0
0
0
0
0
0
0
0
0
0
0
0
0
0
0
0
0
0
0
0
0
0
0
0
0
0
0
0
0
0
0
0
0
0
0
0
0
0
0
0
0
0
0
0
0
0
0
0
0
0
0
0
0
0
0
0
0
0
0
0
0
0
0
0
0
0
0
0
0
0
0
0
0
0
0
0
0
0
0
0
0
0
0
0
0
0
0
0
0
0
0
0
0
0
0
0
0
0
0
0
0
0
0
0
0
0
0
0
0
0
0
0
0
0
0
0
0
0
0
0
0
0
0
0
0
0
0
0
0
0
0
0
0
0
0
0
0
0
0
0
0
0
0
0
0
0
0
0
0
0
0
0
0
0
0
0
0
0
0
0
0
0
0
0
0
0
0
0
0
0
0
0
0
0
0
0
0
0
0
0
0
0
0
0
0
0
0
0
0
0
0
0
0
0
0
0
0
0
0
0
0
0
0
0
0
0
0
0
0
0
0
0
0
0
0
0
0
0
0
0
0
0
0
0
0
0
0
0
0
0
0
0
0
0
0
0
0
0
0
0
0
0
0
0
0
0
0
0
0
0
0
0
0
0
0
0
0
0
0
0
0
0
0
0
0
0
0
0
0
0
0
0
0
0
0
0
0
0
0
0
0
0
0
0
0
0
0
0
0
0
0
0
0
0
0
0
0
0
0
0
0
0
0
0
0
0
0
0
0
0
0
0
0
0
0
0
0
0
0
0
0
0
0
0
0
0
0
0
0
0
0
0
0
0
0
0
0
0
0
0
0
0
0
0
0
0
0
0
0
0
0
0
0
0
0
0
0
0
0
0
0
0
0
0
0
0
0
0
0
0
0
0
0
0
0
0
0
0
0
0
0
0
0
0
0
0
0
0
0
0
0
0
0
0
0
0
0
0
0
0
0
0
0
0
0
0
0
0
0
0
0
0
0
0
0
0
0
0
0
0
0
0
0
0
0
0
0
0
0
0
0
0
0
0
0
0
0
0
0
0
0
0
0
0
0
0
0
0
0
0
0
0
0
0
0
0
0
0
0
0
0
0
0
0
0
0
0
0
0
0
0
0
0
0
0
0
0
0
0
0
0
0
0
0
0
0
0
0
0
0
0
0
0
0
0
0
0
0
0
0
0
0
0
0
0
0
0
0
0
0
0
0
0
0
0
0
0
0
0
0
0
0
0
0
0
0
0
0
0
0
0
0
0
0
0
0
0
0
0
0
0
0
0
0
0
0
0
0
0
0
0
0
0
0
0
0
0
0
0
0
0
0
0
0
0
0
0
0
0
0
0
0
0
0
0
0
0
0
0
0
0
0
0
0
0
0
0
0
0
0
0
0
0
0
0
0
0
0
0
0
0
0
0
0
0
0
0
0
0
0
0
0
0
0
0
0
0
0
0
0
0
0
0
0
0
0
0
0
0
0
0
0
0
0
0
0
0
0
0
0
0
0
0
0
0
0
0
0
0
0
0
0
0
0
0
0
0
0
0
0
0
0
0
0
0
0
0
0
0
0
0
0
0
0
0
0
0
0
0
0
0
0
0
0
0
0
0
0
0
0
0
0
0
0
0
0
0
0
0
0
0
0
0
0
0
0
0
0
0
0
0
0
0
0
0
0
0
0
0
0
0
0
0
0
0
0
0
0
0
0
0
0
0
0
0
0
0
0
0
0
0
0
0
0
0
0
0
0
0
0
0
0
0
0
0
0
0
0
0
0
0
0
0
0
0
0
0
0
0
0
0
0
0
0
0
0
0
0
0
0
0
0
0
0
0
0
0
0
0
0
0
0
0
0
0
0
0
0
0
0
0
0
0
0
0
0
0
0
0
0
0
0
0
0
0
0
0
0
0
0
0
0
0
0
0
0
0
0
0
0
0
0
0
0
0
0
0
0
0
0
0
0
0
0
0
0
0
0
0
0
0
0
0
0
0
0
0
0
0
0
0
0
0
0
0
0
0
0
0
0
0
0
0
0
0
0
0
0
0
0
0
0
0
0
0
0
0
0
0
0
0
0
0
0
0
0
0
0
0
0
0
0
0
0
0
0
0
0
0
0
0
0
0
0
0
0
0
0
0
0
0
0
0
0
0
0
0
0
0
0
0
0
0
0
0
0
0
0
0
0
0
0
0
0
0
0
0
0
0
0
0
0
0
0
0
0
0
0
0
0
0
0
0
0
0
0
0
0
0
0
0
0
0
0
0
0
0
0
0
0
0
0
0
0
0
0
0
0
0
0
0
0
0
0
0
0
0
0
0
0
0
0
0
0
0
0
0
0
0
0
0
0
0
0
0
0
0
0
0
0
0
0
0
0
0
0
0
0
0
0
0
0
0
0
0
0
0
0
0
0
0
0
0
0
0
0
0
0
0
0
0
0
0
0
0
0
0
0
0
0
0
0
0
0
0
0
0
0
0
0
0
0
0
0
0
0
0
0
0
0
0
0
0
0
0
0
0
0
0
0
0
0
0
0
0
0
0
0
0
0
0
0
0
0
0
0
0
0
0
0
0
0
0
0
0
0
0
0
0
0
0
0
0
0
0
0
0
0
0
0
0
0
0
0
0
0
0
0
0
0
0
0
0
0
0
0
0
0
0
0
0
0
0
0
0
0
0
0
0
0
0
0
0
0
0
0
0
0
0
0
0
0
0
0
0
0
0
0
0
0
0
0
0
0
0
0
0
0
0
0
0
0
0
0
0
0
0
0
0
0
0
0
0
0
0
0
0
0
0
0
0
0
0
0
0
0
0
0
0
0
0
0
0
0
0
0
0
0
0
0
0
0
0
0
0
0
0
0
0
0
0
0
0
0
0
0
0
0
0
0
0
0
0
0
0
0
0
0
0
0
0
0
0
0
0
0
0
0
0
0
0
0
0
0
0
0
0
0
0
0
0
0
0
0
0
0
0
0
0
0
0
0
0
0
0
0
0
0
0
0
0
0
0
0
0
0
0
0
0
0
0
0
0
0
0
0
0
0
0
0
0
0
0
0
0
0
0
0
0
0
0
0
0
0
0
0
0
0
0
0
0
0
0
0
0
0
0
0
0
0
0
0
0
0
0
0
0
0
0
0
0
0
0
0
0
0
0
0
0
0
0
0
0
0
0
0
0
0
0
0
0
0
0
0
0
0
0
0
0
0
0
0
0
0
0
0
0
0
0
0
0
0
0
0
0
0
0
0
0
0
0
0
0
0
0
0
0
0
0
0
0
0
0
0
0
0
0
0
0
0
0
0
0
0
0
0
0
0
0
0
0
0
0
0
0
0
0
0
0
0
0
0
0
0
0
0
0
0
0
0
0
0
0
0
0
0
0
0
0
0
0
0
0
0
0
0
0
0
0
0
0
0
0
0
0
0
0
0
0
0
0
0
0
0
0
0
0
0
0
0
0
0
0
0
0
0
0
0
0
0
0
0
0
0
0
0
0
0
0
0
0
0
0
0
0
0
0
0
0
0
0
0
0
0
0
0
0
0
0
0
0
0
0
0
0
0
0
0
0
0
0
0
0
0
0
0
0
0
0
0
0
0
0
0
0
0
0
0
0
0
0
0
0
0
0
0
0
0
0
0
0
0
0
0
0
0
0
0
0
0
0
0
0
0
0
0
0
0
0
0
0
0
0
0
0
0
0
0
0
0
0
0
0
0
0
0
0
0
0
0
0
0
0
0
0
0
0
0
0
0
0
0
0
0
0
0
0
0
0
0
0
0
0
0
0
0
0
0
0
0
0
0
0
0
0
0
0
0
0
0
0
0
0
0
0
0
0
0
0
0
0
0
0
0
0
0
0
0
0
0
0
0
0
0
0
0
0
0
0
0
0
0
0
0
0
0
0
0
0
0
0
0
0
0
0
0
0
0
0
0
0
0
0
0
0
0
0
0
0
0
0
0
0
0
0
0
0
0
0
0
0
0
0
0
0
0
0
0
0
0
0
0
0
0
0
0
0
0
0
0
0
0
0
0
0
0
0
0
0
0
0
0
0
0
0
0
0
0
0
0
0
0
0
0
0
0
0
0
0
0
0
0
0
0
0
0
0
0
0
0
0
0
0
0
0
0
0
0
0
0
0
0
0
0
0
0
0
0
0
0
0
0
0
0
0
0
0
0
0
0
0
0
0
0
0
0
0
0
0
0
0
0
0
0
0
0
0
0
0
0
0
0
0
0
0
0
0
0
0
0
0
0
0
0
0
0
0
0
0
0
0
0
0
0
0
0
0
0
0
0
0
0
0
0
0
0
0
0
0
0
0
0
0
0
0
0
0
0
0
0
0
0
0
0
0
0
0
0
0
0
0
0
0
0
0
0
0
0
0
0
0
0
0
0
0
0
0
0
0
0
0
0
0
0
0
0
0
0
0
0
0
0
0
0
0
0
0
0
0
0
0
0
0
0
0
0
0
0
0
0
0
0
0
0
0
0
0
0
0
0
0
0
0
0
0
0
0
0
0
0
0
0
0
0
0
0
0
0
0
0
0
0
0
0
0
0
0
0
0
0
0
0
0
0
0
0
0
0
0
0
0
0
0
0
0
0
0
0
0
0
0
0
0
0
0
0
0
0
0
0
0
0
0
0
0
0
0
0
0
0
0
0
0
0
0
0
0
0
0
0
0
0
0
0
0
0
0
0
0
0
0
0
0
0
0
0
0
0
0
0
0
0
0
0
0
0
0
0
0
0
0
0
0
0
0
0
0
0
0
0
0
0
0
0
0
0
0
0
0
0
0
0
0
0
0
0
0
0
0
0
0
0
0
0
0
0
0
0
0
0
0
0
0
0
0
0
0
0
0
0
0
0
0
0
0
0
0
0
0
0
0
0
0
0
0
0
0
0
0
0
0
0
0
0
0
0
0
0
0
0
0
0
0
0
0
0
0
0
0
0
0
0
0
0
0
0
0
0
0
0
0
0
0
0
0
0
0
0
0
0
0
0
0
0
0
0
0
0
0
0
0
0
0
0
0
0
0
0
0
0
0
0
0
0
0
0
0
0
0
0
0
0
0
0
0
0
0
0
0
0
0
0
0
0
0
0
0
0
0
0
0
0
0
0
0
0
0
0
0
0
0
0
0
0
0
0
0
0
0
0
0
0
0
0
0
0
0
0
0
0
0
0
0
0
0
0
0
0
0
0
0
0
0
0
0
0
0
0
0
0
0
0
0
0
0
0
0
0
0
0
0
0
0
0
0
0
0
0
0
0
0
0
0
0
0
0
0
0
0
0
0
0
0
0
0
0
0
0
0
0
0
0
0
0
0
0
0
0
0
0
0
0
0
0
0
0
0
0
0
0
0
0
0
0
0
0
0
0
0
0
0
0
0
0
0
0
0
0
0
0
0
0
0
0
0
0
0
0
0
0
0
0
0
0
0
0
0
0
0
0
0
0
0
0
0
0
0
0
0
0
0
0
0
0
0
0
0
0
0
0
0
0
0
0
0
0
0
0
0
0
0
0
0
0
0
0
0
0
0
0
0
0
0
0
0
0
0
0
0
0
0
0
0
0
0
0
0
0
0
0
0
0
0
0
0
0
0
0
0
0
0
0
0
0
0
0
0
0
0
0
0
0
0
0
0
0
0
0
0
0
0
0
0
0
0
0
0
0
0
0
0
0
0
0
0
0
0
0
0
0
0
0
0
0
0
0
0
0
0
0
0
0
0
0
0
0
0
0
0
0
0
0
0
0
0
0
0
0
0
0
0
0
0
0
0
0
0
0
0
0
0
0
0
0
0
0
0
0
0
0
0
0
0
0
0
0
0
0
0
0
0
0
0
0
0
0
0
0
0
0
0
0
0
0
0
0
0
0
0
0
0
0
0
0
0
0
0
0
0
0
0
0
0
0
0
0
0
0
0
0
0
0
0
0
0
0
0
0
0
0
0
0
0
0
0
0
0
0
0
0
0
0
