0
0
-2.4628321537476455e-08
0
0
0
0.004698748239767888
0.0012842650844694789
0.0013530645066748346
0
0.013133872520001335
0.00476731506688314
0.0008313083270666343
0.0008183520417908503
0
0
0
0
0
0
0
0
0.011836668568459989
0.0008893776444685042
0.001489275425738724
0.0010632054325279972
0.003543222179360019
0
0
0.0010223460234098755
0
0.0029097716741581544
0.0019691526372928258
0.0012842650844694789
0.0007961415404436061
0.0026368971542535774
0
0
0
0.0009123620367150711
0
0.002606498381698684
0
0.0032345074553425616
0
0.0015358740036292215
0
0
0.009124922580017748
0
0.000930029660384307
0
0
0.006805808308692085
0.001365755100939071
0
0
0.000809353039117465
0.0019979390153333
0
0
0
0
0.0013461061597038692
0
0
0
0
0.000889007006046473
0.00412802417763161
0.001943319425874238
0
0
0.0031294722928552187
0
0
0
0
0
0
0
0.0011143398562734532
0
0
0.005568971700365859
0
0.0036711585121517645
0
0
0
0
0
0.00472183307448297
0.006974068667687762
0.01985313062775677
0
0
0.0006817711949894344
0
0
0.001770106389378956
0
0.0035900513360935847
0.0017429172220940698
0
0.0012887982032000948
0
0
0
0.003402094412701572
0.0009667927510664364
0
0
0
0
0
0
0.0007632784761135239
0
0.0013215779448480177
0
0
0
0
0
0
0
0
0
0.004506130180274371
0
0.0019409084302958797
0
0
0
0.0010326985097854236
0
0.0020021550954737997
0.0016677599205791875
0
0
0
0
0.0010502885285136206
0.0008187724538298442
0
0.0011590339244290382
0
0.0009207008145248359
0
0.0009498950178485693
0
0
0.0014387930078355315
0
0
0
0
0.0024430277876270113
0
0
0.003949629068109907
0
0
0
0
0.0029271811727464288
0
0
0
0
0
0
0.0011333974260313245
0
0
0
0.0013591578915966972
0
0
0
0
0
0.002212783905849099
0
0.0019012739228896594
0
0
0
0.0005740837798840762
0
0.0075558988297001065
0
0
0
0.009054111316309905
0.0005112223877197434
0
0.0006211810151120997
0
0
0
0.0008060816032435879
0.009635009713078591
0
0
0
0.0008606246030693003
0
0.003001707130501512
0
0
0.0022975404287792762
0.0011158503318174351
0
0
0.0005961967761728878
0.0022326329486951004
0
0.0007188082000299397
0
0
0.0013958120425387583
0
0
0
0.0016041293343066515
0
0
0
0
0
0.0017222513396522286
0
0
0.0041565576042769375
0
0
0
0
0
0
0
0
0
0
0
0
0
0
0
0
0.001973499533559371
0
0
0.0009765566011360229
0
0
0
0
0
0
0
0
0.0010491491789188074
0
0
0.001075607167967595
0.0013107919453963846
0
0
0
0
0
0.0008719591116567373
0
0
0
0.0005140314501388017
0
0.01560731395070476
0
0
0.0005373198301598649
0
0
0.0008657205703122346
0.001026431718135083
0.0007669508767696207
0
0
0
0
0
0
0.0019666040258016844
0
0.0016881821865676375
0
0.00042317034524169586
0
0
0
0
0
0.0014141591791982488
0
0
0
0.002467772595233981
0.0023481045205978016
0
0
0
0.003659584080578986
0
0
0
0
0
0
0.0030609895840476966
0.002589475759496927
0.0012999617898690153
0.0009551391839945866
0
0.0017601336533618155
0
0
0
0.003698948563170686
0
0.0011080633113274563
0.0005529594818410725
0
0.0008541629988474611
0.0015035020105523158
0
0.004099516800168875
0
0.0011933613043880655
0
0.0016986245067787899
0.0015180300339709492
0
0.00043637350721949063
0.0007680767982413698
0
0
0
0
0.006965722088275222
0
0.005340434082646748
0
0.0027767531832947603
0
0
0
0
0.001607101866727738
0
0.003104878132700231
0
0
0
0.005841069907952951
0
0
0
0
0
0.002393589060371329
0
0.006157209145082551
0
0
0
0.0005821310448856876
0
0
0
0
0
0
0
0
0.0034546748940224295
0
0
0
0
0
0.000562931901903023
0
0
0
0
0
0.00129714935322784
0.0015620478198295185
0
0.0006148089664930799
0
0
0
0
0
0.0003817268711588135
0.0006618797172551452
0
0
0.0012887532766283165
0
0
0
0
0
0
0
0.0009313935300580993
0.0011128391573386937
0.004447886903453861
0
0
0
0
0.003728706994287049
0
0
0.0010402304956756367
0.0002779378774607272
0
0
0
0
0
0
0
0.0007564250557004599
0
0
0
0
0
0.0009807494310533184
0
0.0011251258557250863
0
0
0
0
0.005812075400152089
0
0
0
0.0020452290739826845
0.0008631585864989757
0
0
0
0
0
0
0
0
0
0.0016608433657315051
0
0
0
0
0
0
0.007801045120130915
0
0.001075607167967595
0.0030531139044540955
0
0
0
0
0.002104291558822316
0
0
0.0013179265752750662
0.004433697180645489
0
0.0052972279929460984
0.002498842154540934
0
0
0
0
0
0.0014101322250933157
0
0.004549277241186977
0
0
0
0
0
0.0012296179329861598
0
0.0017324727636349542
0
0
0
0
0.001151147916538758
0
0
0.0004977713339148216
0.00824556126043528
0
0.0033212226523189597
0
0
0.0007847813863149183
0.001994823490546073
0
0
0
0
0
0
0
0.000740278542530399
0
0.002769894197010384
0
0
0
0.0003685641003938089
0.009175311473393321
0.002249496870026885
0.00292976686530402
0
0
0.00092022246552295
0.0009523050481958544
0.0007317393449233755
0
0.000786972179080495
0
0
0.0021298697727230604
0.013697119709507901
0.0020445303581751225
0
0
0
0
0
0.0006416164012387308
0
0
0.0009098554482373953
0.003799580071394277
0
0
0
0.001139774337436547
0.001608196421373956
0
0.0020848564209615416
0
0.002996577201658188
0.001565513088143454
0.0015095979346964592
0
0
0
0
0
0.0004630866913710243
0.0008901491619324122
0.002833531574506333
0
0
0.0008721004972872566
0.0012423620302241993
0
0
0
0
0
0
0
0
0.003303512776522794
0
0
0
0.00040432409940275275
0.000758362592123122
0.0007545035763940444
0
0
0
0
0
0
0
0
0
0.0012951894107501108
0
0
0
0
0.0012409285998649722
0.0030167394892875927
0.0008299796290121514
0
0.0006160343375837485
0
0.0011755426309204607
0.0010296482500335904
0
0
0.002299213102201395
0.0009223776096901408
0
0
0.0021267188204357316
0
0
0.0007529144188638353
0
0
0
0
0
0
0.0007699994445515605
0
0.01013490340441916
0
0.00413215054739529
0
0.0031544241858154063
0
0
0.0005715738622634564
0
0.0015064627603854647
0.0027908179856748617
0
0.0008636687235056074
0.0007829714069750553
0
0
0
0
0
0
0
0.0007925414742906665
0
0.0009867497667796854
0
0.0027650257936844913
0.007920601440128171
0
0
0
0.0006683868939067298
0
0.0009476833269033435
0.00047310047277495043
0
0
0
0
0.0012979677742853458
0.007976125199369211
0
0
0
0.0004250110999395546
0
0.0007940494937595228
0
0
0
0
0.001724011167353622
0.000496300553965326
0
0.0021705105084620343
0.001153620670546128
0
0
0
0
0.0007086444358720037
0
0.004272347266117397
0
0
0
0
0
0
0
0
0.001340750612560773
0
0
0
0
0.006860959459115024
0
0.0010402304956756367
0
0
0
0
0
0.0008225908650779936
0
0
0.0015587865862483662
0
0
0
0
0.0010134082376187243
0.0007978630201237763
0.0008064803259144729
0
0
0
0.0023631212032011045
0.0007126033910662022
0
0.002105168325741691
0.003072823506791454
0.0008768011786675204
0
0
0.0012550972380852238
0
0.003945845363808011
0.0018258220942158302
0
0
0
0
0
0
0
0.003285058508940872
0
0.0007096935651551685
0
0
0
0
0
0
0.0014914827977148195
0
0.0009628427888237821
0
0
0
0
0
0.029185534202934828
0.0006949270872378815
0
0
0
0.0010584247028264584
0
0.0008778846253866006
0.002799653820985807
0.0014305615108246243
0
0.004089661953395199
0
0
0.0010085877484768105
0
0
0
0.012665411882611033
0.007714106260994487
0
0
0
0.0008502743177406148
0
0
0
0
0.004053825396412972
0
0.0058387125244605724
0
0
0.0006946805617750181
0
0
0
0
0
0.004965883638107019
0.0015083349676489701
0.0006759894496273397
0.0007288662328679237
0
0.0031416563759455144
0
0
0
0.0008714586110470349
0
0
0
0
0
0
0
0
0
0.001249421077270467
0.0013328902945279229
0
0
0.007290105473320298
0.0008084842897809278
0.0012215138938135057
0.0027778780068206496
0
0
0.0006113431743679065
0
0
0
0.0008269086281426823
0
0
0
0.005656254499825853
0
0
0
0
0
0
0
0
0
0
0
0
0
0
0
0
0.0008299796290121514
0
0
0
0
0
0
0
0
0
0.00045366175087951395
0
0
0
0.0006866888705955246
0.001750370885359111
0
0
0.0020590878834448197
0
0
0
0.0007914168616929969
0
0
0
0.0007452861936436528
0
0
0
0
0
0
0.0017132539330412177
0
0
0
0.0025205817862372563
0
0.000661665925468693
0
0
0
0
0
0
0
0
0
0
0.0006936970728094806
0
0
0
0
0
0
0
0
0
0
0
0.0005475410852333681
0
0
0.0006532719888436153
0
0.0012098603267416558
0
0
0
0.0007494561460244085
0
0
0
0.0005634909309284651
0
0
0
0
0
0
0
0.0007488328736706407
0
0
0.004294919750340983
0
0
0.002959915167105315
0
0
0.017469088862709498
0
0
0.001521942841003691
0
0
0
0
0
0
0
0
0.0008994947968705278
0
0
0
0
0
0
0
0
0
0
0.0010369724958018479
0
0
0
0
0
0.001606729604729054
0.0022897406093589628
0
0
0
0
0
0
0
0
0.0007207300585550857
0
0
0
0.0016738811527615162
0
0.010305636484454164
0
0
0
0
0
0
0
0
0
0
0
0
0
0
0
0
0.0011741193854415727
0
0
0
0
0
0
0.0011002774764271167
0
0
0.0006418124749721746
0
0
0
0
0
0.0017634341253158444
0.0007263105247086956
0
0
0
0
0
0
0.0014059151513655182
0.0010584247028264584
0
0.0007193556788580593
0
0
0
0.001188068509559098
0
0
0
0.0009067598458319087
0
0
0
0
0
0.003569801970984896
0
0
0
0.0010348256547601607
0.0021246122095620046
0
0
0
0
0
0
0.0009174580039580054
0
0
0.004563862242746088
0
0
0
0
0
0
0
0.0011636559271334798
0
0
0
0
0
0.00041580201983974985
0
0.000713938208661859
0.0008839358085462021
0
0
0
0
0
0
0
0.005926788756713039
0
0
0.0009965042796293696
0
0
0
0
0.0008709310632062894
0.0008977135550036101
0
0
0
0
0
0.0010163493828835785
0
0
0
0
0
0
0
0
0
0
0
0
0
0
0
0
0
0
0
0.0006111712372625266
0
0.001733506686810131
0
0
0
0
0.0008606246030693003
0
0
0
0
0
0
0
0
0
0
0
0
0
0
0
0
0
0.0012691056225490405
0
0
0
0
0
0
0
0
0
0.00746584574728725
0
0.0009334544963036932
0
0
0
0.0009348387223613105
0.0006730530798519346
0.0017376655877991225
0
0
0.0009983227766061898
0.000836246420662492
0.0008088871694235295
0.0030032326432106993
0
0
0
0
0
0
0.0011531743686391302
0
0
0
0
0
0.004267427208403793
0
0
0
0
0
0
0
0
0
0.0009098554482373953
0
0
0
0.0008947748949301744
0
0
0
0
0.0034149397768753896
0
0
0
0
0
0
0
0
0
0
0
0
0
0
0
0
0
0
0
0
0
0.0007243420468666295
0
0
0
0.000856132073747914
0.007211052122043087
0
0
0
0
0.003266711901943381
0
0.0009911328306886008
0
0
0
0
0
0
0.0014993473009409254
0
0
0
0
0
0
0
0.002028650616252011
0
0.0007554623255588492
0
0
0.001646896018067569
0
0
0
0.000747281983767836
0
0
0.003529079047158725
0.0016872444423613924
0.0006346659571156414
0
0.018952186513658948
0
0.0006905292428820247
0
0.0010446469563690506
0
0.0042480039078285625
0
0
0
0
0
0.0016564395876015458
0
0
0
0
0.0007370024071807616
0.0017678716170924042
0
0
0
0
0
0
0
0
0
0
0
0
0
0
0
0.00125487679194939
0
0
0
0
0
0.0018613928997974585
0
0
0
0.0010432303312774135
0
0.0011189011281488774
0
0
0
0
0
0
0
0.004246763819316715
0
0
0
0
0
0
0
0.0014269002894521437
0.006453088666247366
0
0
0
0
0
0
0
0
0
0
0.001871067893596378
0
0
0
0
0
0
0
0.0027314386783539976
0.002121238768797373
0
0
0
0
0
0
0
0
0
0
0
0
0
0
0
0
0
0
0.000845503425626365
0
0.0009061456542780999
0.0015761507747834881
0
0
0
0
0
0
0
0
0
0.0008502743177406148
0.0020021550954737997
0
0
0
0
0.0013434205478422467
0
0
0
0
0
0
0
0
0
0
0.0012842650844694789
0
0
0
0.0008822697617896812
0
0
0
0.00096128145513926
0.0016250898791179457
0
0
0
0.0009136255666866836
0
0
0
0
0
0
0
0
0
0
0
0
0
0
0
0
0
0
0
0
0
0
0
0
0
0
0
0
0
0
0
0
0
0
0
0
0
0.0010173381143434572
0
0
0.002922850323130857
0
0.003289255023495862
0.0007551423018006858
0
0
0
0
0
0
0
0
0
0
0.0009992374017606105
0.0007237826806701575
0
0
0
0
0
0
0
0
0
0
0
0
0
0
0
0
0
0.0007880753873917441
0
0.0014588760282191276
0.0010480154007379144
0
0
0.001249421077270467
0.0007772726334381
0
0
0
0
0
0
0
0
0
0.003964531322754403
0
0
0
0
0
0.0010457643425123263
0.002237802256297755
0
0
0
0
0
0
0
0.010332493569103336
0
0
0
0
0
0
0
0
0
0
0
0
0.0009724382481706067
0
0
0
0
0
0
0
0
0
0
0
0
0
0
0
0
0
0
0
0
0.0008657205703122346
0.003012836641453377
0
0
0
0
0
0
0
0
0.0011069316485742642
0
0
0.0023001615951470725
0.0009469507601770813
0
0
0
0
0.0010446469563690506
0
0
0
0
0
0
0.0007060421955822171
0
0
0.0009506369614448297
0
0
0
0.0008566269665206089
0
0
0
0.0010502885285136206
0
0
0.0008641799854018082
0
0
0
0.0023958999313604163
0
0
0
0
0.0014167657872531665
0.0020003112984046416
0.00500933522429752
0
0
0
0
0
0
0.0007649405418400743
0
0.0011235539366466305
0
0
0
0
0
0
0
0
0
0
0
0
0
0
0
0.0009129929409845728
0.0007115410424677529
0
0
0
0
0
0
0
0
0
0.0009136255666866836
0
0
0
0
0
0
0
0
0
0
0
0
0
0
0
0
0.001105477993806447
0.00162673134756456
0
0
0
0.003921915916853744
0.0020077308863232324
0
0
0
0
0.003467259255123064
0
0
0
0
0
0
0.005615507372959335
0
0
0.0008873042529150658
0
0
0.006034457036756786
0
0.0023521519953885314
0
0
0
0
0
0
0
0
0
0.0007793932931241831
0
0
0
0.004023583075462716
0.011748758275364384
0.0009675908832693052
0
0.0020761068339898822
0
0
0.010788881083360107
0.00201513082176337
0
0.0041543160714933485
0
0
0.0012576535577844736
0.00480376657399394
0
0.00215121433593519
0.0047043341889645
0
0
0
0
0
0
0
0
0
0
0
0
0
0
0
0
0
0
0
0
0
0
0.0009376322161049168
0
0
0
0
0
0
0
0
0
0
0
0
0.0008822697617896812
0
0
0
0
0
0
0
0
0
0
0
0
0
0
0
0
0
0
0
0
0
0
0
0
0
0
0
0.001069323391065719
0.0008308645811398353
0
0
0
0
0
0
0
0
0
0
0
0
0
0
0.0009259855373462031
0
0
0
0.0009136255666866836
0
0
0
0
0
0
0
0
0
0
0
0
0.0020508442126739284
0
0
0
0
0
0
0.0019912007037448704
0.0031497949562043917
0
0
0
0
0
0
0
0
0
0
0.003685419419788786
0
0
0
0
0
0.0042480039078285625
0
0
0
0
0
0
0.0008895773806907721
0
0
0
0.001360698179089178
0
0
0
0
0
0
0
0.0008313083270666343
0.000705783570707683
0
0
0.0007445162590135411
0.0028496850535457076
0
0
0
0
0
0
0
0
0
0
0
0
0.006420176651791759
0
0
0
0
0.001565513088143454
0
0
0
0
0.0012098603267416558
0.0014425641994221315
0
0
0
0.0010502885285136206
0
0
0
0
0
0
0.004749475089242847
0.002397529129635579
0.0010134082376187243
0
0.00825778513732927
0
0
0
0
0
0
0.019123513546001857
0
0
0
0
0.001111348109267678
0
0
0
0
0.0016252926173115736
0.0157934367103177
0
0
0
0
0.0009589589932233148
0
0
0
0.0031868494472077147
0
0
0
0.0037228423694976357
0.0008983057831058815
0
0
0
0
0
0
0
0
0
0
0
0
0
0
0
0
0.0007737807424977519
0.0013252877388073132
0
0.01371396668621242
0.00426348544897938
0
0
0.0008751854426795555
0.001278081860012683
0
0.0006631666244034525
0
0
0
0
0
0
0
0.0011572154274522178
0.004667864202230126
0
0.004886055575254023
0
0.0021058152648597505
0
0
0
0
0
0
0
0
0
0.0020590878834448197
0
0
0
0
0.004584074245523015
0
0
0
0
0
0
0
0
0
0
0
0.0011315223214145896
0.010351794833313183
0.0042228045774151905
0
0
0.0006971576919183784
0
0
0
0
0
0
0
0
0
0
0
0
0
0
0
0
0
0.001153620670546128
0
0
0
0
0
0
0
0.0015820863995305143
0.0009362312621387768
0
0
0
0
0
0
0
0
0
0
0
0
0
0
0
0
0
0
0
0
0
0
0
0
0
0
0
0
0
0.0013488867868736109
0
0
0
0.0023722293456103372
0.004292292738151678
0
0
0.03276416600825611
0.0017324727636349542
0
0
0
0
0
0
0
0
0
0
0
0
0
0
0
0
0
0
0
0
0
0
0
0.12035616337470446
0
0.0031656674467719875
0.0008959458932575727
0.0010203298613492323
0
0.0009148960201447466
0
0
0
0
0
0
0
0
0
0.0010656332785440638
0.0009620608077250946
0
0.0018614211847488178
0.00322408005779034
0
0
0
0
0
0
0
0.0007548227191505302
0.0009605047134547521
0
0
0
0
0
0.0008591174005181541
0
0
0
0
0
0.001069323391065719
0
0
0
0
0
0
0
0
0
0
0
0.0011987645648177895
0
0.002750325711612746
0.001606619160152769
0.0010223460234098755
0
0
0
0
0.00797842036205583
0
0
0
0
0
0
0
0
0
0
0.009515202889878832
0
0
0.0013328902945279229
0
0
0
0
0
0
0
0
0
0
0
0.002540773241364168
0.0011025977434010314
0
0
0
0
0
0
0
0
0
0.0010380534169949411
0
0
0.0018809195553694993
0
0
0
0
0
0.004097519485313824
0
0
0
0
0.0009513812868865752
0.0012121446523718463
0
0
0
0
0
0
0
0.002562305721764304
0
0
0
0.002325513583490734
0
0
0
0
0
0
0.004085343003568595
0
0
0.0018870868715943345
0
0
0
0
0
0
0
0
0
0
0
0
0
0
0.0008631585864989757
0
0
0
0
0
0
0
0
0
0
0
0
0
0
0
0
0
0
0
0
0.001565513088143454
0
0
0
0
0
0
0
0
0
0
0
0
0
0
0
0
0
0
0
0
0
0
0
0
0
0
0
0
0
0
0
0
0
0
0
0
0
0
0
0
0
0
0
0
0.005334284010504743
0
0
0
0
0
0
0
0.002734458950231905
0
0
0
0
0
0
0
0
0
0
0
0
0
0
0
0
0
0
0
0
0
0
0
0.0008878704489863739
0
0
0
0
0
0
0
0
0
0.0010029324150374044
0
0
0
0
0
0
0
0
0
0
0
0
0
0
0
0
0
0
0
0.0007204545300901243
0
0
0
0
0
0
0
0
0
0
0
0
0
0
0
0
0
0
0
0
0
0
0
0
0
0
0
0.02962859327896592
0
0
0
0
0
0
0
0
0
0
0
0
0
0
0.0018387964853890072
0
0.004373581503152065
0
0
0
0.0010254035249823202
0
0
0
0
0
0.0022762005422630846
0
0
0
0
0
0
0
0
0.001205358104191899
0
0
0
0
0
0
0
0
0
0.0021801237403284825
0
0
0
0
0
0
0
0
0
0
0
0.0021694015435184412
0.004546289675754342
0
0
0
0
0.0008714586110470349
0.0027176977343175116
0
0
0
0
0.0014387930078355315
0
0
0.0010285018852448213
0
0
0
0
0
0
0
0
0
0
0
0.0008109121357969944
0
0
0
0
0
0
0
0.0008088871694235295
0
0
0
0
0
0
0
0.03970359882401943
0.001141460578876167
0
0.0016129606518289457
0
0.0008367005974501882
0
0
0
0.002750325711612746
0
0
0
0
0
0
0
0
0.0012312777438830923
0
0
0
0
0
0
0
0
0
0.0008930294123378277
0
0
0
0.0011173707121898346
0
0
0
0
0.0009959644180651361
0
0
0
0
0
0
0
0
0
0
0.0008264732154776694
0
0
0
0.0008256048355263219
0
0
0
0
0
0
0
0
0.0010446469563690506
0
0
0
0
0
0
0.0010295439417224099
0
0.0010718165030008597
0
0
0
0
0
0
0
0
0
0.0007632784761135239
0.0011448703046794814
0
0
0
0
0
0
0
0
0
0
0
0.0012521328880201058
0.00386081872803521
0
0
0.0018924410015028314
0
0
0
0.0009491554409025687
0
0
0
0.0009037050298897421
0
0
0
0.0023203032855107957
0.0014101322250933157
0
0.001375162855806373
0.0027596939969443107
0
0
0
0
0
0
0
0
0
0
0.0011315223214145896
0.0072547344291922925
0
0
0
0
0
0
0
0
0
0
0
0
0
0
0
0
0
0
0
0
0.0012842650844694789
0
0
0
0
0
0
0
0
0
0
0
0
0.0009253183219908553
0
0
0.0009313935300580993
0
0.0037146950664086183
0
0
0
0
0.002433563900944328
0
0
0
0
0
0
0
0.004277293564262876
0
0
0.0020406597226984647
0
0
0.002013374538361375
0
0
0
0
0
0
0
0.005271706301100265
0
0.002100577057027241
0
0.004208780786887914
0.000831752923896978
0.0009049221307212153
0
0
0
0.0011572154274522178
0.001233784332360768
0
0.0011173707121898346
0.0011645765909844646
0
0
0
0
0
0
0
0.001290617733249473
0
0
0
0
0
0
0.0012521328880201058
0
0
0
0
0
0
0
0
0
0
0
0
0
0
0
0
0.0008282197938007729
0
0
0
0
0
0.0012842650844694789
0
0
0
0.0017182348010363082
0.0010163493828835785
0
0
0
0
0
0
0
0
0
0
0.0009462205007514157
0
0
0.003622794862711382
0
0
0
0
0
0
0
0
0
0
0.0017536023573350408
0
0
0
0
0
0
0
0
0
0
0
0
0
0
0
0
0
0
0
0.001565513088143454
0.0012691056225490405
0
0.005262920814354229
0
0
0
0
0
0
0
0
0
0
0.0007019384216199169
0
0
0
0
0
0
0
0.008317229473355336
0
0
0
0
0
0
0
0.002011485678918929
0.0020386566338301522
0
0
0.001384627728173694
0
0
0
0
0
0
0
0
0
0
0
0
0.0009440434220707205
0.00129714935322784
0.003071748007258443
0.004393744408466176
0
0
0
0
0
0
0
0
0
0
0
0
0
0.0011966077383252522
0.0008238777722263009
0
0
0
0
0
0
0
0
0
0
0
0.0008277819142070173
0.010063856221592213
0.004114007540979285
0
0
0.0011251258557250863
0
0
0
0
0
0
0
0
0
0
0
0
0
0
0
0
0
0
0
0
0
0.004233698811305833
0
0
0
0
0
0
0
0
0.0009307105923744089
0
0
0
0
0
0
0
0
0
0.0009867497667796854
0
0
0
0
0
0
0.0013090237394895003
0
0
0
0
0
0.0012720592570905267
0
0
0
0
0
0
0
0
0
0
0
0
0
0
0.0014571617403075457
0
0
0
0
0
0.0403965297049481
0
0
0
0
0
0
0.000889007006046473
0
0.0011645765909844646
0
0
0
0
0
0
0
0
0.0016367040835817007
0
0
0
0
0
0
0
0
0
0.0012720592570905267
0
0
0
0
0
0
0
0
0.0020417424926076253
0
0
0
0
0.0033323674103979133
0
0
0
0
0
0
0
0
0
0
0
0
0
0
0.004955521198414809
0
0
0
0
0
0
0
0
0
0
0
0
0
0
0
0
0.0014269002894521437
0
0
0
0
0
0
0
0
0
0
0
0
0
0
0
0
0
0
0
0
0
0
0
0
0
0
0
0
0
0
0
0
0
0
0
0
0
0
0
0
0
0
0.0008353407274171721
0.0010537405601606761
0.001565513088143454
0
0
0
0
0
0
0
0
0
0.0015180300339709492
0.0028311758795444768
0.00505323556489552
0
0
0
0.002048759742656912
0
0
0
0
0
0
0
0
0
0
0
0
0.0012691056225490405
0
0
0
0.007320350397586284
0
0
0
0
0
0
0.0019787392995013753
0
0
0.003157752488612537
0
0
0
0
0
0
0
0
0
0
0
0
0
0
0.0011204417130593037
0
0
0
0.0007748227989753405
0.002498842154540934
0
0
0
0
0
0
0
0
0
0
0
0
0
0
0
0
0
0
0.0012576535577844736
0
0
0.006632784333836625
0
0.001432770404913375
0
0
0
0
0
0
0
0.002472636631580887
0.0009155338669733787
0
0
0
0
0
0
0
0
0.0008672714602150391
0
0.0022427739988433665
0
0
0
0.0011645765909844646
0.0008251718621493696
0
0.0012075982875704608
0.0008204617667746468
0
0
0
0
0
0
0
0
0
0
0
0
0
0
0
0
0
0
0
0
0
0
0.0013798469984721553
0
0
0
0.0052705695194783155
0
0.0010337596428777983
0
0
0
0
0
0
0
0
0
0
0.0007755201143159284
0
0
0
0
0
0
0
0
0
0
0
0
0
0
0
0
0
0
0
0
0.001340750612560773
0
0
0
0
0
0
0
0
0
0
0
0
0
0
0
0
0
0
0
0
0
0
0
0
0
0
0
0
0.0011554110823462464
0
0
0
0
0
0
0
0
0
0
0
0
0
0
0
0
0
0
0
0
0
0
0
0.002587721087632607
0
0
0
0
0
0
0
0
0.004183057370049305
0
0
0
0
0
0
0
0
0
0
0
0
0
0
0
0
0
0
0
0
0
0
0.0011721791467050747
0
0
0
0
0.0009876197759655307
0
0
0
0
0
0
0
0
0
0
0
0
0
0
0
0
0
0
0
0.0010596106756219073
0
0
0
0
0
0
0
0
0
0
0
0
0
0
0.001108394474726192
0
0
0
0
0
0
0
0
0
0
0
0
0
0
0
0
0
0
0
0
0
0
0
0
0
0
0
0.0011608667970251694
0
0
0
0
0
0
0
0
0
0
0
0
0
0
0
0
0
0
0
0
0
0
0
0
0
0.002821379333054249
0
0
0
0
0.0020210078687829254
0
0
0
0
0
0
0
0
0.0012363183157904434
0
0
0
0
0
0
0
0
0
0
0
0
0
0.0008730484950549498
0
0
0
0
0
0
0
0
0
0
0
0
0
0.0009765566011360229
0
0.001432770404913375
0
0
0
0
0
0
0
0
0
0
0
0
0
0.004228979062168369
0
0
0
0
0
0
0
0
0
0.02105949501979765
0
0.0015995041556583797
0
0
0.00878413754364573
0
0
0
0
0
0
0
0
0
0
0
0
0
0
0
0
0
0
0
0
0.00125487679194939
0
0
0
0
0
0
0
0
0
0
0
0
0
0
0.0010941656441265416
0
0
0
0.0012604639822065336
0
0
0
0
0
0.0011664539872823128
0
0
0
0
0
0
0
0
0
0
0.0019102783679891733
0
0
0
0
0.0026215838907927692
0
0
0
0.004798652826182278
0
0.0013276255330207604
0
0
0
0
0
0.0012263444263669121
0
0
0
0
0.0026215838907927692
0
0
0.02217956584646872
0
0
0
0.0011189011281488774
0
0
0
0
0
0
0
0
0
0
0
0
0
0.003238382515659827
0
0
0
0.0011299065854266247
0
0
0
0.008717956217197332
0
0.005800756506398618
0
0
0
0
0
0
0.0010153648498714173
0
0
0
0
0
0
0.0016252926173115736
0.0016872444423613924
0
0
0
0
0
0
0
0
0
0.0010048022411066671
0
0
0
0
0
0
0
0
0
0
0
0
0
0
0
0
0
0
0
0
0
0
0
0
0
0
0
0.0098554048258333
0
0
0
0
0
0
0
0
0
0
0.0011381002711315423
0.0015267803998375957
0
0
0
0
0
0
0
0
0
0
0
0
0
0
0
0.004559097349746188
0
0
0
0
0
0.0008033095800763845
0
0
0
0
0
0
0
0
0
0
0
0
0
0
0
0
0
0
0
0
0
0
0
0
0
0
0
0
0
0
0
0
0.00436568696078903
0
0
0
0
0
0
0
0
0
0
0
0
0
0
0
0
0
0
0
0
0
0
0
0
0
0
0.001949800942818125
0
0
0
0
0
0
0
0
0
0
0
0
0
0
0.002888528366471346
0
0
0
0
0
0
0
0
0
0
0
0
0
0
0
0
0
0
0
0
0
0
0
0
0
0
0.0011204417130593037
0
0.002493481235273104
0.0014859988866301615
0
0
0
0
0
0
0.001421175130029382
0
0
0
0
0
0
0
0
0
0
0.0012750510040963016
0
0
0
0
0
0
0
0
0.0009043127816819689
0
0
0
0
0
0
0
0.0012263444263669121
0
0
0
0
0
0
0
0
0
0
0
0
0
0
0
0.007105875650146911
0
0
0
0.0014936014423507715
0
0
0
0
0.0011572154274522178
0
0
0
0
0
0
0
0
0
0
0
0
0.004500503422900345
0
0
0
0
0
0
0
0
0
0
0
0
0
0
0
0
0
0
0
0
0
0
0
0
0
0
0
0
0
0
0
0.0031990083113167594
0
0
0
0
0
0
0
0
0
0
0
0
0
0
0.0027466016009201357
0
0
0
0
0
0
0.00129714935322784
0
0
0
0.0009447668459835985
0.0013073053056179148
0
0
0
0.0016252926173115736
0
0
0
0
0
0
0.0011204417130593037
0
0
0
0
0
0
0
0
0
0
0
0
0
0
0
0
0
0
0
0
0
0
0
0
0
0
0
0
0
0.013369454581176731
0
0
0
0
0
0
0
0
0
0
0
0
0
0
0.020143631899248178
0.0012121446523718463
0
0.0009286737666021546
0.0020570037704896425
0
0
0
0
0
0
0.003150865585540862
0
0
0
0
0
0
0
0
0
0
0
0
0
0
0
0.003881581631448911
0
0
0
0
0
0
0
0
0
0.0013488867868736109
0
0
0
0
0
0
0
0
0
0
0
0
0
0
0
0
0.0051582110551456894
0
0.001249421077270467
0
0
0.006247960494845768
0.008768011786675205
0
0.0038205567359783465
0
0
0
0
0
0
0
0
0
0
0
0
0
0
0
0
0
0
0
0
0
0
0
0
0
0
0
0
0
0
0
0
0
0
0
0
0
0
0
0
0
0
0
0.0054409084340667005
0
0
0
0
0
0
0
0
0
0
0
0
0
0
0
0.002433563900944328
0
0
0.0015267803998375957
0
0
0
0.0009757270575821431
0
0
0
0
0
0
0
0
0
0
0
0.001249421077270467
0
0
0
0
0
0
0
0
0
0
0
0
0
0
0
0
0
0.008282197938007729
0
0.0015014617603836212
0
0
0
0
0
0
0
0
0
0
0
0
0
0
0
0.0011500807975735362
0
0
0
0
0
0
0
0
0
0
0
0
0
0
0.004373581503152065
0
0
0
0
0
0
0
0
0
0
0
0
0
0
0
0
0
0
0
0
0
0
0.0027092966009787064
0
0
0
0
0
0
0
0
0
0
0
0
0
0
0
0
0
0
0
0
0
0
0.000845031691636616
0
0
0
0
0
0
0
0
0
0
0
0
0
0
0
0
0
0
0
0
0
0
0
0
0
0
0
0
0
0
0
0
0
0
0
0
0
0
0
0
0
0
0
0
0
0
0
0
0
0
0
0
0
0
0
0
0
0
0
0
0.0018336296982092058
0
0
0
0
0
0
0
0
0
0
0
0
0
0.004214962240642705
0
0
0
0
0
0.002100577057027241
0.002976058424668448
0
0
0
0
0
0.0011251258557250863
0
0
0
0
0
0
0
0
0
0
0
0
0
0
0
0
0
0
0
0.001384627728173694
0
0
0
0
0
0
0
0
0
0
0
0.001141460578876167
0
0
0
0
0
0
0
0
0
0
0
0
0.0010794608385532756
0.001141460578876167
0
0
0
0
0
0
0
0
0
0
0
0
0
0
0
0.0010254035249823202
0
0
0
0
0
0
0
0
0
0
0
0
0
0
0
0
0
0
0
0
0
0
0
0
0
0
0
0
0
0
0
0
0
0
0
0
0
0
0
0
0.0012842650844694789
0
0.0009086122432428706
0
0
0
0
0
0.0010620009769571406
0
0
0
0.0014155879397722384
0.0012075982875704608
0
0
0
0
0
0
0
0
0
0
0
0
0
0
0
0
0
0
0
0
0
0
0
0
0
0
0
0
0
0
0
0.0017623313558259455
0
0.002834300537950795
0
0
0
0
0
0
0
0
0
0
0.0008817170626579222
0
0
0
0
0
0.0030115963294848483
0
0
0
0
0
0
0.005609963014810543
0.001290617733249473
0
0
0
0
0
0
0.003835835972893259
0
0
0
0
0.00125487679194939
0
0
0
0
0
0
0
0
0
0
0
0
0
0
0
0.0018546515119358558
0
0
0.0009807494310533184
0
0.0010010775477368998
0
0
0.001244090792497757
0
0.003295030091783296
0
0
0
0
0
0
0
0
0
0
0
0
0
0
0
0
0
0
0
0
0
0
0
0
0
0
0
0
0
0
0
0
0
0
0
0
0
0
0.0014936014423507715
0
0
0
0
0
0.004712197048665223
0
0
0
0
0
0
0
0
0
0
0
0
0
0
0
0.0011331493959934552
0
0
0
0
0
0
0
0
0
0
0
0
0
0
0
0
0
0.0010644161777125906
0
0
0
0
0
0
0
0
0
0
0
0
0
0
0
0
0
0
0
0
0.00126330889122388
0
0
0
0
0
0
0
0
0
0
0
0
0
0
0
0
0
0.0031306047882375763
0
0
0
0
0
0
0
0
0.0013073053056179148
0
0
0
0
0
0
0
0
0
0
0
0
0
0
0
0
0.002968108949252063
0
0.001336787145517114
0
0
0
0
0
0
0
0
0
0
0
0
0
0
0
0
0
0
0
0
0
0
0.0008822697617896812
0.0011299065854266247
0
0
0
0
0
0
0
0
0
0
0
0.0007070795895991244
0
0.005698871687182736
0
0
0
0
0.0014387930078355315
0
0
0
0
0
0
0
0
0
0
0
0
0
0
0
0
0
0
0
0.006393799671264382
0
0
0
0
0
0
0
0
0
0
0
0
0
0
0
0
0
0
0
0
0
0
0
0
0
0.0013944954801836165
0
0
0.0038251530122889047
0
0
0
0
0
0
0
0
0.002011485678918929
0.012906177332494733
0
0
0
0
0
0
0
0
0
0
0
0
0
0
0
0
0
0
0
0
0
0
0
0
0
0
0
0
0
0
0
0
0
0
0
0
0.011812440833623108
0
0
0
0
0
0
0
0
0
0
0
0
0
0
0
0
0
0
0
0
0
0
0
0
0
0
0
0
0
0
0
0.0016874915476604443
0
0
0
0
0
0
0
0
0
0
0
0
0
0
0
0
0
0
0
0
0
0
0.001200941643498485
0
0
0
0
0
0
0
0.00322408005779034
0
0.0015267803998375957
0
0
0
0.005201152478378184
0.004414509279657699
0
0.0015453388759965423
0
0
0
0
0
0
0
0
0
0
0
0
0
0
0.001778014012092946
0
0
0
0
0
0.01167434417905056
0
0
0
0
0
0
0
0
0
0
0
0
0
0
0
0
0
0
0
0
0
0
0.0017471617766901687
0
0
0
0
0
0
0
0
0
0
0
0
0
0
0
0
0
0
0
0
0
0
0
0
0
0
0
0
0
0
0
0
0
0
0
0
0
0
0
0
0
0
0
0
0
0
0
0
0
0
0
0
0
0
0
0
0
0
0
0
0
0
0
0
0
0
0
0
0
0
0
0
0
0
0
0
0
0
0
0
0.0010348256547601607
0.00342255294024292
0
0
0
0
0
0
0
0
0
0
0
0
0
0
0
0
0
0
0.006442289672511581
0.0018479792478727445
0
0
0
0
0
0
0
0
0
0
0
0
0
0
0
0
0
0
0
0
0
0.0013895091121750463
0
0
0
0
0
0
0
0
0
0
0.0010076355616109045
0
0
0
0
0.0026215838907927692
0
0
0
0
0
0
0
0
0
0
0
0
0
0
0
0
0
0
0
0
0
0
0
0
0
0
0
0
0
0
0
0
0
0
0
0.0018939015203541627
0
0
0
0
0
0
0
0
0
0
0.0019179179864466296
0
0
0
0
0.0010887099294476187
0
0
0
0.0015014617603836212
0
0
0
0.003679112349481978
0
0
0
0
0
0
0
0
0
0
0
0
0
0
0
0
0
0
0
0
0
0
0
0.0014048019403206055
0
0
0
0
0
0
0
0
0
0
0
0
0
0
0
0
0
0
0
0
0
0
0
0
0
0
0
0
0
0.005429275544592403
0
0
0
0
0
0
0
0
0
0
0.0032541023152776617
0
0.0013143318183689765
0
0
0
0
0
0
0
0
0
0
0
0
0
0
0
0
0
0
0
0
0.0020508070499646405
0
0
0
0
0
0
0
0
0
0
0
0
0
0
0
0
0
0
0
0
0
0
0
0
0
0
0.0013895091121750463
0
0
0
0
0
0
0
0
0
0
0
0
0
0
0
0
0
0
0
0
0
0.0015095979346964592
0.001104033396136464
0
0
0
0
0
0
0
0
0.0016816574548741796
0
0.009323069314521636
0
0
0
0
0
0
0
0
0
0
0
0
0
0
0
0
0.0011572154274522178
0
0
0
0
0
0
0
0
0
0
0
0
0
0
0.0015358740036292215
0
0
0
0
0
0
0
0
0
0
0
0
0
0
0
0
0
0
0
0
0
0
0.009988302026165007
0
0
0.0013290578572566015
0
0
0
0
0
0
0
0
0
0
0
0
0
0
0
0
0
0
0.0008907223567261494
0.009774265228323335
0.001249421077270467
0.0060839097523608205
0.001105477993806447
0.0012750510040963016
0
0
0
0
0
0
0
0
0
0
0
0
0
0
0.0010860294698137036
0
0
0
0
0
0
0
0
0
0
0
0
0
0
0
0
0
0
0
0
0
0.0010480154007379144
0
0
0.0014387930078355315
0
0
0
0
0
0.00129714935322784
0.00716682474420388
0
0
0
0.0016252926173115736
0
0
0
0
0
0
0
0
0
0
0
0
0
0
0
0
0
0
0
0
0
0
0
0
0
0.0015180300339709492
0
0
0
0
0
0
0
0.0017060500238193907
0
0
0
0
0
0
0
0.0012263444263669121
0
0
0
0
0
0
0
0
0
0
0
0
0
0
0
0.0009030988669929021
0
0.0013995914474265508
0
0
0
0
0
0
0
0
0
0
0
0
0
0
0
0
0.003282496932379625
0
0
0
0
0
0.0012287979643521977
0
0
0.0023254285486755074
0
0
0
0
0
0
0
0
0
0
0
0
0
0
0
0
0
0
0
0
0
0
0
0.0013107919453963846
0
0
0
0
0
0
0
0
0
0
0
0
0
0
0.0015762990875950868
0
0
0
0
0.002485975505783518
0
0
0
0
0
0
0
0
0
0
0
0
0
0
0
0
0
0
0
0
0
0
0
0
0
0.0010316422110291377
0
0
0
0
0
0.0023180678488580763
0
0
0
0
0
0
0
0.002433563900944328
0
0
0
0
0
0
0
0
0
0
0
0
0
0
0
0
0
0
0
0
0
0.0027038694874028765
0
0.0014786377230979148
0.0012521328880201058
0.0012750510040963016
0
0
0
0
0
0
0
0
0.0035522155952653865
0
0.0013252877388073132
0
0.0015876114372749923
0.0016874915476604443
0.0035522155952653865
0
0
0
0
0
0
0.0013215779448480177
0.0013660692520147473
0.005064756566517181
0
0.010514654546951812
0
0
0.002971997773260323
0
0
0
0
0
0
0
0
0
0
0
0
0
0
0
0.0011431591738430282
0
0
0
0
0
0
0
0
0
0
0
0
0.0025042657760402116
0
0.0028202644501866313
0
0
0
0
0
0
0
0
0
0
0
0
0
0
0
0
0
0
0
0
0
0
0
0
0
0
0.0029026577621446433
0
0
0.010638422088434976
0
0
0
0
0
0
0
0
0
0
0
0
0.0022897406093589628
0
0
0
0
0
0
0
0
0
0
0
0
0.002658115714513203
0
0
0
0
0
0
0
0
0
0
0
0
0
0
0
0
0
0
0
0
0
0
0
0.002282921157752334
0
0
0
0
0
0
0
0
0
0
0
0
0
0
0
0
0
0
0
0
0
0
0
0
0
0
0
0
0
0
0
0
0
0
0
0
0.0015762990875950868
0
0
0
0.0021288323554251812
0
0
0
0
0
0
0
0
0
0
0
0
0
0
0
0
0
0
0
0
0
0
0
0
0
0
0
0
0
0
0
0
0.001384627728173694
0
0
0
0
0
0
0
0
0
0
0
0
0
0
0
0
0
0
0
0
0
0
0
0
0
0
0
0
0
0
0
0
0
0
0
0
0
0
0
0
0
0
0
0
0.0013215779448480177
0
0
0
0
0
0
0
0
0
0
0
0.0012263444263669121
0
0
0
0
0
0
0
0
0
0
0
0
0
0.0021774198588952374
0
0
0.0011683467094337529
0.003258088409441111
0
0
0
0
0
0
0
0
0
0
0
0
0
0
0
0.0010705665960602437
0
0
0
0
0
0
0.002380510179090516
0
0
0
0
0
0
0
0
0
0
0
0
0
0
0
0
0
0
0
0
0
0
0
0
0
0
0
0
0
0
0
0
0
0
0
0
0
0
0
0
0.0011683467094337529
0
0
0
0
0
0
0
0
0
0
0
0
0
0
0
0
0
0
0
0
0
0
0
0
0.002562305721764304
0
0
0
0
0
0
0
0
0.001075607167967595
0
0
0
0
0.0012414709095267549
0.0010608027459906573
0
0
0
0
0
0
0
0
0
0
0
0
0
0
0
0
0
0.0014269002894521437
0
0
0
0
0
0.0010969424099616253
0
0
0
0
0
0
0
0
0.0011683467094337529
0
0
0.0032992585031510553
0
0
0.002556163720025366
0
0
0
0
0
0
0
0
0
0
0
0
0
0
0
0
0
0
0
0
0
0
0
0
0.003137293027536979
0
0
0
0
0
0
0
0
0
0
0
0
0
0
0
0
0
0
0
0
0
0
0
0
0
0
0
0
0.0011820468987149971
0
0
0
0
0
0
0
0
0
0
0
0.0011966077383252522
0
0
0
0
0
0
0
0
0
0
0
0
0
0.0034366158629029046
0
0.001555206628006465
0
0
0
0
0
0
0
0
0.005749177429864252
0
0
0
0
0
0
0
0
0
0
0
0
0
0
0
0
0
0
0
0
0
0
0
0
0
0
0
0.0021774198588952374
0
0
0.0016543125901736198
0
0
0
0
0
0
0.001555206628006465
0
0
0.0008076806245881417
0
0
0
0
0
0
0
0
0
0
0
0
0
0
0
0
0
0
0
0
0
0
0
0
0
0
0
0
0
0
0
0
0
0
0
0
0
0
0
0
0
0
0
0
0
0
0
0
0
0
0
0
0
0
0
0
0
0
0
0
0
0
0
0
0
0
0
0
0
0
0
0
0
0
0
0
0
0
0
0
0.001205358104191899
0
0
0
0
0
0
0
0
0
0
0
0
0
0
0
0
0
0
0
0.0011923533588519863
0
0
0
0
0
0
0
0
0
0
0
0
0
0
0
0
0.0012938605438163036
0
0
0
0
0
0
0.0012363183157904434
0
0
0
0.0015180300339709492
0
0
0
0
0
0
0
0
0
0
0
0
0
0
0
0
0
0.002658115714513203
0
0
0
0
0
0.0010114679988822263
0
0
0
0
0.0021615195234078125
0
0
0
0
0
0
0
0
0
0
0
0
0
0
0
0
0
0
0
0
0
0
0
0
0
0
0
0
0
0
0
0
0
0
0
0
0
0
0
0
0
0
0
0.0014513288810723216
0
0
0
0
0
0
0
0
0
0
0
0
0
0
0
0
0
0
0
0
0
0
0
0
0
0
0
0
0
0
0
0
0
0
0
0
0
0
0
0
0
0
0
0
0.0011590339244290382
0
0
0.0011554110823462464
0
0
0
0
0.0014101322250933157
0
0
0
0
0
0
0
0
0
0
0.0012363183157904434
0
0
0
0.0016252926173115736
0
0
0
0
0
0
0
0.002253417009419289
0
0
0
0
0
0
0
0
0
0
0
0
0
0.0012388802996037022
0
0
0
0
0
0
0
0
0
0
0
0
0.0021436330060017193
0
0
0
0
0
0
0
0
0.001375162855806373
0
0
0
0
0
0.001555206628006465
0
0
0
0
0
0
0
0
0
0
0
0
0
0
0
0
0
0
0
0
0
0
0
0
0
0
0
0
0
0
0
0
0
0
0
0
0
0
0
0
0
0
0
0
0
0
0.0011645765909844646
0
0
0
0.0015358740036292215
0
0
0
0.004435913169293744
0
0
0
0
0
0
0.001471503093219233
0
0
0
0.004125488567419119
0.0024151965751409215
0.0011944707907006469
0
0
0
0.0015180300339709492
0
0
0.0011683467094337529
0
0
0.0015876114372749923
0
0
0.0011364382054049914
0.003365977808886325
0.009112049592698512
0
0
0.0013488867868736109
0
0
0
0
0
0.0074804437058193125
0.00322408005779034
0
0
0.0057310816196535
0
0
0
0.007880753873917441
0.0011299065854266247
0
0.0015876114372749923
0
0
0
0
0
0
0
0
0.0040982077560442415
0
0
0
0.01311347559730478
0.008087877576423725
0
0.003250585234623147
0.004435913169293744
0.001244090792497757
0
0
0
0
0
0
0
0
0
0
0
0
0
0
0.0010446469563690506
0
0.014239397689316804
0
0.0012576535577844736
0
0
0
0.001471503093219233
0
0.008126463086557869
0.0024526888527338243
0
0
0
0
0
0
0.001555206628006465
0
0
0.0013252877388073132
0.004658306363937858
0.005904954941139798
0
0
0
0.001281152860882152
0.001244090792497757
0
0
0.0013073053056179148
0.0017060500238193907
0
0
0
0.0011966077383252522
0
0
0
0.0014513288810723216
0
0
0
0
0.0017060500238193907
0
0.00125487679194939
0.0009956003518724352
0.001203139358303619
0
0
0
0
0
0
0
0
0
0
0
0
0
0.007629029667604838
0.0015995041556583797
0.001336787145517114
0.0010969424099616253
0
0
0
0.004183486440550849
0
0
0.0038161777712715796
0.0022931883155901324
0
0
0
0.0029572754461958295
0
0
0
0
0
0
0
0.0011251258557250863
0
0
0
0
0
0
0
0
0
0
0
0
0
0
0
0.002915721002101377
0.001219135850649307
0
0
0
0
0
0
0
0
0
0
0
0
0.001153620670546128
0
0
0
0
0.001246740617636552
0
0
0.002397529129635579
0
0
0
0.0011627142743377537
0
0
0
0
0
0
0
0
0
0.0054168982233745435
0
0
0
0
0
0
0
0
0
0
0
0.0011987645648177895
0.0009929095227232797
0
0.008843162238567159
0
0
0
0
0
0.0014786377230979148
0
0
0
0
0
0
0.007997341767167538
0
0
0
0
0.0042635253900881465
0
0
0
0
0
0
0
0
0
0
0.0011987645648177895
0.00322408005779034
0
0
0
0
0
0
0.005640528900373263
0
0
0
0
0
0
0
0
0
0
0
0.0010457643425123263
0
0.003516537440115224
0.004519626341706499
0.004762834311824977
0.0010969424099616253
0.009277014171651192
0
0
0
0
0
0
0
0
0
0
0
0
0
0
0
0
0
0.001432770404913375
0
0
0
0
0
0
0
0
0
0
0
0.007938057186374962
0
0
0
0.0012604639822065336
0
0
0
0.0008833791283844729
0
0
0
0.006664451472639616
0.0015180300339709492
0
0.006305196350380347
0.0016393488709207631
0
0.0014645814694887252
0
0
0
0.002191099740368318
0
0
0
0.0027991828948531017
0
0
0
0
0.004272347266117397
0
0
0
0
0
0
0
0
0.0014578605010506884
0
0
0
0
0.0012075982875704608
0
0
0
0
0
0
0
0
0
0.0013215779448480177
0
0
0
0
0
0.0012121446523718463
0.00859662242948025
0
0
0
0.0014936014423507715
0
0
0
0
0
0
0.00161204002889517
0
0
0
0
0
0
0
0
0
0
0
0
0.006786594430740505
0.002971997773260323
0
0
0
0.0015358740036292215
0
0
0
0
0
0
0
0
0
0
0
0.0013995914474265508
0
0
0
0.001340750612560773
0
0
0
0
0
0
0
0
0
0
0
0.0014513288810723216
0
0
0
0
0.0013944954801836165
0
0
0
0
0
0.0013798469984721553
0.002769255456347388
0
0.0009974117452730366
0
0
0
0
0
0
0
0
0
0
0
0
0
0
0.0013530645066748346
0
0
0.001421175130029382
0
0
0.0013573188861481008
0
0
0
0.005316231429026406
0.002976058424668448
0
0.011238415522564844
0
0
0.0011267085047096444
0
0.0011465941577950662
0.002915721002101377
0
0
0
0.0027411429491290087
0
0
0
0
0.001565513088143454
0
0
0
0
0
0
0
0
0.0019666040258016844
0.001521287414248696
0.0010057428394594644
0
0
0
0
0
0
0
0
0
0
0
0
0
0
0
0
0
0.0027790182243500926
0.0013798469984721553
0
0
0
0
0
0
0
0
0
0
0
0
0.0013616527913213334
0
0
0
0
0
0
0
0
0
0
0
0
0
0
0
0
0
0
0
0
0
0.0014155879397722384
0
0
0
0
0
0
0
0
0
0
0
0
0
0
0
0
0.007259161960449934
0
0.0026215838907927692
0
0
0
0
0
0
0.0012215138938135057
0
0.0011590339244290382
0
0
0
0
0.00891599331978097
0
0
0
0
0
0.0015876114372749923
0
0
0.0013004854852593957
0.0016543125901736198
0
0.0015995041556583797
0.0014449762322923275
0
0
0
0
0
0
0
0
0
0
0
0
0
0
0
0
0
0
0.0032786977418415263
0
0
0
0
0
0
0
0
0
0
0
0
0
0
0
0
0
0
0
0
0
0
0
0
0.001184071865088462
0.005498764171918426
0
0
0
0
0
0
0
0.0012414709095267549
0
0
0
0
0
0
0
0
0
0
0
0
0.011377048321181015
0
0
0.005118150071458172
0
0
0
0
0
0
0
0
0
0
0
0.001471503093219233
0.0014048019403206055
0
0.0015876114372749923
0
0
0
0
0
0
0
0
0
0
0
0
0
0
0
0
0
0
0
0.0017060500238193907
0
0
0
0
0
0.0013944954801836165
0
0
0
0
0
0
0
0
0
0
0
0
0.0013616527913213334
0
0
0
0
0
0
0
0
0.00126330889122388
0
0.0013995914474265508
0
0
0.0013660692520147473
0.001421175130029382
0
0
0
0
0
0
0
0.0013038703216658766
0
0
0
0
0
0.0018000600187436115
0.0013215779448480177
0
0
0
0
0
0
0
0
0
0
0
0
0.001555206628006465
0.0012661891416292953
0
0
0
0
0
0
0
0
0
0
0
0
0.001375162855806373
0
0
0
0
0
0
0
0
0
0
0
0
0
0
0
0
0
0
0
0
0
0
0
0
0
0
0
0
0
0
0
0
0
0
0
0
0
0
0
0.0016703090825193076
0
0.005363002450243092
0.001432770404913375
0
0
0
0
0
0
0
0
0
0
0.0015267803998375957
0
0
0
0
0
0
0.0015453388759965423
0
0
0
0
0
0
0
0
0
0
0
0
0
0
0
0
0
0
0
0
0
0
0.007200240074974446
0.0022863183476860565
0.003545502353436037
0.003340618165038615
0.0013530645066748346
0.006703753062803866
0.0016703090825193076
0.001278081860012683
0.004010361436551342
0.0014387930078355315
0.0016393488709207631
0.002256604062184307
0.002096030801475829
0.0015453388759965423
0.0022931883155901324
0.0014936014423507715
0.0015762990875950868
0.0016543125901736198
0.0014513288810723216
0.0016252926173115736
0.0015180300339709492
0.001336787145517114
0.0015995041556583797
0.004084958373964
0.009803855832832302
0.001555206628006465
0.0026657805890558457
0.0016252926173115736
0.0016703090825193076
0.0011683467094337529
0.0030535607996751914
0.0012144517079835245
0.0013573188861481008
0.001432770404913375
0.0014859988866301615
0.00161204002889517
0.0016393488709207631
0.0013944954801836165
0.0016543125901736198
0.005577981920734466
0.0014645814694887252
0.001148330923788379
0.004752702556203049
0.012817141612395094
0.005400180056230834
0.006749966190641777
0.0033086251803472397
0.0015180300339709492
0.005149678610129972
0.00259429870645568
0.004712197048665223
0.0016393488709207631
0.0016543125901736198
0.0065573954836830525
0.0017483225850978407
0.0016874915476604443
0.0015876114372749923
0.008437457738302222
0.0014048019403206055
0.0016874915476604443
0.0017727511767180184
0.0015267803998375957
0.0017060500238193907
0.0015453388759965423
0.0014387930078355315
0.00129714935322784
0.001565513088143454
0.0016252926173115736
0.006107121599350383
0.0026431558896960355
0.0015876114372749923
0.0012576535577844736
0.0010794608385532756
0.003629580980224967
0.0014786377230979148
0.0011987645648177895
0.0033749830953208886
0.006398016622633519
0.0016393488709207631
0.0017483225850978407
0.0014269002894521437
0.0023722293456103372
0.0016393488709207631
0.0013073053056179148
0.0016703090825193076
0.0013995914474265508
0.0016543125901736198
0.00644816011558068
0.001565513088143454
0.0015095979346964592
0.0012576535577844736
0.0017060500238193907
0.0014936014423507715
0.001432770404913375
0.006501170469246294
0.005755172031342126
0.0016252926173115736
0.0018000600187436115
0.0015095979346964592
0.0012938605438163036
0.003282496932379625
0.0014449762322923275
0.0024526888527338243
0.0014101322250933157
0.0010223460234098755
0.0016543125901736198
0.002750325711612746
0.0013073053056179148
0.0013798469984721553
0.002889952464584655
0.0015453388759965423
0.0015995041556583797
0.0014859988866301615
0.0017483225850978407
0.0016703090825193076
0.001555206628006465
0.001290617733249473
0.0015180300339709492
0.001555206628006465
0.001340750612560773
0.0016874915476604443
0.0015180300339709492
0.00161204002889517
0.0016703090825193076
0.0013660692520147473
0.0015995041556583797
0.0017262242359663024
0.0011251258557250863
0.00161204002889517
0.016219778555720703
0.0030360600679418983
0.0013995914474265508
0.004046660360620832
0.0030906777519930846
0.0014449762322923275
0.0015453388759965423
0.0015267803998375957
0.0015358740036292215
0.0040982077560442415
0.0013107919453963846
0.0015453388759965423
0.0011944707907006469
0.0048758778519347205
0.0012720592570905267
0.0016252926173115736
0.0014786377230979148
0.001281152860882152
0.0013252877388073132
0.0015358740036292215
0.001471503093219233
0.00391161096499763
0.0015995041556583797
0.0016252926173115736
0.005858325877954901
0.0015762990875950868
0.0016543125901736198
0.0016393488709207631
0.0016874915476604443
0.0010997528343836853
0.0016703090825193076
0.001471503093219233
0.0014645814694887252
0.0016393488709207631
0.0024777605992074045
0.002607740643331753
0.0014936014423507715
0.0015762990875950868
0
0
0
0
0
0
0
0
0
0
0
0
0
0
0
0
0
0
0
0
0
0
0
0
0
0
0
0
0
0
0
0
0
0
0
0
0
0
0
0
0
0
0
0
0
0
0
0
0
0
0
0
0
0
0
0
0
0
0
0
0
0
0
0
0
0
0
0
0
0
0
0
0
0
0
0
0
0
0
0
0
0
0
0
0
0
0
0
0
0
0
0
0
0
0
0
0
0
0
0
0
0
0
0
0
0
0
0
0
0
0
0
0
0
0
0
0
0
0
0
0
0
0
0
0
0
0
0
0
0
0
0
0
0
0
0
0
0
0
0
0
0
0
0
0
0
0
0
0
0
0
0
0
0
0
0
0
0
0
0
0
0
0
0
0
0
0
0
0
0
0
0
0
0
0
0
0
0
0
0
0
0
0
0
0
0
0
0
0
0
0
0
0
0
0
0
0
0
0
0
0
0
0
0
0
0
0
0
0
0
0
0
0
0
0
0
0
0
0
0
0
0
0
0
0
0
0
0
0
0
0
0
0
0
0
0
0
0
0
0
0
0
0
0
0
0
0
0
0
0
0
0
0
0
0
0
0
0
0
0
0
0
0
0
0
0
0
0
0
0
0
0
0
0
0
0
0
0
0
0
0
0
0
0
0
0
0
0
0
0
0
0
0
0
0
0
0
0
0
0
0
0
0
0
0
0
0
0
0
0
0
0
0
0
0
0
0
0
0
0
0
0
0
0
0
0
0
0
0
0
0
0
0
0
0
0
0
0
0
0
0
0
0
0
0
0
0
0
0
0
0
0
0
0
0
0
0
0
0
0
0
0
0
0
0
0
0
0
0
0
0
0
0
0
0
0
0
0
0
0
0
0
0
0
0
0
0
0
0
0
0
0
0
0
0
0
0
0
0
0
0
0
0
0
0
0
0
0
0
0
0
0
0
0
0
0
0
0
0
0
0
0
0
0
0
0
0
0
0
0
0
0
0
0
0
0
0
0
0
0
0
0
0
0
0
0
0
0
0
0
0
0
0
0
0
0
0
0
0
0
0
0
0
0
0
0
0
0
0
0
0
0
0
0
0
0
0
0
0
0
0
0
0
0
0
0
0
0
0
0
0
0
0
0
0
0
0
0
0
0
0
0
0
0
0
0
0
0
0
0
0
0
0
0
0
0
0
0
0
0
0
0
0
0
0
0
0
0
0
0
0
0
0
0
0
0
0
0
0
0
0
0
0
0
0
0
0
0
0
0
0
0
0
0
0
0
0
0
0
0
0
0
0
0
0
0
0
0
0
0
0
0
0
0
0
0
0
0
0
0
0
0
0
0
0
0
0
0
0
0
0
0
0
0
0
0
0
0
0
0
0
0
0
0
0
0
0
0
0
0
0
0
0
0
0
0
0
0
0
0
0
0
0
0
0
0
0
0
0
0
0
0
0
0
0
0
0
0
0
0
0
0
0
0
0
0
0
0
0
0
0
0
0
0
0
0
0
0
0
0
0
0
0
0
0
0
0
0
0
0
0
0
0
0
0
0
0
0
0
0
0
0
0
0
0
0
0
0
0
0
0
0
0
0
0
0
0
0
0
0
0
0
0
0
0
0
0
0
0
0
0
0
0
0
0
0
0
0
0
0
0
0
0
0
0
0
0
0
0
0
0
0
0
0
0
0
0
0
0
0
0
0
0
0
0
0
0
0
0
0
0
0
0
0
0
0
0
0
0
0
0
0
0
0
0
0
0
0
0
0
0
0
0
0
0
0
0
0
0
0
0
0
0
0
0
0
0
0
0
0
0
0
0
0
0
0
0
0
0
0
0
0
0
0
0
0
0
0
0
0
0
0
0
0
0
0
0
0
0
0
0
0
0
0
0
0
0
0
0
0
0
0
0
0
0
0
0
0
0
0
0
0
0
0
0
0
0
0
0
0
0
0
0
0
0
0
0
0
0
0
0
0
0
0
0
0
0
0
0
0
0
0
0
0
0
0
0
0
0
0
0
0
0
0
0
0
0
0
0
0
0
0
0
0
0
0
0
0
0
0
0
0
0
0
0
0
0
0
0
0
0
0
0
0
0
0
0
0
0
0
0
0
0
0
0
0
0
0
0
0
0
0
0
0
0
0
0
0
0
0
0
0
0
0
0
0
0
0
0
0
0
0
0
0
0
0
0
0
0
0
0
0
0
0
0
0
0
0
0
0
0
0
0
0
0
0
0
0
0
0
0
0
0
0
0
0
0
0
0
0
0
0
0
0
0
0
0
0
0
0
0
0
0
0
0
0
0
0
0
0
0
0
0
0
0
0
0
0
0
0
0
0
0
0
0
0
0
0
0
0
0
0
0
0
0
0
0
0
0
0
0
0
0
0
0
0
0
0
0
0
0
0
0
0
0
0
0
0
0
0
0
0
0
0
0
0
0
0
0
0
0
0
0
0
0
0
0
0
0
0
0
0
0
0
0
0
0
0
0
0
0
0
0
0
0
0
0
0
0
0
0
0
0
0
0
0
0
0
0
0
0
0
0
0
0
0
0
0
0
0
0
0
0
0
0
0
0
0
0
0
0
0
0
0
0
0
0
0
0
0
0
0
0
0
0
0
0
0
0
0
0
0
0
0
0
0
0
0
0
0
0
0
0
0
0
0
0
0
0
0
0
0
0
0
0
0
0
0
0
0
0
0
0
0
0
0
0
0
0
0
0
0
0
0
0
0
0
0
0
0
0
0
0
0
0
0
0
0
0
0
0
0
0
0
0
0
0
0
0
0
0
0
0
0
0
0
0
0
0
0
0
0
0
0
0
0
0
0
0
0
0
0
0
0
0
0
0
0
0
0
0
0
0
0
0
0
0
0
0
0
0
0
0
0
0
0
0
0
0
0
0
0
0
0
0
0
0
0
0
0
0
0
0
0
0
0
0
0
0
0
0
0
0
0
0
0
0
0
0
0
0
0
0
0
0
0
0
0
0
0
0
0
0
0
0
0
0
0
0
0
0
0
0
0
0
0
0
0
0
0
0
0
0
0
0
0
0
0
0
0
0
0
0
0
0
0
0
0
0
0
0
0
0
0
0
0
0
0
0
0
0
0
0
0
0
0
0
0
0
0
0
0
0
0
0
0
0
0
0
0
0
0
0
0
0
0
0
0
0
0
0
0
0
0
0
0
0
0
0
0
0
0
0
0
0
0
0
0
0
0
0
0
0
0
0
0
0
0
0
0
0
0
0
0
0
0
0
0
0
0
0
0
0
0
0
0
0
0
0
0
0
0
0
0
0
0
0
0
0
0
0
0
0
0
0
0
0
0
0
0
0
0
0
0
0
0
0
0
0
0
0
0
0
0
0
0
0
0
0
0
0
0
0
0
0
0
0
0
0
0
0
0
0
0
0
0
0
0
0
0
0
0
0
0
0
0
0
0
0
0
0
0
0
0
0
0
0
0
0
0
0
0
0
0
0
0
0
0
0
0
0
0
0
0
0
0
0
0
0
0
0
0
0
0
0
0
0
0
0
0
0
0
0
0
0
0
0
0
0
0
0
0
0
0
0
0
0
0
0
0
0
0
0
0
0
0
0
0
0
0
0
0
0
0
0
0
0
0
0
0
0
0
0
0
0
0
0
0
0
0
0
0
0
0
0
0
0
0
0
0
0
0
0
0
0
0
0
0
0
0
0
0
0
0
0
0
0
0
0
0
0
0
0
0
0
0
0
0
0
0
0
0
0
0
0
0
0
0
0
0
0
0
0
0
0
0
0
0
0
0
0
0
0
0
0
0
0
0
0
0
0
0
0
0
0
0
0
0
0
0
0
0
0
0
0
0
0
0
0
0
0
0
0
0
0
0
0
0
0
0
0
0
0
0
0
0
0
0
0
0
0
0
0
0
0
0
0
0
0
0
0
0
0
0
0
0
0
0
0
0
0
0
0
0
0
0
0
0
0
0
0
0
0
0
0
0
0
0
0
0
0
0
0
0
0
0
0
0
0
0
0
0
0
0
0
0
0
0
0
0
0
0
0
0
0
0
0
0
0
0
0
0
0
0
0
0
0
0
0
0
0
0
0
0
0
0
0
0
0
0
0
0
0
0
0
0
0
0
0
0
0
0
0
0
0
0
0
0
0
0
0
0
0
0
0
0
0
0
0
0
0
0
0
0
0
0
0
0
0
0
0
0
0
0
0
0
0
0
0
0
0
0
0
0
0
0
0
0
0
0
0
0
0
0
0
0
0
0
0
0
0
0
0
0
0
0
0
0
0
0
0
0
0
0
0
0
0
0
0
0
0
0
0
0
0
0
0
0
0
0
0
0
0
0
0
0
0
0
0
0
0
0
0
0
0
0
0
0
0
0
0
0
0
0
0
0
0
0
0
0
0
0
0
0
0
0
0
0
0
0
0
0
0
0
0
0
0
0
0
0
0
0
0
0
0
0
0
0
0
0
0
0
0
0
0
0
0
0
0
0
0
0
0
0
0
0
0
0
0
0
0
0
0
0
0
0
0
0
0
0
0
0
0
0
0
0
0
0
0
0
0
0
0
0
0
0
0
0
0
0
0
0
0
0
0
0
0
0
0
0
0
0
0
0
0
0
0
0
0
0
0
0
0
0
0
0
0
0
0
0
0
0
0
0
0
0
0
0
0
0
0
0
0
0
0
0
0
0
0
0
0
0
0
0
0
0
0
0
0
0
0
0
0
0
0
0
0
0
0
0
0
0
0
0
0
0
0
0
0
0
0
0
0
0
0
0
0
0
0
0
0
0
0
0
0
0
0
0
0
0
0
0
0
0
0
0
0
0
0
0
0
0
0
0
0
0
0
0
0
0
0
0
0
0
0
0
0
0
0
0
0
0
0
0
0
0
0
0
0
0
0
0
0
0
0
0
0
0
0
0
0
0
0
0
0
0
0
0
0
0
0
0
0
0
0
0
0
0
0
0
0
0
0
0
0
0
0
0
0
0
0
0
0
0
0
0
0
0
0
0
0
0
0
0
0
0
0
0
0
0
0
0
0
0
0
0
0
0
0
0
0
0
0
0
0
0
0
0
0
0
0
0
0
0
0
0
0
0
0
0
0
0
0
0
0
0
0
0
0
0
0
0
0
0
0
0
0
0
0
0
0
0
0
0
0
0
0
0
0
0
0
0
0
0
0
0
0
0
0
0
0
0
0
0
0
0
0
0
0
0
0
0
0
0
0
0
0
0
0
0
0
0
0
0
0
0
0
0
0
0
0
0
0
0
0
0
0
0
0
0
0
0
0
0
0
0
0
0
0
0
0
0
0
0
0
0
0
0
0
0
0
0
0
0
0
0
0
0
0
0
0
0
0
0
0
0
0
0
0
0
0
0
0
0
0
0
0
0
0
0
0
0
0
0
0
0
0
0
0
0
0
0
0
0
0
0
0
0
0
0
0
0
0
0
0
0
0
0
0
0
0
0
0
0
0
0
0
0
0
0
0
0
0
0
0
0
0
0
0
0
0
0
0
0
0
0
0
0
0
0
0
0
0
0
0
0
0
0
0
0
0
0
0
0
0
0
0
0
0
0
0
0
0
0
0
0
0
0
0
0
0
0
0
0
0
0
0
0
0
0
0
0
0
0
0
0
0
0
0
0
0
0
0
0
0
0
0
0
0
0
0
0
0
0
0
0
0
0
0
0
0
0
0
0
0
0
0
0
0
0
0
0
0
0
0
0
0
0
0
0
0
0
0
0
0
0
0
0
0
0
0
0
0
0
0
0
0
0
0
0
0
0
0
0
0
0
0
0
0
0
0
0
0
0
0
0
0
0
0
0
0
0
0
0
0
0
0
0
0
0
0
0
0
0
0
0
0
0
0
0
0
0
0
0
0
0
0
0
0
0
0
0
0
0
0
0
0
0
0
0
0
0
0
0
0
0
0
0
0
0
0
0
0
0
0
0
0
0
0
0
0
0
0
0
0
0
0
0
0
0
0
0
0
0
0
0
0
0
0
0
0
0
0
0
0
0
0
0
0
0
0
0
0
0
0
0
0
0
0
0
0
0
0
0
0
0
0
0
0
0
0
0
0
0
0
0
0
0
0
0
0
0
0
0
0
0
0
0
0
0
0
0
0
0
0
0
0
0
0
0
0
0
0
0
0
0
0
0
0
0
0
0
0
0
0
0
0
0
0
0
0
0
0
0
0
0
0
0
0
0
0
0
0
0
0
0
0
0
0
0
0
0
0
0
0
0
0
0
0
0
0
0
0
0
0
0
0
0
0
0
0
0
0
0
0
0
0
0
0
0
0
0
0
0
0
0
0
0
0
0
0
0
0
0
0
0
0
0
0
0
0
0
0
0
0
0
0
0
0
0
0
0
0
0
0
0
0
0
0
0
0
0
0
0
0
0
0
0
0
0
0
0
0
0
0
0
0
0
0
0
0
0
0
0
0
0
0
0
0
0
0
0
0
0
0
0
0
0
0
0
0
0
0
0
0
0
0
0
0
0
0
0
0
0
0
0
0
0
0
0
0
0
0
0
0
0
0
0
0
0
0
0
0
0
0
0
0
0
0
0
0
0
0
0
0
0
0
0
0
0
0
0
0
0
0
0
0
0
0
0
0
0
0
0
0
0
0
0
0
0
0
0
0
0
0
0
0
0
0
0
0
0
0
0
0
0
0
0
0
0
0
0
0
0
0
0
0
0
0
0
0
0
0
0
0
0
0
0
0
0
0
0
0
0
0
0
0
0
0
0
0
0
0
0
0
0
0
0
0
0
0
0
0
0
0
0
0
0
0
0
0
0
0
0
0
0
0
0
0
0
0
0
0
0
0
0
0
0
0
0
0
0
0
0
0
0
0
0
0
0
0
0
0
0
0
0
0
0
0
0
0
0
0
0
0
0
0
0
0
0
0
0
0
0
0
0
0
0
0
0
0
0
0
0
0
0
0
0
0
0
0
0
0
0
0
0
0
0
0
0
0
0
0
0
0
0
0
0
0
0
0
0
0
0
0
0
0
0
0
0
0
0
0
0
0
0
0
0
0
0
0
0
0
0
0
0
0
0
0
0
0
0
0
0
0
0
0
0
0
0
0
0
0
0
0
0
0
0
0
0
0
0
0
0
0
0
0
0
0
0
0
0
0
0
0
0
0
0
0
0
0
0
0
0
0
0
0
0
0
0
0
0
0
0
0
0
0
0
0
0
0
0
0
0
0
0
0
0
0
0
0
0
0
0
0
0
0
0
0
0
0
0
0
0
0
0
0
0
0
0
0
0
0
0
0
0
0
0
0
0
0
0
0
0
0
0
0
0
0
0
0
0
0
0
0
0
0
0
0
0
0
0
0
0
0
0
0
0
0
0
0
0
0
0
0
0
0
0
0
0
0
0
0
0
0
0
0
0
0
0
0
0
0
0
0
0
0
0
0
0
0
0
0
0
0
0
0
0
0
0
0
0
0
0
0
0
0
0
0
0
0
0
0
0
0
0
0
0
0
0
0
0
0
0
0
0
0
0
0
0
0
0
0
0
0
0
0
0
0
0
0
0
0
0
0
0
0
0
0
0
0
0
0
0
0
0
0
0
0
0
0
0
0
0
0
0
0
0
0
0
0
0
0
0
0
0
0
0
0
0
0
0
0
0
0
0
0
0
0
0
0
0
0
0
0
0
0
0
0
0
0
0
0
0
0
0
0
0
0
0
0
0
0
0
0
0
0
0
0
0
0
0
0
0
0
0
0
0
0
0
0
0
0
0
0
0
0
0
0
0
0
0
0
0
0
0
0
0
0
0
0
0
0
0
0
0
0
0
0
0
0
0
0
0
0
0
0
0
0
0
0
0
0
0
0
0
0
0
0
0
0
0
0
0
0
0
0
0
0
0
0
0
0
0
0
0
0
0
0
0
0
0
0
0
0
0
0
0
0
0
0
0
0
0
0
0
0
0
0
0
0
0
0
0
0
0
0
0
0
0
0
0
0
0
0
0
0
0
0
0
0
0
0
0
0
0
0
0
0
0
0
0
0
0
0
0
0
0
0
0
0
0
0
0
0
0
0
0
0
0
0
0
0
0
0
0
0
0
0
0
0
0
0
0
0
0
0
0
0
0
0
0
0
0
0
0
0
0
0
0
0
0
0
0
0
0
0
0
0
0
0
0
0
0
0
0
0
0
0
0
0
0
0
0
0
0
0
0
0
0
0
0
0
0
0
0
0
0
0
0
0
0
0
0
0
0
0
0
0
0
0
0
0
0
0
0
0
0
0
0
0
0
0
0
0
0
0
0
0
0
0
0
0
0
0
0
0
0
0
0
0
0
0
0
0
0
0
0
0
0
0
0
0
0
0
0
0
0
0
0
0
0
0
0
0
0
0
0
0
0
0
0
0
0
0
0
0
0
0
0
0
0
0
0
0
0
0
0
0
0
0
0
0
0
0
0
0
0
0
0
0
0
0
0
0
0
0
0
0
0
0
0
0
0
0
0
0
0
0
0
0
0
0
0
0
0
0
0
0
0
0
0
0
0
0
0
0
0
0
0
0
0
0
0
0
0
0
0
0
0
0
0
0
0
0
0
0
0
0
0
0
0
0
0
0
0
0
0
0
0
0
0
0
0
0
0
0
0
0
0
0
0
0
0
0
0
0
0
0
0
0
0
0
0
0
0
0
0
0
0
0
0
0
0
0
0
0
0
0
0
0
0
0
0
0
0
0
0
0
0
0
0
0
0
0
0
0
0
0
0
0
0
0
0
0
0
0
0
0
0
0
0
0
0
0
0
0
0
0
0
0
0
0
0
0
0
0
0
0
0
0
0
0
0
0
0
0
0
0
0
0
0
0
0
0
0
0
0
0
0
0
0
0
0
0
0
0
0
0
0
0
0
0
0
0
0
0
0
0
0
0
0
0
0
0
0
0
0
0
0
0
0
0
0
0
0
0
0
0
0
0
0
0
0
0
0
0
0
0
0
0
0
0
0
0
0
0
0
0
0
0
0
0
0
0
0
0
0
0
0
0
0
0
0
0
0
0
0
0
0
0
0
0
0
0
0
0
0
0
0
0
0
0
0
0
0
0
0
0
0
0
0
0
0
0
0
0
0
0
0
0
0
0
0
0
0
0
0
0
0
0
0
0
0
0
0
0
0
0
0
0
0
0
0
0
0
0
0
0
0
0
0
0
0
0
0
0
0
0
0
0
0
0
0
0
0
0
0
0
0
0
0
0
0
0
0
0
0
0
0
0
0
0
0
0
0
0
0
0
0
0
0
0
0
0
0
0
0
0
0
0
0
0
0
0
0
0
0
0
0
0
0
0
0
0
0
0
0
0
0
0
0
0
0
0
0
0
0
0
0
0
0
0
0
0
0
0
0
0
0
0
0
0
0
0
0
0
0
0
0
0
0
0
0
0
0
0
0
0
0
0
0
0
0
0
0
0
0
0
0
0
0
0
0
0
0
0
0
0
0
0
0
0
0
0
0
0
0
0
0
0
0
0
0
0
0
0
0
0
0
0
0
0
0
0
0
0
0
0
0
0
0
0
0
0
0
0
0
0
0
0
0
0
0
0
0
0
0
0
0
0
0
0
0
0
0
0
0
0
0
0
0
0
0
0
0
0
0
0
0
0
0
0
0
0
0
0
0
0
0
0
0
0
0
0
0
0
0
0
0
0
0
0
0
0
0
0
0
0
0
0
0
0
0
0
0
0
0
0
0
0
0
0
0
0
0
0
0
0
0
0
0
0
0
0
0
0
0
0
0
0
0
0
0
0
0
0
0
0
0
0
0
0
0
0
0
0
0
0
0
0
0
0
0
0
0
0
0
0
0
0
0
0
0
0
0
0
0
0
0
0
0
0
0
0
0
0
0
0
0
0
0
0
0
0
0
0
0
0
0
0
0
0
0
0
0
0
0
0
0
0
0
0
0
0
0
0
0
0
0
0
0
0
0
0
0
0
0
0
0
0
0
0
0
0
0
0
0
0
0
0
0
0
0
0
0
0
0
0
0
0
0
0
0
0
0
0
0
0
0
0
0
0
0
0
0
0
0
0
0
0
0
0
0
0
0
0
0
0
0
0
0
0
0
0
0
0
0
0
0
0
0
0
0
0
0
0
0
0
0
0
0
0
0
0
0
0
0
0
0
0
0
0
0
0
0
0
0
0
0
0
0
0
0
0
0
0
0
0
0
0
0
0
0
0
0
0
0
0
0
0
0
0
0
0
0
0
0
0
0
0
0
0
0
0
0
0
0
0
0
0
0
0
0
0
0
0
0
0
0
0
0
0
0
0
0
0
0
0
0
0
0
0
0
0
0
0
0
0
0
0
0
0
0
0
0
0
0
0
0
0
0
0
0
0
0
0
0
0
0
0
0
0
0
0
0
0
0
0
0
0
0
0
0
0
0
0
0
0
0
0
0
0
0
0
0
0
0
0
0
0
0
0
0
0
0
0
0
0
0
0
0
0
0
0
0
0
0
0
0
0
0
0
0
0
0
0
0
0
0
0
0
0
0
0
0
0
0
0
0
0
0
0
0
0
0
0
0
0
0
0
0
0
0
0
0
0
0
0
0
0
0
0
0
0
0
0
0
0
0
0
0
0
0
0
0
0
0
0
0
0
0
0
0
0
0
0
0
0
0
0
0
0
0
0
0
0
0
0
0
0
0
0
0
0
0
0
0
0
0
0
0
0
0
0
0
0
0
0
0
0
0
0
0
0
0
0
0
0
0
0
0
0
0
0
0
0
0
0
0
0
0
0
0
0
0
0
0
0
0
0
0
0
0
0
0
0
0
0
0
0
0
0
0
0
0
0
0
0
0
0
0
0
0
0
0
0
0
0
0
0
0
0
0
0
0
0
0
0
0
0
0
0
0
0
0
0
0
0
0
0
0
0
0
0
0
0
0
0
0
0
0
0
0
0
0
0
0
0
0
0
0
0
0
0
0
0
0
0
0
0
0
0
0
0
0
0
0
0
0
0
0
0
0
0
0
0
0
0
0
0
0
0
0
0
0
0
0
0
0
0
0
0
0
0
0
0
0
0
0
0
0
0
0
0
0
0
0
0
0
0
0
0
0
0
0
0
0
0
0
0
0
0
0
0
0
0
0
0
0
0
0
0
0
0
0
0
0
0
0
0
0
0
0
0
0
0
0
0
0
0
0
0
0
0
0
0
0
0
0
0
0
0
0
0
0
0
0
0
0
0
0
0
0
0
0
0
0
0
0
0
0
0
0
0
0
0
0
0
0
0
0
0
0
0
0
0
0
0
0
0
0
0
0
0
0
0
0
0
0
0
0
0
0
0
0
0
0
0
0
0
0
0
0
0
0
0
0
0
0
0
0
0
0
0
0
0
0
0
0
0
0
0
0
0
0
0
0
0
0
0
0
0
0
0
0
0
0
0
0
0
0
0
0
0
0
0
0
0
0
0
0
0
0
0
0
0
0
0
0
0
0
0
0
0
0
0
0
0
0
0
0
0
0
0
0
0
0
0
0
0
0
0
0
0
0
0
0
0
0
0
0
0
0
0
0
0
0
0
0
0
0
0
0
0
0
0
0
0
0
0
0
0
0
0
0
0
0
0
0
0
0
0
0
0
0
0
0
0
0
0
0
0
0
0
0
0
0
0
0
0
0
0
0
0
0
0
0
0
0
0
0
0
0
0
0
0
0
0
0
0
0
0
0
0
0
0
0
0
0
0
0
0
0
0
0
0
0
0
0
0
0
0
0
0
0
0
0
0
0
0
0
0
0
0
0
0
0
0
0
0
0
0
0
0
0
0
0
0
0
0
0
0
0
0
0
0
0
0
0
0
0
0
0
0
0
0
0
0
0
0
0
0
0
0
0
0
0
0
0
0
0
0
0
0
0
0
0
0
0
0
0
0
0
0
0
0
0
0
0
0
0
0
0
0
0
0
0
0
0
0
0
0
0
0
0
0
0
0
0
0
0
0
0
0
0
0
0
0
0
0
0
0
0
0
0
0
0
0
0
0
0
0
0
0
0
0
0
0
0
0
0
0
0
0
0
0
0
0
0
0
0
0
0
0
0
0
0
0
0
0
0
0
0
0
0
0
0
0
0
0
0
0
0
0
0
0
0
0
0
0
0
0
0
0
0
0
0
0
0
0
0
0
0
0
0
0
0
0
0
0
0
0
0
0
0
0
0
0
0
0
0
0
0
0
0
0
0
0
0
0
0
0
0
0
0
0
0
0
0
0
0
0
0
0
0
0
0
0
0
0
0
0
0
0
0
0
0
0
0
0
0
0
0
0
0
0
0
0
0
0
0
0
0
0
0
0
0
0
0
0
0
0
0
0
0
0
0
0
0
0
0
0
0
0
0
0
0
0
0
0
0
0
0
0
0
0
0
0
0
0
0
0
0
0
0
0
0
0
0
0
0
0
0
0
0
0
0
0
0
0
0
0
0
0
0
0
0
0
0
0
0
0
0
0
0
0
0
0
0
0
0
0
0
0
0
0
0
0
0
0
0
0
0
0
0
0
0
0
0
0
0
0
0
0
0
0
0
0
0
0
0
0
0
0
0
0
0
0
0
0
0
0
0
0
0
0
0
0
0
0
0
0
0
0
0
0
0
0
0
0
0
0
0
0
0
0
0
0
0
0
0
0
0
0
0
0
0
0
0
0
0
0
0
0
0
0
0
0
0
0
0
0
0
0
0
0
0
0
0
0
0
0
0
0
0
0
0
0
0
0
0
0
0
0
0
0
0
0
0
0
0
0
0
0
0
0
0
0
0
0
0
0
0
0
0
0
0
0
0
0
0
0
0
0
0
0
0
0
0
0
0
0
0
0
0
0
0
0
0
0
0
0
0
0
0
0
0
0
0
0
0
0
0
0
0
0
0
0
0
0
0
0
0
0
0
0
0
0
0
0
0
0
0
0
0
0
0
0
0
0
0
0
0
0
0
0
0
0
0
0
0
0
0
0
0
0
0
0
0
0
0
0
0
0
0
0
0
0
0
0
0
0
0
0
0
0
0
0
0
0
0
0
0
0
0
0
0
0
0
0
0
0
0
0
0
0
0
0
0
0
0
0
0
0
0
0
0
0
0
0
0
0
0
0
0
0
0
0
0
0
0
0
0
0
0
0
0
0
0
0
0
0
0
0
0
0
0
0
0
0
0
0
0
0
0
0
0
0
0
0
0
0
0
0
0
0
0
0
0
0
0
0
0
0
0
0
0
0
0
0
0
0
0
0
0
0
0
0
0
0
0
0
0
0
0
0
0
0
0
0
0
0
0
0
0
0
0
0
0
0
0
0
0
0
0
0
0
0
0
0
0
0
0
0
0
0
0
0
0
0
0
0
0
0
0
0
0
0
0
0
0
0
0
0
0
0
0
0
0
0
0
0
0
0
0
0
0
0
0
0
0
0
0
0
0
0
0
0
0
0
0
0
0
0
0
0
0
0
0
0
0
0
0
0
0
0
0
0
0
0
0
0
0
0
0
0
0
0
0
0
0
0
0
0
0
0
0
0
0
0
0
0
0
0
0
0
0
0
0
0
0
0
0
0
0
0
0
0
0
0
0
0
0
0
0
0
0
0
0
0
0
0
0
0
0
0
0
0
0
0
0
0
0
0
0
0
0
0
0
0
0
0
0
0
0
0
0
0
0
0
0
0
0
0
0
0
0
0
0
0
0
0
0
0
0
0
0
0
0
0
0
0
0
0
0
0
0
0
0
0
0
0
0
0
0
0
0
0
0
0
0
0
0
0
0
0
0
0
0
0
0
0
0
0
0
0
0
0
0
0
0
0
0
0
0
0
0
0
0
0
0
0
0
0
0
0
0
0
0
0
0
0
0
0
0
0
0
0
0
0
0
0
0
0
0
0
0
0
0
0
0
0
0
0
0
0
0
0
0
0
0
0
0
0
0
0
0
0
0
0
0
0
0
0
0
0
0
0
0
0
0
0
0
0
0
0
0
0
0
0
0
0
0
0
0
0
0
0
0
0
0
0
0
0
0
0
0
0
0
0
0
0
0
0
0
0
0
0
0
0
0
0
0
0
0
0
0
0
0
0
0
0
0
0
0
0
0
0
0
0
0
0
0
0
0
0
0
0
0
0
0
0
0
0
0
0
0
0
0
0
0
0
0
0
0
0
0
0
0
0
0
0
0
0
0
0
0
0
0
0
0
0
0
0
0
0
0
0
0
0
0
0
0
0
0
0
0
0
0
0
0
0
0
0
0
0
0
0
0
0
0
0
0
0
0
0
0
0
0
0
0
0
0
0
0
0
0
0
0
0
0
0
0
0
0
0
0
0
0
0
0
0
0
0
0
0
0
0
0
0
0
0
0
0
0
0
0
0
0
0
0
0
0
0
0
0
0
0
0
0
0
0
0
0
0
0
0
0
0
0
0
0
0
0
0
0
0
0
0
0
0
0
0
0
0
0
0
0
0
0
0
0
0
0
0
0
0
0
0
0
0
0
0
0
0
0
0
0
0
0
0
0
0
0
0
0
0
0
0
0
0
0
0
0
0
0
0
0
0
0
0
0
0
0
0
0
0
0
0
0
0
0
0
0
0
0
0
0
0
0
0
0
0
0
0
0
0
0
0
0
0
0
0
0
0
0
0
0
0
0
0
0
0
0
0
0
0
0
0
0
0
0
0
0
0
0
0
0
0
0
0
0
0
0
0
0
0
0
0
0
0
0
0
0
0
0
0
0
0
0
0
0
0
0
0
0
0
0
0
0
0
0
0
0
0
0
0
0
0
0
0
0
0
0
0
0
0
0
0
0
0
0
0
0
0
0
0
0
0
0
0
0
0
0
0
0
0
0
0
0
0
0
0
0
0
0
0
0
0
0
0
0
0
0
0
0
0
0
0
0
0
0
0
0
0
0
0
0
0
0
0
0
0
0
0
0
0
0
0
0
0
0
0
0
0
0
0
0
0
0
0
0
0
0
0
0
0
0
0
0
0
0
0
0
0
0
0
0
0
0
0
0
0
0
0
0
0
0
0
0
0
0
0
0
0
0
0
0
0
0
0
0
0
0
0
0
0
0
0
0
0
0
0
0
0
0
0
0
0
0
0
0
0
0
0
0
0
0
0
0
0
0
0
0
0
0
0
0
0
0
0
0
0
0
0
0
0
0
0
0
0
0
0
0
0
0
0
0
0
0
0
0
0
0
0
0
0
0
0
0
0
0
0
0
0
0
0
0
0
0
0
0
0
0
0
0
0
0
0
0
0
0
0
0
0
0
0
0
0
0
0
0
0
0
0
0
0
0
0
0
0
0
0
0
0
0
0
0
0
0
0
0
0
0
0
0
0
0
0
0
0
0
0
0
0
0
0
0
0
0
0
0
0
0
0
0
0
0
0
0
0
0
0
0
0
0
0
0
0
0
0
0
0
0
0
0
0
0
0
0
0
0
0
0
0
0
0
0
0
0
0
0
0
0
0
0
0
0
0
0
0
0
0
0
0
0
0
0
0
0
0
0
0
0
0
0
0
0
0
0
0
0
0
0
0
0
0
0
0
0
0
0
0
0
0
0
0
0
0
0
0
0
0
0
0
0
0
0
0
0
0
0
0
0
0
0
0
0
0
0
0
0
0
0
0
0
0
0
0
0
0
0
0
0
0
0
0
0
0
0
0
0
0
0
0
0
0
0
0
0
0
0
0
0
0
0
0
0
0
0
0
0
0
0
0
0
0
0
0
0
0
0
0
0
0
0
0
0
0
0
0
0
0
0
0
0
0
0
0
0
0
0
0
0
0
0
0
0
0
0
0
0
0
0
0
0
0
0
0
0
0
0
0
0
0
0
0
0
0
0
0
0
0
0
0
0
0
0
0
0
0
0
0
0
0
0
0
0
0
0
0
0
0
0
0
0
0
0
0
0
0
0
0
0
0
0
0
0
0
0
0
0
0
0
0
0
0
0
0
0
0
0
0
0
0
0
0
0
0
0
0
0
0
0
0
0
0
0
0
0
0
0
0
0
0
0
0
0
0
0
0
0
0
0
0
0
0
0
0
0
0
0
0
0
0
0
0
0
0
0
0
0
0
0
0
0
0
0
0
0
0
0
0
0
0
0
0
0
0
0
0
0
0
0
0
0
0
0
0
0
0
0
0
0
0
0
0
0
0
0
0
0
0
0
0
0
0
0
0
0
0
0
0
0
0
0
0
0
0
0
0
0
0
0
0
0
0
0
0
0
0
0
0
0
0
0
0
0
0
0
0
0
0
0
0
0
0
0
0
0
0
0
0
0
0
0
0
0
0
0
0
0
0
0
0
0
0
0
0
0
0
0
0
0
0
0
0
0
0
0
0
0
0
0
0
0
0
0
0
0
0
0
0
0
0
0
0
0
0
0
0
0
0
0
0
0
0
0
0
0
0
0
0
0
0
0
0
0
0
0
0
0
0
0
0
0
0
0
0
0
0
0
0
0
0
0
0
0
0
0
0
0
0
0
0
0
0
0
0
0
0
0
0
0
0
0
0
0
0
0
0
0
0
0
0
0
0
0
0
0
0
0
0
0
0
0
0
0
0
0
0
0
0
0
0
0
0
0
0
0
0
0
0
0
0
0
0
0
0
0
0
0
0
0
0
0
0
0
0
0
0
0
0
0
0
0
0
0
0
0
0
0
0
0
0
0
0
0
0
0
0
0
0
0
0
0
0
0
0
0
0
0
0
0
0
0
0
0
0
0
0
0
0
0
0
0
0
0
0
0
0
0
0
0
0
0
0
0
0
0
0
0
0
0
0
0
0
0
0
0
0
0
0
0
0
0
0
0
0
0
0
0
0
0
0
0
0
0
0
0
0
0
0
0
0
0
0
0
0
0
0
0
0
0
0
0
0
0
0
0
0
0
0
0
0
0
0
0
0
0
0
0
0
0
0
0
0
0
0
0
0
0
0
0
0
0
0
0
0
0
0
0
0
0
0
0
0
0
0
0
0
0
0
0
0
0
0
0
0
0
0
0
0
0
0
0
0
0
0
0
0
0
0
0
0
0
0
0
0
0
0
0
0
0
0
0
0
0
0
0
0
0
0
0
0
0
0
0
0
0
0
0
0
0
0
0
0
0
0
0
0
0
0
0
0
0
0
0
0
0
0
0
0
0
0
0
0
0
0
0
0
0
0
0
0
0
0
0
0
0
0
0
0
0
0
0
0
0
0
0
0
0
0
0
0
0
0
0
0
0
0
0
0
0
0
0
0
0
0
0
0
0
0
0
0
0
0
0
0
0
0
0
0
0
0
0
0
0
0
0
0
0
0
0
0
0
0
0
0
0
0
0
0
0
0
0
0
0
0
0
0
0
0
0
0
0
0
0
0
0
0
0
0
0
0
0
0
0
0
0
0
0
0
0
0
0
0
0
0
0
0
0
0
