0
0
-4.060472125043423e-08
0
0.006591456241026728
0
0
0.001058684118753223
0.0011153989329679974
0
0.030771217383443492
0.0016842586732853035
0.00137057829305749
0.0020238258923417074
0
0
0
0
0
0
0
0
0.016433784495660044
0.0003665792986040385
0.0008184562832837815
0
0
0
0
0
0
0.0005996676811278728
0
0
0.002187664668662891
0.003622877620507034
0
0.004184283269972891
0
0
0.0004924069294725616
0.0014324448930003088
0
0
0
0
0
0
0
0.0031502167678016738
0
0
0
0.0011220738239827585
0.006004588940214286
0
0
0.0046703321108553875
0
0
0.0018226441411528815
0.002731226324285855
0.002079411870089546
0.0005548314092892573
0.004051814362723069
0
0
0
0.000732853061368203
0.0006805874724053949
0
0
0
0.004643605733630009
0
0
0
0
0
0
0
0
0
0
0.0013116521922060917
0
0.002017546720554353
0
0
0
0
0
0
0
0.0026539348003197048
0
0
0.010397336493464157
0
0
0
0
0.0029594593678462593
0
0
0.009915929294804808
0.0009395731493432394
0.002530822691265248
0
0.00046741950821807733
0
0
0
0
0.0006638378095743131
0
0
0
0
0
0
0
0
0
0
0
0
0
0
0
0
0.00266664693548233
0
0
0
0
0
0
0.0004582727151795385
0
0
0
0
0
0
0
0
0
0.0007589798572334895
0
0
0
0
0
0
0.0005647033530114048
0
0.0007001306859458066
0
0
0
0.0006511754652430438
0
0
0
0.0016212087052946123
0.0008043407491115794
0
0
0
0
0
0
0.005605898048707687
0
0
0
0.005228636073546876
0
0
0
0.0012920760495414231
0
0.0012160725007552453
0
0
0
0
0
0.0009464921034556655
0
0.0033539188068612666
0
0
0
0.012595091706035035
0.00042142625348533133
0
0.001024141329578932
0
0.0006424251347021617
0.004739335293387714
0.005315947943103356
0.00965994534756415
0
0
0
0
0
0.0060093973491563285
0
0
0.003517387349858706
0
0
0
0.003931799228797652
0.000613490437545997
0.0036135512156128496
0.0041478475472293405
0.0003994468907944748
0
0.0011506378706937434
0
0
0
0.002644728524030806
0
0
0
0
0
0.003785968413822662
0
0
0
0
0
0
0
0
0.0017480010445209485
0
0
0
0
0.0011669401346020001
0
0
0.0010129597898033314
0
0
0.000813427321124003
0
0
0
0
0
0
0
0
0
0
0
0
0.0007400303063322956
0
0
0
0
0
0.0009274976712045675
0
0
0.0033543982594327927
0
0
0.0006281196571794707
0.002966193331640016
0
0.005297720087760022
0.0014050397215721298
0.0005323399207012952
0.0026576381049076806
0
0
0.0007136568845100664
0
0
0
0
0
0
0
0
0
0.0009177793860856694
0
0
0.001395362155219751
0
0.0008091797796896165
0
0
0
0.0005828811678021834
0
0
0
0
0.0042584527053028095
0
0
0
0.0007541946740986797
0.0014438044007711334
0
0.004512829751818173
0.0004791312581230381
0
0
0.0008411090772169799
0
0.00285766320066517
0
0
0.003627416115705997
0.0008222165247252688
0
0
0.0045738432204573305
0
0.0027402964803642884
0.0031908256338424733
0.0033541865198598456
0.00633716458835281
0.0018591181684381132
0
0.004344990815644255
0.0012487475252578456
0.0019674951474868987
0
0
0
0
0.0028777965392013196
0.004748731695549066
0
0
0
0
0.003533657888347569
0
0
0
0
0
0
0
0
0
0
0.0070386435994694695
0
0
0
0.0034393477655364074
0
0.0009846621789548718
0.0007414986733376504
0.0007183870392671754
0
0.0019731555079093165
0
0.00817751070590692
0
0
0
0.0019195192634495187
0
0
0.0012279881562991825
0.006430792737600274
0
0.0005472141555732549
0
0
0
0
0
0.0030517147169471844
0
0
0.003712423995271771
0
0
0
0
0
0
0.004721472650112885
0
0.0010136357310721153
0
0
0
0
0
0.0015733830230389549
0.0016368619383723862
0
0
0.0005311919803228143
0
0.002349138309622064
0
0
0
0
0
0.000767794398918307
0
0
0
0
0
0
0
0
0
0.0008575141681668618
0.0004582362635657937
0
0
0.001012486067056842
0.0009274976712045675
0
0
0
0.0012471182206559954
0
0
0
0
0.0004618790768585108
0.0016169618869009796
0
0
0
0
0
0.0010142118622993978
0.003920060654846116
0
0
0
0.012363889265667751
0
0
0
0.0010079216785354667
0.0008222165247252688
0
0
0.0018033117425343289
0.0006219751385679498
0
0
0
0.0008696092465207456
0
0
0
0
0.0025723170950401096
0
0.0008866769333800148
0.002516834913973722
0
0
0
0
0.0005782243560907651
0
0
0
0.001461967579520183
0
0
0
0
0
0
0
0.0029019328925647975
0
0
0.000750039477876125
0.0007459726968273321
0
0
0.0009077504208169478
0
0.00456136078982452
0.008106403790212132
0.0014281641876065668
0.0006574017975126563
0
0
0
0.004428428484737722
0
0.0008715398841328449
0.000410337875224508
0.003776238714349447
0
0
0
0
0.0012938693116117137
0
0
0
0
0
0
0.0016513247801896763
0
0.0018307461891821164
0.0016917768127000827
0.004566725409673466
0.015245829188071077
0.001484967778857512
0
0.0016710422988325186
0.0625263338393021
0.004172339449724465
0.0028981845160679447
0
0.0019099868078023639
0.0015171710603212856
0.0007850328120926453
0.0012064188817486692
0
0.0006487406361571436
0
0
0
0.0026883863635461074
0.0016854089133809833
0
0
0
0
0
0.0005289165784676312
0.0010127731590695416
0
0.000750039477876125
0.0015660922064147092
0
0.0014768470436194398
0
0.0028187194480297183
0.0019885754487918212
0
0
0
0
0
0
0
0.000725225842472439
0.0021499677077596925
0.006974656292233338
0.0010030543869240145
0.0026722190938804655
0.0007337945977474186
0.0035037332800590066
0.0008909244748144014
0
0
0.012289695954947184
0
0
0
0
0
0.0013959689424463341
0
0.0004941499857341342
0
0
0
0.0006150053582784933
0.00666609266331832
0
0.0037318508314076993
0
0.0010486222430870491
0.0007616909877747656
0.0026475365945116723
0
0
0.0020692027963318013
0
0.0011610771594434432
0.003914861825574509
0
0.0006533316855152227
0
0
0.0005114798405215621
0.0018651372444520337
0.0006841938340843672
0
0.0020313120015280637
0
0.002907176242637585
0.0016975813847075214
0.001626854642248006
0
0.002653499341305898
0.0007603621235843993
0
0
0
0
0
0.0018619953489447945
0
0
0
0
0
0.0005059562645346834
0.00444324411897098
0
0
0
0.001135446311857536
0.0008733117964355461
0.001857392899931991
0
0
0.006125301009795438
0
0
0.004601222466443302
0
0.0007119654442812853
0
0
0.0018534428657128866
0.0017204763572462624
0
0
0.001507502137749143
0
0.0006533316855152227
0
0.004880563926744018
0
0.002849186794763286
0
0
0.003107250258517178
0
0
0
0
0.0027300031295008657
0
0.0004538583966025795
0
0
0.0016049698997972182
0.006027193358716767
0
0.0020327648469786372
0
0.0014014318608863141
0
0.0006545748215949583
0.000736647359638985
0.0011797278338201375
0.0047029927786783506
0
0.0028423777388364574
0.0028638780628377587
0
0.0017892606695330189
0
0.00631382931227531
0
0.004404461099454013
0.0005122186566655946
0.0023366845962660182
0
0.0008804775305219962
0
0
0
0
0.0018589786809708483
0.0014901798656613713
0
0
0
0
0.0008784549561086673
0
0
0.0007069791223997299
0
0.0008575141681668618
0.000539205653564387
0
0
0.0020341406060672756
0
0.0013562058108109276
0.0009694984285274021
0
0.0019274789410806204
0.0005056699251575768
0
0.0011964031850276995
0
0.0016708064712727668
0.0006577185026364387
0.0006648221799826303
0.0005429939694414013
0
0.0008091797796896165
0.0006493464417307827
0.008811520715792805
0.000749014641648796
0.0008676979156081722
0.0037996237915113363
0
0.0011964031850276995
0.000742483889428756
0.0005173198000632235
0
0
0
0
0
0.0006834670974731786
0
0
0
0
0.005416076968295864
0
0.0017551079968544964
0
0
0
0
0
0
0
0
0.0007937196001905528
0
0
0.0020624963515134577
0.001979992854896394
0.0009368230083929144
0.003916597606503829
0.0005728632506225122
0.0006718584898302443
0
0
0
0.000989996427448197
0.0028947373006822695
0.0011539475277056372
0.0017689254002828567
0.004051969139301896
0
0.00062893587834221
0
0
0
0
0
0.005220367111018863
0.0021197082252592523
0
0.001669203689063273
0.0010170703030336378
0.0007009237638408394
0
0
0
0
0.0023869797038457226
0
0.004813143562308573
0
0
0.0005726600273195056
0
0
0
0
0
0
0.0020723269353561443
0.0011145040123251974
0.0018025229715363277
0.0005504415933965587
0.0008632749712954258
0
0.0008835520981350741
0
0.026580320452885487
0.0011336157104535334
0.0013438515550050485
0.0017691760875046052
0.0006886132563742858
0
0
0.0016520028611080987
0
0
0
0
0
0.0009569607216302667
0.020214107616380428
0
0
0.000981404639860539
0
0
0.0010079216785354667
0
0
0
0
0
0.0006150053582784933
0.0015322208201293682
0.002590407923223422
0.0021983532656273726
0
0
0
0
0
0.0009524633024004895
0
0
0
0
0
0
0
0.0004537493344036312
0
0
0.0014464744674844174
0
0
0.0005742918963443595
0
0
0
0
0
0.00149590453481907
0.000798956407183694
0
0
0.000566072075473719
0.0007214592534932956
0.0007136568845100664
0.0007505539640507641
0
0.0019363277971808565
0
0
0.0032620230547418727
0.0008920012748370038
0
0
0.004607825907662092
0
0
0
0
0
0
0.001412321141667961
0
0
0
0.0005194604952236853
0
0
0
0
0
0
0
0
0.0011539475277056372
0
0
0
0
0
0
0
0
0
0.00212093736719919
0
0
0
0
0
0.003159559041338038
0
0.001294468939965164
0.00430819891113534
0
0
0
0
0
0.0012356285771419242
0
0
0
0.0009290276701431461
0
0
0
0.000798956407183694
0.00046279140077912576
0
0.001584865029057962
0
0
0
0.0029504314607576233
0
0
0.007930021191916471
0
0
0.02618299286379833
0
0
0
0
0
0.0011414180794367625
0
0
0
0.0005046711020637989
0.00063786627339312
0
0
0
0
0
0
0
0
0
0
0
0
0.0016005766787848548
0
0
0
0
0.004415025984452351
0.01887548021438304
0
0
0.00090197561603933
0
0
0
0
0
0
0
0
0.0006137420919582192
0.004139592552672259
0.0019658333473733243
0.00546136265040762
0
0.0026576381049076806
0
0
0
0.000783657724524379
0
0
0.0011085720823177528
0
0
0
0.0075422121499320195
0
0
0
0
0.0008784549561086673
0.000748504276863651
0.0010748456990338161
0.0009223663160753266
0
0
0.00362805562372336
0
0.0008141445133293834
0.0021163128475191048
0
0
0.0020135780932095744
0
0
0.000726843595421181
0
0
0
0.0009089266183655674
0
0
0
0.0005794831849999502
0
0
0
0.0008222165247252688
0.0037884339987423895
0
0.0019587689150337884
0
0
0.0006763477828935496
0
0
0.0013742574648366224
0
0
0
0.0014713834003113394
0
0.0005419533235032836
0
0
0.0008757121999083454
0
0
0
0
0
0
0.003781533229234401
0
0
0.0018811102688230008
0
0
0
0
0
0
0
0.0014388899121922875
0
0
0.0005165610396444714
0.0015600340289529267
0.0007405185096589578
0.0003427664586331883
0
0
0.0007286726189334422
0
0.0009113009532276769
0
0.002001416861354052
0
0.0012097699877166288
0.0004854606940527968
0.0009771498435666413
0
0.0014629840558179888
0.0008214684552831558
0
0
0
0.0011828520088032698
0
0
0
0.0008887889051282154
0.0023418570118370137
0
0
0
0
0
0
0
0
0
0
0
0
0
0
0
0
0
0
0
0
0
0
0.0005038191028886233
0
0
0
0
0
0
0.002128368069402461
0
0
0
0
0
0
0.0038028083874763413
0
0
0
0
0.0009354626361129329
0
0
0
0.0006087709015004366
0
0
0
0
0.0005075388452611003
0
0.0008521799196735368
0
0
0
0
0.002051490361114291
0
0
0
0
0
0.001541268887440494
0.003328988455735544
0
0
0
0.0008229675335440552
0
0
0
0.0014675891954948372
0
0
0
0.002051132870046952
0
0.0009506194671140231
0
0
0
0
0
0.0008794635679398682
0.004926080192236563
0
0.0008658055090747795
0
0
0.00220700180874656
0
0
0
0
0
0
0
0.0007376078214514224
0
0
0
0
0.003284290481767485
0
0.0006912392456486176
0
0.0003347616572859256
0
0
0
0
0
0
0.0006499541735574989
0
0
0
0
0
0
0
0
0
0.0167920454743864
0.0005971114770901708
0.0017920273552163657
0
0
0
0.004863626115883837
0
0
0
0
0.002019685841898194
0
0
0
0
0
0.0015062947511925331
0
0
0.0004119957255962163
0.0022472118845079775
0
0.0006691473592889682
0
0
0
0.0012340882271855017
0.0011148789637990474
0.0006129881205723216
0
0
0
0.0013576189843129635
0
0.005230937070005745
0
0.0012320440351646317
0.0012861585475200548
0.0006478355129259062
0.0021818976391048714
0
0.0010463739575840066
0.0018819207205415483
0
0
0
0
0
0
0.0008754606677400893
0
0
0
0
0
0
0.0007611456764249173
0
0.001099439321065386
0.0006931372900298487
0.0018226441411528815
0
0
0
0
0.00063085406001801
0
0.0006908618881746655
0
0
0
0.0011019806878087373
0
0
0
0
0
0
0
0
0
0
0
0.0015344395215646863
0.001118906031337301
0
0.0003929125336460879
0.0008599870831038771
0
0
0
0
0
0
0
0
0
0
0
0
0
0
0
0
0
0
0
0
0
0
0
0
0
0
0
0.002971913633835017
0
0
0
0
0
0
0
0
0.0009249147738103162
0.0007505539640507641
0.0005828811678021834
0.0006487406361571436
0
0
0
0
0
0
0
0
0.00046555479588142513
0
0.000770634443720247
0
0.0005678463878406053
0.0002874308905958443
0
0.001099439321065386
0
0.0006969908781969634
0.0010562209107792212
0
0.004547550462680456
0
0
0
0
0
0
0
0
0
0.0014018475276816789
0.0008252384295468748
0
0.0008063996361494064
0
0
0.000553724467014871
0
0.0008330090728269072
0
0
0
0.0016073187053468221
0.0005518936915376024
0
0
0
0
0
0
0
0
0.0010535869767268162
0
0
0
0.0020094646355033547
0.0007943664079092533
0
0.0043231853523025355
0
0
0
0
0
0
0
0
0
0
0.0012444372882923986
0
0
0
0.0006439620998028973
0
0
0
0
0
0
0
0
0
0
0
0
0
0.0012130337998957478
0
0.0035710998813741728
0
0
0
0
0
0
0
0.0008386428301153157
0
0.0019042474795589914
0.002409452110791931
0
0.006507594915751216
0
0
0
0
0
0.0019693243579097437
0
0.0008077846530685133
0
0
0.0007132326190784317
0
0.0017899510904417371
0.0017430797682656898
0
0
0
0
0.0024445932204901436
0
0
0
0
0
0
0
0
0
0
0
0
0.001682764525724599
0.010222309753923417
0
0.0045624963687889925
0
0.0010299604560908878
0
0
0
0
0
0
0
0
0
0
0.0008170405005275106
0.0006958266218144324
0
0
0
0
0
0.00276709894822598
0
0
0.0008098811804711459
0
0
0
0
0.03603596891900211
0
0
0.0008252384295468748
0
0
0.0007459726968273321
0
0
0
0
0
0
0.0008016296185703033
0
0.0022657432286096687
0
0
0
0
0.0006316820678045419
0
0
0
0
0.0034593522694546324
0
0
0
0
0
0
0
0
0.0007136568845100664
0.0044705382229088585
0
0
0
0
0
0
0
0
0
0.0008530586867317609
0
0
0.003122476015782685
0
0
0
0
0.0008611548782147774
0
0
0.0008504344144053271
0
0
0
0
0
0
0
0
0
0.0008252384295468748
0
0
0
0
0
0.003876340807678063
0.0015819231539123378
0
0
0
0
0.0039501209495250295
0
0
0
0
0.0005839555466765011
0
0
0
0
0
0
0
0
0.001891736557887753
0
0.000926201859471888
0
0.000940963202731825
0.0035766929882244027
0
0
0
0
0
0
0
0
0
0
0
0.0007037257417480804
0.0015052517410039995
0
0.0021271229125713214
0
0
0.0014066458709810366
0
0.0006916173496264665
0
0
0
0
0
0
0
0
0
0
0
0
0
0
0
0
0
0
0
0
0
0
0
0
0.0019357709898354372
0
0
0
0
0
0
0.006288118533669858
0
0
0
0.0025917949675359087
0
0
0.0023145721807696497
0.0007552477428698894
0
0.0007314493965639678
0
0
0.0008290842634917183
0
0
0
0
0
0.0011368830091190087
0
0
0
0
0
0
0
0
0
0.00221122754898964
0
0.0015952673851454561
0
0.003422877972094175
0
0
0.000988201752304879
0
0
0.0004892301555360095
0.002225971939734954
0
0
0
0
0
0
0
0
0
0.0008909244748144014
0
0
0.002290884098169333
0
0
0
0
0
0
0
0
0
0
0
0
0
0
0
0
0
0
0
0
0
0.002122169149617934
0
0
0
0
0
0
0
0
0
0
0
0
0
0
0
0
0
0
0.0017441613348907184
0
0
0
0
0
0
0
0.0007746827659831383
0
0
0
0
0
0
0
0
0
0.001171545935744787
0
0
0
0
0
0.0007800170144764634
0.00150007895575225
0
0
0
0
0.0020300079928775904
0
0.0007633363192993452
0
0
0
0.0022594421267888
0
0
0.0010011334511721983
0
0
0
0
0
0.0006451455803548699
0
0
0
0.00112707582686833
0.0008548284354727389
0.0012035697033638906
0
0
0
0
0.0008207233022985117
0
0
0
0
0
0
0
0
0
0
0.004054192477225488
0.014430861295557705
0
0
0
0
0
0
0
0
0
0
0
0
0
0
0
0
0.0005608458759949947
0
0
0
0
0
0
0.0009569607216302667
0
0
0
0
0.0006137420919582192
0.0031321844128294183
0
0
0
0
0
0
0
0
0.0016282890266587668
0
0
0
0.0004811339640529931
0
0
0
0
0
0
0
0
0.0008084809434504898
0.0009973485453434177
0
0
0
0
0
0
0
0
0
0
0
0
0
0
0
0.001856538120167908
0
0
0
0
0.0015823080764009298
0
0.0056752096736632585
0
0
0
0
0.0027484199514171423
0
0.0030599837501128703
0
0
0
0.02138888608872332
0
0
0
0.0009031167030015821
0
0
0
0.0026475652114723806
0.001313539914545764
0
0
0
0
0
0
0
0
0.0010776773285799057
0
0
0
0
0
0
0
0
0
0
0.0020341406060672756
0
0.00127573254678624
0
0
0.0014131388168395014
0.0007029209763550483
0.0007469813086585331
0
0.0007214592534932956
0
0
0
0
0
0
0
0
0
0
0
0.0012826515229497027
0
0
0
0.0011572860903848248
0
0
0
0
0
0
0
0
0
0.004243523528907448
0
0
0
0
0
0
0
0
0
0
0
0
0
0
0
0
0
0.05048989661763607
0
0
0
0.0034482122995917043
0.0011119550290110633
0
0
0
0
0
0.001584865029057962
0
0
0
0
0
0
0
0.0008098811804711459
0
0
0.0009509873761592985
0
0
0
0
0
0
0
0.0006520965826811075
0.0007717823840987278
0
0
0
0
0
0
0
0
0
0
0
0
0
0.0036229082889875914
0
0
0
0
0
0
0
0
0
0
0
0
0
0
0
0
0
0
0
0
0
0
0
0.004396837600256294
0.0014281641876065668
0
0
0
0.0007982939056591363
0
0.002324048297949415
0
0
0
0
0
0
0
0
0
0
0
0
0.0012994223938833352
0
0
0
0
0.10243690809923567
0
0.0006524046109483746
0
0
0
0
0
0
0
0
0
0
0
0
0
0
0
0
0.0007672314191343321
0.0013288854443090346
0
0
0
0
0
0
0
0.0006222382239480575
0.0015835844148051783
0
0
0
0
0
0.0028328542419226287
0
0
0
0
0
0
0
0
0
0
0
0
0
0
0
0
0
0
0
0
0.005959875376495607
0
0
0
0
0
0.0009395731493432394
0
0
0
0
0
0
0
0
0
0
0.0008715398841328449
0.0019293997924022521
0
0
0
0.0010234067340957366
0
0
0.0005552018192859467
0
0
0
0.001058684118753223
0
0.002259661609249506
0.0027926490800213193
0
0
0
0
0
0
0
0
0
0
0
0
0
0
0
0
0
0
0
0.0008444477035626205
0
0
0
0
0
0
0
0
0
0
0
0
0
0
0
0
0
0
0
0
0
0
0
0
0.0008419382824154889
0
0
0.002592700585240305
0
0
0
0
0
0
0
0
0
0
0.0017994273568313346
0
0
0
0
0
0
0
0
0
0
0
0
0
0
0
0
0
0
0
0
0
0
0
0
0
0
0
0
0
0
0.0007963200688556482
0
0
0
0.000991808113983851
0
0
0
0
0
0
0.001025566435023476
0
0
0
0
0
0
0
0
0
0
0
0.0009341118778516384
0.0009173691295110448
0
0
0
0
0
0
0
0
0
0
0
0
0
0
0
0
0
0
0
0.0014367740785343507
0
0
0.00112707582686833
0
0
0
0.0008557194930235438
0
0
0
0
0
0
0
0
0
0
0
0
0
0
0
0
0
0
0
0.0007319161403819249
0
0
0
0.0012905309535861463
0
0.0008338037995372787
0
0.0008877300021512246
0
0
0
0
0
0
0
0
0
0
0
0
0
0
0
0
0
0
0.0012073279583151512
0
0
0.0017817204061231114
0
0
0
0
0
0
0
0.0006638378095743131
0
0
0
0
0.001987274274992225
0
0
0
0.0008530586867317609
0
0
0
0
0
0
0
0
0
0
0
0
0
0
0
0
0
0
0
0
0
0
0
0
0
0.0007579060819459851
0
0
0
0.0006886132563742858
0
0.001690583105217411
0
0
0
0
0
0
0
0
0
0
0
0.0008177714058100802
0
0
0
0
0
0
0
0
0
0
0.0011811045023683844
0
0
0
0
0
0.001034457875320665
0
0
0
0.0013604611014718007
0
0
0
0.0008941732470561007
0.002498489726239612
0
0
0
0
0
0.00336050181425213
0
0.0009113009532276769
0
0
0.0011860692360081513
0
0.0009694984285274021
0.0016956913727297074
0
0
0
0
0
0
0
0
0.0008237215049299528
0
0
0.0013369510862738675
0.0011951474116972686
0
0
0
0
0
0
0.0013336125235946798
0
0
0
0
0
0
0
0
0
0
0.004653755259878411
0
0
0
0
0
0
0
0
0
0
0
0
0
0
0
0
0
0
0
0
0
0
0
0
0
0
0
0
0.000921104717445481
0
0
0
0
0
0
0
0
0
0
0.0014350365164656678
0
0
0
0
0
0
0
0
0
0
0
0
0.001191166378034558
0
0
0
0
0.0008611548782147774
0
0
0
0
0
0
0
0
0
0
0
0
0
0
0
0
0
0
0.001258417456986861
0
0
0
0
0
0
0
0
0
0
0
0
0
0.00397833313599385
0
0
0
0
0
0
0
0
0
0
0.0007449693795708062
0
0.0006487406361571436
0
0
0
0
0
0
0
0.002437830466254322
0
0
0
0
0
0
0.0008427711007199529
0
0
0.009302908900430873
0
0
0
0.0009065814171821167
0
0
0
0.0011261193967774476
0
0.0023338802692040002
0
0
0
0
0
0
0
0
0
0.001191166378034558
0
0
0
0
0
0
0
0
0
0
0
0
0
0
0
0.0016805669078190839
0
0
0
0
0
0
0
0
0
0
0
0
0
0
0
0
0.013600436382014938
0.0010030543869240145
0.0008411090772169799
0
0.005551524817665966
0.0008298628042768168
0
0
0.0008856296348776016
0
0
0
0.001137477084176301
0
0.0008050245834670617
0
0.0015759895358997023
0.013184134523818955
0
0.0022379180904819962
0
0
0
0
0.0010170703030336378
0
0
0.0009600188908478586
0
0
0.0013769195475737336
0
0
0
0
0
0
0
0
0
0
0.0014333068166956795
0
0.0011964031850276995
0
0
0
0
0
0
0.0008290842634917183
0
0.0017549032777042827
0
0
0
0
0
0.0007263890613223722
0
0
0
0
0
0
0
0
0
0
0.0056657084838452575
0.0016756555383703649
0
0
0
0
0
0
0
0
0
0
0
0
0
0
0
0
0
0
0
0
0
0
0
0
0.03035722979948522
0
0
0
0
0
0
0
0
0
0
0
0
0
0
0
0
0
0
0
0
0
0
0
0
0
0
0
0
0
0
0
0
0
0.0034718582711544747
0
0
0
0
0
0
0
0
0
0
0
0.0028495476124143723
0
0
0.0009760898230364177
0.0016581685269834365
0
0
0
0
0.0008648662860620826
0
0
0
0
0
0
0
0
0
0
0
0
0
0
0
0.0009495227598088458
0
0
0
0
0
0
0
0
0
0
0
0
0
0
0
0
0
0
0
0
0.0010486222430870491
0
0.0005833101949149173
0
0.001231250577381284
0.0013647642950974255
0.0007541946740986797
0
0
0
0
0
0
0
0
0
0
0
0
0.0009973485453434177
0
0
0
0
0
0
0
0
0
0
0
0.0014781152497030197
0.0008725125656136307
0
0
0
0
0
0
0
0.0008306445292866649
0
0
0
0
0
0
0
0
0
0
0
0
0
0
0
0
0
0.0032372817594141143
0
0
0
0
0
0
0
0
0
0
0
0
0
0
0
0
0
0
0
0
0
0
0
0
0
0
0.0037841915271719746
0
0
0
0
0
0
0.006595677552313828
0
0
0
0
0
0
0
0
0
0
0
0
0
0
0
0.000792432514528981
0
0
0
0
0
0
0
0
0
0
0
0
0
0.005610369119913792
0
0
0
0
0.0013735187921489105
0
0
0
0.0007638879257384
0
0
0
0
0
0
0
0
0
0.0008043407491115794
0
0
0.000577598037130078
0
0
0
0
0
0
0
0
0
0
0
0
0
0
0
0
0
0
0
0
0
0
0
0
0
0
0
0
0
0
0
0
0
0
0
0
0
0
0
0
0
0
0
0
0
0
0
0
0
0
0
0
0
0
0
0
0
0
0
0.0012905309535861463
0
0
0
0
0
0
0
0
0
0
0.0023338802692040002
0
0
0
0
0
0
0.0009113009532276769
0
0
0
0
0
0
0
0
0
0
0
0
0
0
0.0034483039826113636
0
0
0
0.006054064002434578
0
0
0
0
0
0.0008676979156081722
0
0
0
0
0
0
0
0
0
0
0
0
0
0
0.0009236362974817999
0
0
0
0.0031936264640487805
0
0
0
0
0
0
0
0
0
0
0
0
0
0
0
0
0
0
0
0
0
0
0.0006834670974731786
0
0
0
0
0
0.002046813468191473
0
0
0
0.0020383183853227
0
0
0
0.0009760898230364177
0
0
0
0
0
0.00285974144335433
0
0.0018488310888783335
0
0
0
0
0.0020406916522077013
0
0
0
0
0
0
0
0
0
0
0
0
0.0016872151275101651
0
0
0
0
0
0
0
0
0
0
0
0.0008825217371574601
0.003412431252528903
0
0
0
0
0
0.0017043598393470735
0
0
0
0
0
0
0
0
0
0
0.0012786002496347857
0.0010925011501291936
0
0
0
0
0.0006466353111895066
0
0
0
0
0
0
0
0
0
0
0
0
0
0
0
0
0
0
0
0
0
0
0
0
0
0
0
0
0
0
0
0
0
0
0
0
0
0.001191166378034558
0
0
0
0
0
0
0
0
0
0
0
0
0
0
0
0
0
0
0
0
0
0
0
0
0
0
0
0
0
0
0
0
0.0005773897193999507
0
0
0
0
0
0
0
0
0
0
0
0
0.0037472920335716578
0
0
0
0.0009569607216302667
0
0
0
0
0
0
0
0
0
0
0
0
0
0
0
0
0
0
0
0
0
0
0
0
0
0
0
0
0
0.001043783212509012
0
0
0
0
0
0
0
0
0
0
0
0
0
0
0
0
0
0
0
0
0
0.0009137051547198139
0
0
0
0
0
0
0
0
0
0
0
0
0
0
0
0
0
0
0
0
0
0
0
0
0
0
0
0
0
0
0
0
0
0
0
0
0
0
0
0
0
0
0
0
0
0
0
0
0
0
0
0
0
0
0
0
0
0
0
0
0
0
0
0
0.0010612845874183184
0
0
0
0
0
0
0
0
0
0
0
0
0
0
0
0
0.002159092981176605
0
0
0
0
0
0
0
0
0
0
0
0
0
0.0008050245834670617
0
0
0
0
0
0
0
0
0
0.0008548284354727389
0
0
0
0
0
0
0
0
0
0
0
0
0
0
0
0.0009137051547198139
0
0
0
0
0
0
0
0
0
0
0
0
0
0
0
0
0.0023525309435806943
0
0
0
0
0
0
0
0.0016756555383703649
0.001034457875320665
0
0
0
0
0
0
0
0
0
0
0
0
0
0
0.00090197561603933
0
0
0
0
0
0.0008845880437523026
0
0
0
0
0
0
0
0.0011261193967774476
0
0
0
0
0.0007371269872394104
0
0
0
0
0
0
0
0
0
0
0
0
0.0005472141555732549
0
0
0
0
0
0.0010109372153900024
0
0
0
0
0
0
0.0010234067340957366
0
0
0
0
0.0009223663160753266
0
0
0.002733902859683031
0
0
0
0
0
0
0
0
0
0.000921104717445481
0.000889853707316567
0
0
0
0.0018628773329300583
0
0
0
0
0
0.003984878760846273
0
0
0
0
0
0
0.006696129353968536
0
0
0
0
0
0
0
0.0027817604280981215
0
0
0.0012377302317535472
0
0
0.0010956090478493352
0
0
0
0
0
0
0
0
0
0
0
0
0
0
0
0
0
0
0
0
0
0
0
0
0
0
0
0
0
0
0
0
0
0
0
0
0
0
0
0
0
0
0.000938193132528735
0
0
0
0
0
0
0.0009662860588186138
0
0
0
0
0
0
0
0
0.001118906031337301
0
0
0
0
0
0
0.0039732502509970714
0
0
0
0
0
0.0010170703030336378
0
0
0
0
0
0
0
0
0
0
0
0
0
0
0
0.0008856296348776016
0.0011454420490846664
0
0
0
0
0
0
0
0
0
0.0008997136784156673
0
0
0
0
0
0
0
0
0
0
0
0
0
0
0.004322206162457651
0
0
0
0
0
0
0
0
0.004478858024585558
0
0
0.0008036593526734111
0
0
0
0
0
0
0
0
0
0
0
0
0
0
0.003968598000952764
0
0
0
0
0
0
0
0
0
0
0
0
0
0
0
0
0
0
0
0
0
0
0
0.0009662860588186138
0
0
0.0009236362974817999
0
0
0
0
0.0011336157104535334
0
0
0
0
0.001171545935744787
0
0
0
0
0
0
0
0
0
0
0
0
0
0
0
0
0
0
0
0.0007454703798536567
0.001231250577381284
0
0.0010805515406144127
0
0
0
0
0
0
0
0
0
0
0
0
0
0
0.0011224786867295319
0
0
0
0.0009600188908478586
0
0.012887005293192656
0
0
0
0
0
0
0
0
0
0
0
0
0
0.0006020215470663387
0
0
0
0
0
0
0
0
0
0
0
0
0
0
0
0
0
0
0.0010894429809116019
0
0
0
0
0.0008452915526087055
0
0
0
0
0
0
0
0
0
0
0
0
0
0
0
0
0
0
0
0
0
0
0
0
0
0
0
0
0
0
0.0007547204832293927
0
0
0
0
0
0
0
0
0
0
0.0077881869394634175
0
0.0008866769333800148
0
0
0
0
0
0
0
0
0
0
0
0
0
0
0
0
0
0
0
0
0
0
0
0
0
0
0
0
0
0
0
0
0
0
0
0
0
0
0
0.0014694815904336199
0.00180395123207866
0
0
0
0
0
0
0
0
0
0
0
0
0
0.016605406036211277
0.0009992316295259506
0
0
0.0008478456863648537
0
0
0
0
0
0
0.001731611018149559
0
0
0
0
0
0
0
0
0
0
0
0
0.0030599837501128703
0
0
0
0
0.0008794635679398682
0
0
0.001979992854896394
0
0
0
0
0
0
0
0
0
0
0
0
0
0
0
0
0
0
0
0
0
0.0017008688288106541
0
0.0010299604560908878
0.0013072834246894165
0.007313491398762966
0.0008584178648786251
0.010119076599828405
0.0050344066242351306
0.00551158392660179
0.0027027949848169924
0.0009480692813330776
0
0
0
0
0
0
0
0
0
0
0
0
0
0
0
0
0
0
0
0
0
0
0
0
0
0
0
0.0037364475114065538
0
0
0
0
0
0
0
0
0
0
0
0
0
0.007048192956460967
0
0
0
0
0
0
0
0
0.003224537097101449
0
0
0
0
0
0
0
0
0
0
0
0
0
0.0008043407491115794
0
0
0
0
0
0
0
0
0
0
0
0
0
0
0
0
0
0
0.0008593258547025162
0
0
0
0
0
0
0
0
0
0
0
0
0
0
0
0
0
0
0
0
0
0
0
0
0
0
0
0
0
0
0
0
0
0
0
0
0
0
0
0
0
0
0
0
0
0
0
0
0
0
0
0
0
0
0.001637010233755927
0
0
0
0
0
0
0
0
0
0
0
0
0
0
0
0
0
0
0
0
0
0
0
0
0
0
0
0
0
0
0
0
0
0
0
0
0.0009973485453434177
0
0.0011261193967774476
0
0
0
0
0
0
0
0
0
0
0
0
0
0
0
0
0
0
0
0
0
0
0
0
0
0
0
0
0
0
0.0008602381786231312
0
0.0008050245834670617
0
0
0
0
0
0
0
0
0
0
0.001218915233127161
0
0
0
0
0
0
0.0006704981175502626
0
0
0
0
0
0
0
0
0
0
0
0
0
0
0
0
0
0
0
0.004343255959454315
0
0
0
0
0
0
0.0008177714058100802
0
0
0
0
0
0
0
0
0
0
0
0
0
0
0
0
0
0.0011811045023683844
0
0
0
0
0
0
0
0
0
0
0
0
0.0007616909877747656
0
0
0
0
0
0
0
0.0008354032356363834
0
0
0
0
0
0
0
0.0009864237720559658
0
0
0
0
0
0
0
0
0
0
0
0
0
0
0
0
0
0
0
0
0
0
0
0
0
0
0
0
0
0
0
0
0
0
0
0
0
0
0
0
0
0
0
0
0
0
0
0
0
0
0
0.0006658116463778011
0
0
0
0
0
0
0
0
0
0
0
0
0
0.001137477084176301
0
0
0
0
0
0
0
0.00583470067301
0
0
0
0
0
0
0
0
0
0
0
0
0
0
0
0
0
0
0
0
0
0
0
0
0
0
0
0
0
0
0
0
0.007263890613223722
0
0
0
0
0
0
0
0
0
0
0
0
0.002180530786263543
0
0
0
0
0
0
0
0
0
0
0
0
0.0018498295476206323
0
0
0
0
0
0
0
0.000790517992693455
0
0
0
0
0
0
0
0
0.0009554497928253903
0
0
0
0
0
0
0
0
0
0
0
0.008408852415975995
0
0
0.0016169618869009796
0
0.0016504768590937496
0
0
0
0.0015104954857397788
0
0
0
0
0
0
0
0
0
0
0
0
0
0
0
0
0
0
0
0
0
0
0
0
0
0
0
0
0
0
0
0
0
0
0
0
0.0026371029905789727
0
0
0
0
0
0
0
0
0
0
0
0
0
0
0
0
0
0
0
0
0.0007735173264058986
0
0.0007717823840987278
0
0
0
0.0011580486943048112
0
0
0
0
0
0
0
0.005750902139012307
0
0
0
0
0
0
0
0
0
0
0
0
0
0
0
0
0
0.0012586016560587826
0
0
0
0
0
0
0
0
0
0
0
0
0
0
0
0
0
0
0
0
0
0
0
0
0
0
0.0012994223938833352
0
0.0017204763572462624
0
0
0
0
0
0
0
0
0
0
0
0.0009973485453434177
0
0
0.002943560895188474
0
0
0
0
0
0
0
0
0
0
0.0008155870220517424
0
0
0
0
0
0
0
0
0.0009539507145644908
0
0
0
0
0
0
0
0
0
0.0010720554086245744
0
0
0
0
0
0.000727299213034957
0
0.001171545935744787
0
0
0
0
0
0
0
0
0
0
0
0
0
0
0
0
0
0
0
0
0
0
0
0
0
0
0
0
0
0
0
0
0
0
0
0
0
0.0008784549561086673
0
0
0
0
0
0
0
0
0
0
0
0
0
0
0
0
0.000930115951854063
0
0
0
0
0
0
0
0.002046813468191473
0
0
0
0.0010510884901887136
0
0
0
0
0
0
0
0
0
0
0
0
0
0
0
0
0
0
0
0
0
0
0
0
0
0
0
0
0
0
0
0
0
0
0
0
0
0
0
0
0
0
0
0
0
0
0
0
0
0
0
0
0
0
0
0
0
0
0
0
0
0
0
0
0
0
0
0
0
0
0
0
0
0
0
0.0016974094115629792
0
0
0
0
0
0
0
0
0
0
0
0
0
0
0
0
0
0
0
0
0
0
0
0
0
0
0
0
0
0
0
0
0
0
0
0
0
0
0
0
0
0
0
0
0
0
0
0
0
0
0
0
0
0
0
0
0
0.0021985591841046093
0
0
0.0010693052676742495
0
0
0
0
0
0
0
0
0
0
0
0
0
0
0
0
0
0
0
0
0
0
0
0
0
0
0
0
0
0
0
0
0
0
0
0
0
0
0
0
0
0
0
0
0
0
0
0.0027747443214309487
0
0
0
0
0
0
0
0
0
0
0
0
0
0
0
0
0
0
0
0
0
0
0
0
0
0
0
0
0
0
0
0
0
0
0.001129830804624753
0
0
0
0
0
0
0
0
0
0
0
0
0
0
0
0
0
0
0.0042875708408343085
0
0
0
0
0
0.0007053455099038472
0
0
0
0
0
0
0
0
0
0
0
0
0
0
0
0
0
0
0
0
0
0
0
0
0
0
0
0
0
0
0
0
0
0
0
0
0
0
0
0
0
0.0011454420490846664
0
0
0
0
0
0
0
0
0
0
0
0
0
0
0
0
0
0
0
0
0
0
0
0
0
0
0
0
0
0
0
0
0
0
0
0
0
0
0
0
0
0
0
0
0
0
0
0
0
0
0
0.009367428047348055
0
0
0
0
0
0
0
0
0
0
0
0
0
0
0
0.0026924345904286583
0
0
0
0
0
0
0
0
0
0
0
0
0
0
0
0
0
0
0
0
0
0
0
0
0
0
0
0
0
0
0
0
0
0
0.0034017376576213083
0
0
0
0
0
0
0
0
0
0
0
0
0
0
0
0
0
0
0
0
0
0
0
0.0028023356335549155
0.0021553546571598113
0
0
0
0
0
0
0
0
0
0
0
0
0
0
0.002166939270881267
0
0
0
0
0
0.0011224786867295319
0
0
0
0
0
0
0
0
0
0
0
0
0
0
0
0
0
0
0
0
0
0
0
0
0
0
0
0
0
0
0.0006966020042103832
0
0
0
0
0
0
0
0
0
0
0
0
0
0
0.003621678079985055
0
0
0
0
0
0
0
0
0
0
0
0
0
0
0
0
0
0
0
0
0
0
0
0
0
0
0
0
0
0.0008539415127746307
0
0
0
0
0
0
0
0
0
0
0
0
0
0
0
0
0
0
0
0
0
0
0
0
0
0.0021278418514927284
0
0
0
0
0
0
0
0
0
0
0
0
0
0
0
0
0
0
0
0
0
0
0
0
0
0
0
0
0
0
0
0
0
0
0
0
0
0
0
0
0
0
0
0
0
0
0
0
0
0
0.0007342671109632804
0
0
0
0
0
0
0
0
0
0
0
0
0
0
0
0
0
0
0
0
0
0
0
0
0
0
0
0
0
0
0
0
0
0
0
0.0011019806878087373
0
0
0.005943827267670034
0
0
0
0
0
0
0
0
0.0011669401346020001
0
0
0
0
0
0
0.0012017875269555848
0
0
0
0
0
0
0
0
0
0
0
0
0
0
0
0
0
0
0
0
0
0
0
0
0
0
0
0
0
0
0
0
0
0
0
0
0
0
0
0
0
0
0
0
0
0
0
0
0
0
0
0
0
0
0
0
0
0
0
0
0
0.0010748456990338161
0
0
0
0
0
0
0
0
0
0
0
0
0
0
0
0
0
0
0
0
0
0.0010129597898033314
0
0
0
0
0
0
0
0
0
0
0
0
0
0
0
0
0
0
0
0
0
0
0
0
0
0
0
0
0
0.0009811869650628246
0
0
0
0
0
0
0
0
0
0
0
0
0
0
0
0
0
0
0
0
0
0.00360790246415732
0
0
0
0
0
0
0
0
0
0
0.001282034821596308
0
0
0
0
0
0
0
0
0
0
0
0.001171545935744787
0
0
0
0.0009554497928253903
0
0
0
0
0
0
0
0.0010030543869240145
0
0
0
0
0
0
0
0
0
0.0012377302317535472
0
0
0
0
0
0
0
0.0011762654717903471
0
0
0
0.006686805676128788
0
0
0
0
0
0
0
0
0
0
0
0
0
0
0.003277503450387581
0
0.0013087477310716822
0
0
0
0
0
0
0
0
0
0
0
0.00397454854998445
0
0.0030832524563454413
0
0
0
0
0
0
0
0
0
0
0
0
0
0
0
0
0
0.0009423634397524811
0
0
0.0009089266183655674
0
0
0
0
0
0
0
0
0
0.0010321959376970024
0
0
0
0
0
0
0
0
0
0
0
0
0
0
0
0
0
0
0
0
0
0
0
0
0
0
0
0
0
0
0
0
0
0
0
0
0
0
0
0
0
0
0
0
0
0
0
0
0
0
0
0
0
0
0
0
0
0
0
0
0
0
0
0
0
0
0
0
0
0
0
0
0
0
0
0
0
0.0021611030812288255
0
0
0
0
0
0
0.0027303302967526207
0
0
0
0
0
0
0
0
0
0
0
0
0
0
0
0
0
0
0
0
0
0
0
0
0
0
0
0
0
0
0
0
0
0.0012994223938833352
0
0
0
0.002632354916556424
0
0
0
0
0
0
0
0
0
0
0
0
0
0
0
0
0
0
0
0
0
0
0
0
0
0
0
0
0
0
0
0
0
0
0
0
0
0
0
0
0
0
0
0
0
0
0
0
0
0
0
0
0
0
0
0
0
0
0
0
0
0
0
0
0
0
0
0
0
0
0
0
0
0
0
0.0012377302317535472
0
0
0
0
0
0
0
0
0
0
0
0
0
0
0
0
0
0
0
0
0
0
0
0
0
0
0
0
0.001046187414001149
0
0
0
0
0
0
0
0
0
0
0
0
0
0
0
0
0
0
0
0
0
0
0
0
0
0
0.0007410079631875652
0
0
0
0
0
0
0
0
0
0
0
0
0
0
0
0
0
0
0
0
0
0
0
0
0
0
0
0
0
0
0
0
0
0
0
0
0
0
0
0
0
0
0
0
0
0
0
0
0
0
0
0
0
0
0
0
0
0
0
0
0
0
0
0
0
0
0
0
0
0
0
0
0
0
0
0
0
0
0
0.0008744729058596531
0
0
0
0
0
0
0
0
0
0
0
0
0
0
0
0
0
0
0
0.002274954168352602
0
0
0
0
0
0
0
0.0011964031850276995
0
0
0.001979992854896394
0
0
0
0.0011537534236908855
0
0
0
0
0
0.0013910839153401177
0
0
0
0
0
0
0
0
0
0
0
0
0
0
0
0
0
0
0
0
0
0.0010321959376970024
0.0017241519913056818
0
0
0
0
0
0
0
0
0
0
0
0
0
0
0
0
0
0
0
0
0
0
0
0
0
0
0
0
0
0
0
0
0
0
0
0
0
0
0
0
0
0
0
0
0
0
0
0
0
0
0
0
0
0
0.008498924436181323
0
0
0
0
0
0
0
0
0
0.001129830804624753
0.009478670586775428
0
0
0
0
0
0
0
0
0
0
0
0
0
0
0
0
0
0
0
0
0
0
0
0
0
0
0
0.004487390984047763
0
0
0
0
0
0
0
0
0
0.001282034821596308
0
0
0.0006658116463778011
0
0
0
0
0
0
0
0
0
0
0
0
0
0
0
0
0
0
0
0
0
0
0
0
0
0
0
0
0
0
0
0
0
0
0
0
0
0
0
0
0
0
0
0
0
0
0
0
0
0
0
0
0
0
0
0
0
0
0
0
0
0
0
0
0
0
0
0
0
0
0
0
0
0
0
0
0
0
0
0
0
0
0
0
0
0
0
0
0
0
0
0
0
0
0
0
0
0
0
0
0
0
0
0
0
0
0
0
0
0
0
0
0
0
0
0
0
0
0
0
0
0
0
0
0
0
0.001162442715372223
0
0
0
0
0
0
0
0
0
0
0
0
0
0
0.0012586016560587826
0
0
0
0
0
0
0
0
0
0
0.0008338037995372787
0
0
0
0
0.0008909244748144014
0
0
0
0
0
0
0
0
0
0
0
0
0
0
0
0
0
0
0
0
0
0.0013288854443090346
0
0
0
0
0
0
0
0
0
0
0
0
0
0
0
0
0
0
0
0
0
0
0
0
0
0
0
0
0
0
0
0
0
0
0
0
0
0
0
0
0
0
0
0
0
0
0.0031458667292611478
0
0
0
0
0
0
0
0
0
0
0
0
0
0
0
0
0.009378671523175404
0
0
0.0038217991713015613
0
0
0.0009524633024004895
0.0010109372153900024
0
0
0
0
0
0
0
0
0
0
0
0
0
0
0
0
0
0
0
0
0
0
0
0
0
0
0.0167184419064657
0
0.005162123814344585
0
0
0
0
0
0
0
0
0
0
0.0010987683180999487
0
0
0
0
0
0
0
0
0
0
0.0027027949848169924
0
0
0
0
0
0
0
0
0
0
0
0
0
0
0
0
0
0.002564069643192616
0
0.0018274103094396278
0
0
0
0
0
0
0
0
0
0
0
0
0
0
0
0
0
0
0
0
0
0
0
0
0
0
0
0
0
0
0
0
0
0
0
0
0
0
0
0
0
0
0
0
0.0028800566725435757
0
0
0
0
0
0
0
0
0
0
0
0
0
0
0
0
0
0
0.0011336157104535334
0
0
0
0
0.0013398102175964865
0
0
0
0.0028893803657040005
0
0
0
0
0
0.0018736460167858289
0.0009249147738103162
0.003129799781258656
0
0
0
0.0024260675997914956
0
0
0
0
0.012333009825381765
0
0
0.024784551856327205
0
0
0
0
0.001948950198291624
0
0
0
0
0
0
0
0
0
0
0
0.01689179095166171
0.004322206162457651
0
0
0.017115984721781583
0
0
0
0.001218915233127161
0
0
0
0
0
0
0
0
0
0
0
0
0
0
0
0
0
0.008285823291152641
0.0013513974924084962
0
0
0
0
0
0
0
0
0
0
0
0
0
0
0
0
0
0
0
0
0
0.003693751732143852
0.008532406631890126
0
0
0
0
0.0010776773285799057
0
0.0012739003387180977
0
0
0.0009864237720559658
0
0
0
0
0
0
0
0
0
0
0
0
0
0.003026807460466283
0
0
0
0
0
0.005935519006759325
0.0012130337998957478
0
0
0
0
0
0.0007861239716260432
0
0.22700802168859988
0.07414970075716516
0
0
0
0
0
0
0
0.018903901385971412
0
0
0
0.002437830466254322
0
0
0
0
0
0
0.02531488676398979
0.016694958081682216
0
0
0
0
0
0
0
0
0
0
0
0
0
0.0038400755633914343
0
0
0.0010049948248949659
0.0020972444861740982
0
0
0
0.03570509210341864
0
0
0
0
0
0
0
0
0
0
0
0
0.0030832524563454413
0.002462501154762568
0.0012994223938833352
0.000988201752304879
0
0
0
0.017252706417036922
0
0
0
0
0
0
0
0
0.02227914417156385
0.0035723367029685633
0
0
0
0.005319604628731821
0
0
0
0
0
0
0
0.001976403504609758
0.0008185051168779635
0.002122569174836637
0.009372679898822123
0
0
0
0
0
0
0
0
0
0
0
0.001162442715372223
0
0
0
0
0
0
0
0
0
0.0011762654717903471
0
0
0
0
0
0
0
0
0
0
0
0
0
0
0
0
0
0
0
0.0040199792995798634
0
0
0
0
0
0
0
0
0.0019325721176372277
0.0009314386664650291
0
0
0.006555006900775162
0
0
0
0
0
0
0
0
0.008768206221542217
0
0.0066444272215451725
0
0
0
0
0
0
0
0
0
0
0
0
0
0
0
0
0
0
0
0
0
0
0
0.002679620435192973
0
0
0.0007282137195570015
0
0
0
0
0
0
0
0
0
0
0
0
0
0.005418700218009493
0
0
0
0
0
0
0
0
0
0
0
0
0
0
0
0
0
0.0012017875269555848
0
0
0.002727465673325238
0.005255442450943567
0
0
0
0
0.000770634443720247
0
0
0.0028023356335549155
0
0
0
0
0
0
0
0
0
0
0
0
0
0
0
0
0
0
0
0
0
0
0
0
0
0
0
0
0
0
0
0
0
0.001118906031337301
0
0
0
0
0
0
0
0
0
0
0
0
0
0
0
0
0
0
0
0
0.001105247972472212
0
0
0
0
0
0
0
0
0
0.0010129597898033314
0
0
0
0
0
0
0.0011495525623149729
0
0
0
0
0
0
0
0
0
0
0
0
0
0
0
0
0
0
0
0
0
0
0
0
0
0
0
0
0
0
0
0
0
0.0010956090478493352
0
0
0
0
0
0.0009288023281369834
0
0
0
0
0
0
0
0
0.0010776773285799057
0
0
0
0
0
0
0
0
0
0
0
0
0.0018811102688230008
0.0016581685269834365
0
0
0
0
0
0
0
0
0
0
0
0
0
0
0
0
0
0
0
0
0
0
0
0
0
0
0
0
0
0
0
0
0
0
0
0
0
0
0
0
0
0
0
0
0
0
0
0
0
0
0.0016872151275101651
0
0
0.0023338802692040002
0
0
0
0
0
0
0
0
0
0
0
0
0
0
0
0
0.0019946970906868353
0
0
0
0
0
0
0
0
0
0
0
0
0
0
0
0.002449966818821058
0
0
0
0
0
0.005234990924286729
0
0
0
0
0
0
0
0
0
0
0
0
0
0
0
0
0
0
0
0.0025478006774361955
0
0
0
0.001218915233127161
0
0
0
0
0
0
0
0
0
0
0
0
0
0
0.0011414180794367625
0.0013398102175964865
0
0
0
0
0
0
0
0
0
0
0.003904359292145671
0.0018131628343642334
0.0040518391592133255
0
0
0
0
0
0
0
0
0
0
0
0.014687800460121787
0
0
0
0
0
0
0.0023525309435806943
0
0
0
0
0
0
0
0
0
0
0
0
0
0
0
0
0
0
0.0026174954621433644
0
0
0
0
0
0
0
0
0
0
0
0
0
0
0
0
0
0.0009694984285274021
0
0.0028127651959988656
0
0
0
0
0
0
0
0
0
0
0
0
0
0
0
0
0
0
0
0
0
0
0
0
0
0
0
0
0
0
0
0
0
0
0.007031912989997164
0
0
0
0
0
0
0
0
0
0.0012994223938833352
0
0
0
0.0010894429809116019
0
0
0
0
0
0
0
0
0
0
0
0
0
0
0
0.0027538390951474673
0
0
0
0
0
0
0
0
0
0
0
0
0
0
0
0
0
0
0
0
0
0
0
0
0
0
0
0
0
0.002144110817249149
0.0012130337998957478
0
0
0
0
0
0
0
0
0
0.0038982671816500058
0.0011414180794367625
0
0
0
0
0
0
0
0
0.0013769195475737336
0
0.001105247972472212
0
0
0
0
0
0
0
0
0
0
0
0
0
0
0
0
0
0
0
0
0
0
0
0
0
0
0
0
0
0
0
0
0
0
0
0
0
0
0
0
0
0
0
0
0
0
0
0.0027538390951474673
0
0
0
0
0
0
0
0
0
0
0
0
0
0
0.004407922751234949
0
0
0
0
0
0
0.0013769195475737336
0
0
0
0
0
0
0
0
0
0.001363732836662619
0
0
0.0009466267726107186
0
0
0
0.004173251746020353
0
0
0
0.0010693052676742495
0
0
0
0
0
0
0
0
0
0.0027821678306802354
0.008768206221542217
0
0
0
0
0
0
0
0.0025172033121175653
0
0
0
0
0
0
0
0
0
0
0
0
0
0
0
0
0
0
0
0
0.002488874576584797
0
0
0
0
0
0
0
0
0
0
0.00180395123207866
0
0
0
0
0
0
0
0
0
0
0
0
0
0
0
0
0
0
0.004420991889888848
0
0
0
0
0
0
0
0
0
0
0
0
0
0
0
0
0
0.0012660979697348685
0.0011261193967774476
0
0
0
0
0
0
0
0
0
0.0012660979697348685
0.0012130337998957478
0
0
0
0
0
0
0
0
0.0009065814171821167
0
0
0
0
0
0
0
0
0
0
0
0
0
0
0
0
0
0
0
0
0
0
0
0
0
0
0
0
0
0
0
0
0.003603365204585596
0
0
0
0
0
0
0
0
0
0
0
0
0
0
0
0
0
0
0
0.001218915233127161
0
0
0
0
0
0
0
0
0
0
0
0
0
0
0
0
0
0
0
0.0020259195796066627
0
0
0
0
0
0
0
0
0
0
0
0
0
0
0
0
0
0
0
0
0
0
0
0
0
0
0
0
0.002679620435192973
0
0
0
0
0
0.0026371029905789727
0.0022991051246299458
0
0
0
0
0
0
0
0
0
0
0
0
0
0
0
0
0
0
0
0
0
0.0016772856602306314
0
0
0
0
0
0
0
0
0
0
0
0
0
0
0
0
0
0
0
0
0
0
0
0
0
0
0
0
0
0
0
0
0
0
0
0
0
0
0
0
0
0
0
0
0
0
0
0
0.0013288854443090346
0
0
0.007551609936352696
0
0
0
0
0
0
0
0
0
0.001224983409410529
0
0
0
0.0012660979697348685
0
0
0.0012444372882923986
0
0
0
0
0
0
0
0
0
0
0
0
0
0.002488874576584797
0
0
0
0.002997694888577852
0
0
0
0
0
0
0.00886268578814408
0.005405589969633985
0
0
0
0
0.0011019806878087373
0
0
0
0
0
0
0
0.0012586016560587826
0.0013769195475737336
0
0
0
0
0
0
0
0
0
0
0
0
0
0
0
0
0
0
0
0
0
0
0.0076943242864038405
0
0
0
0
0
0
0
0.0013513974924084962
0
0.0014412299903530175
0.0023721384720163025
0
0
0
0
0
0
0
0
0
0
0
0
0
0
0
0
0
0
0
0
0
0
0
0
0
0
0
0
0
0
0
0
0
0
0
0
0
0
0
0
0
0
0
0
0
0
0
0
0
0
0
0
0
0
0
0
0
0
0
0
0
0
0
0
0
0
0
0
0
0
0
0.0028460264257349627
0
0
0
0
0
0
0
0
0
0
0
0
0
0
0
0
0
0
0
0
0.0024754604635070943
0
0
0
0
0
0
0
0
0
0
0
0
0
0
0
0.001137477084176301
0
0
0
0
0
0
0
0
0
0
0
0
0.004173251746020353
0.008261517285442402
0.018499171767277257
0.0013910839153401177
0.0009973485453434177
0.020774316523657636
0.0025810619071722925
0.0009936371374961125
0.0014063825979994328
0.0028460264257349627
0.0012073279583151512
0.0011019806878087373
0.012807118915807334
0.002324885430744446
0.0013398102175964865
0.0012130337998957478
0.0011537534236908855
0.0025172033121175653
0.0010011334511721983
0.003346196798903992
0.001137477084176301
0.0027538390951474673
0.0012017875269555848
0.003693751732143852
0.0013398102175964865
0.012589697997074819
0.0036053625808667544
0.008081810054855832
0.007868561248171762
0.0037131906952606415
0.04075384878508686
0.011015985747440466
0.002392806370055399
0.0009368230083929144
0.005594530156686504
0.0013769195475737336
0.0011414180794367625
0.0022039613756174746
0.002252238793554895
0.0012905309535861463
0.0010894429809116019
0.004245138349673274
0.001282034821596308
0.0014613677035903694
0.0026174954621433644
0.0012513882906186361
0.0010894429809116019
0.008081810054855832
0.001105247972472212
0.009698172065826998
0.009698172065826998
0.0012905309535861463
0.0027538390951474673
0.0013398102175964865
0.0011537534236908855
0.0008963701850197351
0.0012905309535861463
0.0013513974924084962
0.0013087477310716822
0.001224983409410529
0.0024146559166303024
0.001363732836662619
0.0014063825979994328
0.0009662860588186138
0.0011019806878087373
0.007115066064337407
0.0012130337998957478
0.0012017875269555848
0.007306838517951848
0.0013398102175964865
0.0011454420490846664
0.0013513974924084962
0.0013910839153401177
0.0012905309535861463
0.002462501154762568
0.006543738655358411
0.005454931346650476
0.001363732836662619
0.0013087477310716822
0.001282034821596308
0.0011762654717903471
0.0011414180794367625
0.0012513882906186361
0
0
0
0
0
0
0
0
0
0
0
0
0
0
0
0
0
0
0
0
0
0
0
0
0
0
0
0
0
0
0
0
0
0
0
0
0
0
0
0
0
0
0
0
0
0
0
0
0
0
0
0
0
0
0
0
0
0
0
0
0
0
0
0
0
0
0
0
0
0
0
0
0
0
0
0
0
0
0
0
0
0
0
0
0
0
0
0
0
0
0
0
0
0
0
0
0
0
0
0
0
0
0
0
0
0
0
0
0
0
0
0
0
0
0
0
0
0
0
0
0
0
0
0
0
0
0
0
0
0
0
0
0
0
0
0
0
0
0
0
0
0
0
0
0
0
0
0
0
0
0
0
0
0
0
0
0
0
0
0
0
0
0
0
0
0
0
0
0
0
0
0
0
0
0
0
0
0
0
0
0
0
0
0
0
0
0
0
0
0
0
0
0
0
0
0
0
0
0
0
0
0
0
0
0
0
0
0
0
0
0
0
0
0
0
0
0
0
0
0
0
0
0
0
0
0
0
0
0
0
0
0
0
0
0
0
0
0
0
0
0
0
0
0
0
0
0
0
0
0
0
0
0
0
0
0
0
0
0
0
0
0
0
0
0
0
0
0
0
0
0
0
0
0
0
0
0
0
0
0
0
0
0
0
0
0
0
0
0
0
0
0
0
0
0
0
0
0
0
0
0
0
0
0
0
0
0
0
0
0
0
0
0
0
0
0
0
0
0
0
0
0
0
0
0
0
0
0
0
0
0
0
0
0
0
0
0
0
0
0
0
0
0
0
0
0
0
0
0
0
0
0
0
0
0
0
0
0
0
0
0
0
0
0
0
0
0
0
0
0
0
0
0
0
0
0
0
0
0
0
0
0
0
0
0
0
0
0
0
0
0
0
0
0
0
0
0
0
0
0
0
0
0
0
0
0
0
0
0
0
0
0
0
0
0
0
0
0
0
0
0
0
0
0
0
0
0
0
0
0
0
0
0
0
0
0
0
0
0
0
0
0
0
0
0
0
0
0
0
0
0
0
0
0
0
0
0
0
0
0
0
0
0
0
0
0
0
0
0
0
0
0
0
0
0
0
0
0
0
0
0
0
0
0
0
0
0
0
0
0
0
0
0
0
0
0
0
0
0
0
0
0
0
0
0
0
0
0
0
0
0
0
0
0
0
0
0
0
0
0
0
0
0
0
0
0
0
0
0
0
0
0
0
0
0
0
0
0
0
0
0
0
0
0
0
0
0
0
0
0
0
0
0
0
0
0
0
0
0
0
0
0
0
0
0
0
0
0
0
0
0
0
0
0
0
0
0
0
0
0
0
0
0
0
0
0
0
0
0
0
0
0
0
0
0
0
0
0
0
0
0
0
0
0
0
0
0
0
0
0
0
0
0
0
0
0
0
0
0
0
0
0
0
0
0
0
0
0
0
0
0
0
0
0
0
0
0
0
0
0
0
0
0
0
0
0
0
0
0
0
0
0
0
0
0
0
0
0
0
0
0
0
0
0
0
0
0
0
0
0
0
0
0
0
0
0
0
0
0
0
0
0
0
0
0
0
0
0
0
0
0
0
0
0
0
0
0
0
0
0
0
0
0
0
0
0
0
0
0
0
0
0
0
0
0
0
0
0
0
0
0
0
0
0
0
0
0
0
0
0
0
0
0
0
0
0
0
0
0
0
0
0
0
0
0
0
0
0
0
0
0
0
0
0
0
0
0
0
0
0
0
0.0012994223938833352
0
0
0
0
0
0
0
0
0
0
0
0
0
0
0
0
0
0
0
0
0
0
0
0
0
0
0
0
0
0
0
0
0
0
0
0
0
0
0
0
0
0
0
0
0
0
0
0
0
0
0
0
0
0
0
0
0
0
0
0
0
0
0
0
0
0
0
0
0
0
0
0
0
0
0
0
0
0
0
0
0
0
0
0
0
0
0
0
0
0
0
0
0
0
0
0
0
0
0
0
0
0
0
0
0
0
0
0
0
0
0
0
0
0
0
0
0
0
0
0
0
0
0
0
0
0
0
0
0
0
0
0
0
0
0
0
0
0
0
0
0
0
0
0
0
0
0
0
0
0
0
0
0
0
0
0
0
0
0
0
0
0
0
0
0
0
0
0
0
0
0
0
0
0
0
0
0
0
0
0
0
0
0
0
0
0
0
0
0
0
0
0
0
0
0
0
0
0
0
0
0
0
0
0
0
0
0
0
0
0
0
0
0
0
0
0
0
0
0
0
0
0
0
0
0
0
0
0
0
0
0
0
0
0
0
0
0
0
0
0
0
0
0
0
0
0
0
0
0
0
0
0
0
0
0
0
0
0
0
0
0
0
0
0
0
0
0
0
0
0
0
0
0
0
0
0
0
0
0
0
0
0
0
0
0
0
0
0
0
0
0
0
0
0
0
0
0
0
0
0
0
0
0
0
0
0
0
0
0
0
0
0
0
0
0
0
0
0
0
0
0
0
0
0
0
0
0
0
0
0
0
0
0
0
0
0
0
0
0
0
0
0
0
0
0
0
0
0
0
0
0
0
0
0
0
0
0
0
0
0
0
0
0
0
0
0
0
0
0
0
0
0
0
0
0
0
0
0
0
0
0
0
0
0
0
0
0
0
0
0
0
0
0
0
0
0
0
0
0
0
0
0
0
0
0
0
0
0
0
0
0
0
0
0
0
0
0
0
0
0
0
0
0
0
0
0
0
0
0
0
0
0
0
0
0
0
0
0
0
0
0
0
0
0
0
0
0
0
0
0
0
0
0
0
0
0
0
0
0
0
0
0
0
0
0
0
0
0
0
0
0
0
0
0
0
0
0
0
0
0
0
0
0
0
0
0
0
0
0
0
0
0
0
0
0
0
0
0
0
0
0
0
0
0
0
0
0
0
0
0
0
0
0
0
0
0
0
0
0
0
0
0
0
0
0
0
0
0
0
0
0
0
0
0
0
0
0
0
0
0
0
0
0
0
0
0
0
0
0
0
0
0
0
0
0
0
0
0
0
0
0
0
0
0
0
0
0
0
0
0
0
0
0
0
0
0
0
0
0
0
0
0
0
0
0
0
0
0
0
0
0
0
0
0
0
0
0
0
0
0
0
0
0
0
0
0
0
0
0
0
0
0
0
0
0
0
0
0
0
0
0
0
0
0
0
0
0
0
0
0
0
0
0
0
0
0
0
0
0
0
0
0
0
0
0
0
0
0
0
0
0
0
0
0
0
0
0
0
0
0
0
0
0
0
0
0
0
0
0
0
0
0
0
0
0
0
0
0
0
0
0
0
0
0
0
0
0
0
0
0
0
0
0
0
0
0
0
0
0
0
0
0
0
0
0
0
0
0
0
0
0
0
0
0
0
0
0
0
0
0
0
0
0
0
0
0
0
0
0
0
0
0
0
0
0
0
0
0
0
0
0
0
0
0
0
0
0
0
0
0
0
0
0
0
0
0
0
0
0
0
0
0
0
0
0
0
0
0
0
0
0
0
0
0
0
0
0
0
0
0
0
0
0
0
0
0
0
0
0
0
0
0
0
0
0
0
0
0
0
0
0
0
0
0
0
0
0
0
0
0
0
0
0
0
0
0
0
0
0
0
0
0
0
0
0
0
0
0
0
0
0
0
0
0
0
0
0
0
0
0
0
0
0
0
0
0
0
0
0
0
0
0
0
0
0
0
0
0
0
0
0
0
0
0
0
0
0
0
0
0
0
0
0
0
0
0
0
0
0
0
0
0
0
0
0
0
0
0
0
0
0
0
0
0
0
0
0
0
0
0
0
0
0
0
0
0
0
0
0
0
0
0
0
0
0
0
0
0
0
0
0
0
0
0
0
0
0
0
0
0
0
0
0
0
0
0
0
0
0
0
0
0
0
0
0
0
0
0
0
0
0
0
0
0
0
0
0
0
0
0
0
0
0
0
0
0
0
0
0
0
0
0
0
0
0
0
0
0
0
0
0
0
0
0
0
0
0
0
0
0
0
0
0
0
0
0
0
0
0
0
0
0
0
0
0
0
0
0
0
0
0
0
0
0
0
0
0
0
0
0
0
0
0
0
0
0
0
0
0
0
0
0
0
0
0
0
0
0
0
0
0
0
0
0
0
0
0
0
0
0
0
0
0
0
0
0
0
0
0
0
0
0
0
0
0
0
0
0
0
0
0
0
0
0
0
0
0
0
0
0
0
0
0
0
0
0
0
0
0
0
0
0
0
0
0
0
0
0
0
0
0
0
0
0
0
0
0
0
0
0
0
0
0
0
0
0
0
0
0
0
0
0
0
0
0
0
0
0
0
0
0
0
0
0
0
0
0
0
0
0
0
0
0
0
0
0
0
0
0
0
0
0
0
0
0
0
0
0
0
0
0
0
0
0
0
0
0
0
0
0
0
0
0
0
0
0
0
0
0
0
0
0
0
0
0
0
0
0
0
0
0
0
0
0
0
0
0
0
0
0
0
0
0
0
0
0
0
0
0
0
0
0
0
0
0
0
0
0
0
0
0
0
0
0
0
0
0
0
0
0
0
0
0
0
0
0
0
0
0
0
0
0
0
0
0
0
0
0
0
0
0
0
0
0
0
0
0
0
0
0
0
0
0
0
0
0
0
0
0
0
0
0
0
0
0
0
0
0
0
0
0
0
0
0
0
0
0
0
0
0
0
0
0
0
0
0
0
0
0
0
0
0
0
0
0
0
0
0
0
0
0
0
0
0
0
0
0
0
0
0
0
0
0
0
0
0
0
0
0
0
0
0
0
0
0
0
0
0
0
0
0
0
0
0
0
0
0
0
0
0
0
0
0
0
0
0
0
0
0
0
0
0
0
0
0
0
0
0
0
0
0
0
0
0
0
0
0
0
0
0
0
0
0
0
0
0
0
0
0
0
0
0
0
0
0
0
0
0
0
0
0
0
0
0
0
0
0
0
0
0
0
0
0
0
0
0
0
0
0
0
0
0
0
0
0
0
0
0
0
0
0
0
0
0
0
0
0
0
0
0
0
0
0
0
0
0
0
0
0
0
0
0
0
0
0
0
0
0
0
0
0
0
0
0
0
0
0
0
0
0
0
0
0
0
0
0
0
0
0
0
0
0
0
0
0
0
0
0
0
0
0
0
0
0
0
0
0
0
0
0
0
0
0
0
0
0
0
0
0
0
0
0
0
0
0
0
0
0
0
0
0
0
0
0
0
0
0
0
0
0
0
0
0
0
0
0
0
0
0
0
0
0
0
0
0
0
0
0
0
0
0
0
0
0
0
0
0
0
0
0
0
0
0
0
0
0
0
0
0
0
0
0
0
0
0
0
0
0
0
0
0
0
0
0
0
0
0
0
0
0
0
0
0
0
0
0
0
0
0
0
0
0
0
0
0
0
0
0
0
0
0
0
0
0
0
0
0
0
0
0
0
0
0
0
0
0
0
0
0
0
0
0
0
0
0
0
0
0
0
0
0
0
0
0
0
0
0
0
0
0
0
0
0
0
0
0
0
0
0
0
0
0
0
0
0
0
0
0
0
0
0
0
0
0
0
0
0
0
0
0
0
0
0
0
0
0
0
0
0
0
0
0
0
0
0
0
0
0
0
0
0
0
0
0
0
0
0
0
0
0
0
0
0
0
0
0
0
0
0
0
0
0
0
0
0
0
0
0
0
0
0
0
0
0
0
0
0
0
0
0
0
0
0
0
0
0
0
0
0
0
0
0
0
0
0
0
0
0
0
0
0
0
0
0
0
0
0
0
0
0
0
0
0
0
0
0
0
0
0
0
0
0
0
0
0
0
0
0
0
0
0
0
0
0
0
0
0
0
0
0
0
0
0
0
0
0
0
0
0
0
0
0
0
0
0
0
0
0
0
0
0
0
0
0
0
0
0
0
0
0
0
0
0
0
0
0
0
0
0
0
0
0
0
0
0
0
0
0
0
0
0
0
0
0
0
0
0
0
0
0
0
0
0
0
0
0
0
0
0
0
0
0
0
0
0
0
0
0
0
0
0
0
0
0
0
0
0
0
0
0
0
0
0
0
0
0
0
0
0
0
0
0
0
0
0
0
0
0
0
0
0
0
0
0
0
0
0
0
0
0
0
0
0
0
0
0
0
0
0
0
0
0
0
0
0
0
0
0
0
0
0
0
0
0
0
0
0
0
0
0
0
0
0
0
0
0
0
0
0
0
0
0
0
0
0
0
0
0
0
0
0
0
0
0
0
0
0
0
0
0
0
0
0
0
0
0
0
0
0
0
0
0
0
0
0
0
0
0
0
0
0
0
0
0
0
0
0
0
0
0
0
0
0
0
0
0
0
0
0
0
0
0
0
0
0
0
0
0
0
0
0
0
0
0
0
0
0
0
0
0
0
0
0
0
0
0
0
0
0
0
0
0
0
0
0
0
0
0
0
0
0
0
0
0
0
0
0
0
0
0
0
0
0
0
0
0
0
0
0
0
0
0
0
0
0
0
0
0
0
0
0
0
0
0
0
0
0
0
0
0
0
0
0
0
0
0
0
0
0
0
0
0
0
0
0
0
0
0
0
0
0
0
0
0
0
0
0
0
0
0
0
0
0
0
0
0
0
0
0
0
0
0
0
0
0
0
0
0
0
0
0
0
0
0
0
0
0
0
0
0
0
0
0
0
0
0
0
0
0
0
0
0
0
0
0
0
0
0
0
0
0
0
0
0
0
0
0
0
0
0
0
0
0
0
0
0
0
0
0
0
0
0
0
0
0
0
0
0
0
0
0
0
0
0
0
0
0
0
0
0
0
0
0
0
0
0
0
0
0
0
0
0
0
0
0
0
0
0
0
0
0
0
0
0
0
0
0
0
0
0
0
0
0
0
0
0
0
0
0
0
0
0
0
0
0
0
0
0
0
0
0
0
0
0
0
0
0
0
0
0
0
0
0
0
0
0
0
0
0
0
0
0
0
0
0
0
0
0
0
0
0
0
0
0
0
0
0
0
0
0
0
0
0
0
0
0
0
0
0
0
0
0
0
0
0
0
0
0
0
0
0
0
0
0
0
0
0
0
0
0
0
0
0
0
0
0
0
0
0
0
0
0
0
0
0
0
0
0
0
0
0
0
0
0
0
0
0
0
0
0
0
0
0
0
0
0
0
0
0
0
0
0
0
0
0
0
0
0
0
0
0
0
0
0
0
0
0
0
0
0
0
0
0
0
0
0
0
0
0
0
0
0
0
0
0
0
0
0
0
0
0
0
0
0
0
0
0
0
0
0
0
0
0
0
0
0
0
0
0
0
0
0
0
0
0
0
0
0
0
0
0
0
0
0
0
0
0
0
0
0
0
0
0
0
0
0
0
0
0
0
0
0
0
0
0
0
0
0
0
0
0
0
0
0
0
0
0
0
0
0
0
0
0
0
0
0
0
0
0
0
0
0
0
0
0
0
0
0
0
0
0
0
0
0
0
0
0
0
0
0
0
0
0
0
0
0
0
0
0
0
0
0
0
0
0
0
0
0
0
0
0
0
0
0
0
0
0
0
0
0
0
0
0
0
0
0
0
0
0
0
0
0
0
0
0
0
0
0
0
0
0
0
0
0
0
0
0
0
0
0
0
0
0
0
0
0
0
0
0
0
0
0
0
0
0
0
0
0
0
0
0
0
0
0
0
0
0
0
0
0
0
0
0
0
0
0
0
0
0
0
0
0
0
0
0
0
0
0
0
0
0
0
0
0
0
0
0
0
0
0
0
0
0
0
0
0
0
0
0
0
0
0
0
0
0
0
0
0
0
0
0
0
0
0
0
0
0
0
0
0
0
0
0
0
0
0
0
0
0
0
0
0
0
0
0
0
0
0
0
0
0
0
0
0
0
0
0
0
0
0
0
0
0
0
0
0
0
0
0
0
0
0
0
0
0
0
0
0
0
0
0
0
0
0
0
0
0
0
0
0
0
0
0
0
0
0
0
0
0
0
0
0
0
0
0
0
0
0
0
0
0
0
0
0
0
0
0
0
0
0
0
0
0
0
0
0
0
0
0
0
0
0
0
0
0
0
0
0
0
0
0
0
0
0
0
0
0
0
0
0
0
0
0
0
0
0
0
0
0
0
0
0
0
0
0
0
0
0
0
0
0
0
0
0
0
0
0
0
0
0
0
0
0
0
0
0
0
0
0
0
0
0
0
0
0
0
0
0
0
0
0
0
0
0
0
0
0
0
0
0
0
0
0
0
0
0
0
0
0
0
0
0
0
0
0
0
0
0
0
0
0
0
0
0
0
0
0
0
0
0
0
0
0
0
0
0
0
0
0
0
0
0
0
0
0
0
0
0
0
0
0
0
0
0
0
0
0
0
0
0
0
0
0
0
0
0
0
0
0
0
0
0
0
0
0
0
0
0
0
0
0
0
0
0
0
0
0
0
0
0
0
0
0
0
0
0
0
0
0
0
0
0
0
0
0
0
0
0
0
0
0
0
0
0
0
0
0
0
0
0
0
0
0
0
0
0
0
0
0
0
0
0
0
0
0
0
0
0
0
0
0
0
0
0
0
0
0
0
0
0
0
0
0
0
0
0
0
0
0
0
0
0
0
0
0
0
0
0
0
0
0
0
0
0
0
0
0
0
0
0
0
0
0
0
0
0
0
0
0
0
0
0
0
0
0
0
0
0
0
0
0
0
0
0
0
0
0
0
0
0
0
0
0
0
0
0
0
0
0
0
0
0
0
0
0
0
0
0
0
0
0
0
0
0
0
0
0
0
0
0
0
0
0
0
0
0
0
0
0
0
0
0
0
0
0
0
0
0
0
0
0
0
0
0
0
0
0
0
0
0
0
0
0
0
0
0
0
0
0
0
0
0
0
0
0
0
0
0
0
0
0
0
0
0
0
0
0
0
0
0
0
0
0
0
0
0
0
0
0
0
0
0
0
0
0
0
0
0
0
0
0
0
0
0
0
0
0
0
0
0
0
0
0
0
0
0
0
0
0
0
0
0
0
0
0
0
0
0
0
0
0
0
0
0
0
0
0
0
0
0
0
0
0
0
0
0
0
0
0
0
0
0
0
0
0
0
0
0
0
0
0
0
0
0
0
0
0
0
0
0
0
0
0
0
0
0
0
0
0
0
0
0
0
0
0
0
0
0
0
0
0
0
0
0
0
0
0
0
0
0
0
0
0
0
0
0
0
0
0
0
0
0
0
0
0
0
0
0
0
0
0
0
0
0
0
0
0
0
0
0
0
0
0
0
0
0
0
0
0
0
0
0
0
0
0
0
0
0
0
0
0
0
0
0
0
0
0
0
0
0
0
0
0
0
0
0
0
0
0
0
0
0
0
0
0
0
0
0
0
0
0
0
0
0
0
0
0
0
0
0
0
0
0
0
0
0
0
0
0
0
0
0
0
0
0
0
0
0
0
0
0
0
0
0
0
0
0
0
0
0
0
0
0
0
0
0
0
0
0
0
0
0
0
0
0
0
0
0
0
0
0
0
0
0
0
0
0
0
0
0
0
0
0
0
0
0
0
0
0
0
0
0
0
0
0
0
0
0
0
0
0
0
0
0
0
0
0
0
0
0
0
0
0
0
0
0
0
0
0
0
0
0
0
0
0
0
0
0
0
0
0
0
0
0
0
0
0
0
0
0
0
0
0
0
0
0
0
0
0
0
0
0
0
0
0
0
0
0
0
0
0
0
0
0
0
0
0
0
0
0
0
0
0
0
0
0
0
0
0
0
0
0
0
0
0
0
0
0
0
0
0
0
0
0
0
0
0
0
0
0
0
0
0
0
0
0
0
0
0
0
0
0
0
0
0
0
0
0
0
0
0
0
0
0
0
0
0
0
0
0
0
0
0
0
0
0
0
0
0
0
0
0
0
0
0
0
0
0
0
0
0
0
0
0
0
0
0
0
0
0
0
0
0
0
0
0
0
0
0
0
0
0
0
0
0
0
0
0
0
0
0
0
0
0
0
0
0
0
0
0
0
0
0
0
0
0
0
0
0
0
0
0
0
0
0
0
0
0
0
0
0
0
0
0
0
0
0
0
0
0
0
0
0
0
0
0
0
0
0
0
0
0
0
0
0
0
0
0
0
0
0
0
0
0
0
0
0
0
0
0
0
0
0
0
0
0
0
0
0
0
0
0
0
0
0
0
0
0
0
0
0
0
0
0
0
0
0
0
0
0
0
0
0
0
0
0
0
0
0
0
0
0
0
0
0
0
0
0
0
0
0
0
0
0
0
0
0
0
0
0
0
0
0
0
0
0
0
0
0
0
0
0
0
0
0
0
0
0
0
0
0
0
0
0
0
0
0
0
0
0
0
0
0
0
0
0
0
0
0
0
0
0
0
0
0
0
0
0
0
0
0
0
0
0
0
0
0
0
0
0
0
0
0
0
0
0
0
0
0
0
0
0
0
0
0
0
0
0
0
0
0
0
0
0
0
0
0
0
0
0
0
0
0
0
0
0
0
0
0
0
0
0
0
0
0
0
0
0
0
0
0
0
0
0
0
0
0
0
0
0
0
0
0
0
0
0
0
0
0
0
0
0
0
0
0
0
0
0
0
0
0
0
0
0
0
0
0
0
0
0
0
0
0
0
0
0
0
0
0
0
0
0
0
0
0
0
0
0
0
0
0
0
0
0
0
0
0
0
0
0
0
0
0
0
0
0
0
0
0
0
0
0
0
0
0
0
0
0
0
0
0
0
0
0
0
0
0
0
0
0
0
0
0
0
0
0
0
0
0
0
0
0
0
0
0
0
0
0
0
0
0
0
0
0
0
0
0
0
0
0
0
0
0
0
0
0
0
0
0
0
0
0
0
0
0
0
0
0
0
0
0
0
0
0
0
0
0
0
0
0
0
0
0
0
0
0
0
0
0
0
0
0
0
0
0
0
0
0
0
0
0
0
0
0
0
0
0
0
0
0
0
0
0
0
0
0
0
0
0
0
0
0
0
0
0
0
0
0
0
0
0
0
0
0
0
0
0
0
0
0
0
0
0
0
0
0
0
0
0
0
0
0
0
0
0
0
0
0
0
0
0
0
0
0
0
0
0
0
0
0
0
0
0
0
0
0
0
0
0
0
0
0
0
0
0
0
0
0
0
0
0
0
0
0
0
0
0
0
0
0
0
0
0
0
0
0
0
0
0
0
0
0
0
0
0
0
0
0
0
0
0
0
0
0
0
0
0
0
0
0
0
0
0
0
0
0
0
0
0
0
0
0
0
0
0
0
0
0
0
0
0
0
0
0
0
0
0
0
0
0
0
0
0
0
0
0
0
0
0
0
0
0
0
0
0
0
0
0
0
0
0
0
0
0
0
0
0
0
0
0
0
0
0
0
0
0
0
0
0
0
0
0
0
0
0
0
0
0
0
0
0
0
0
0
0
0
0
0
0
0
0
0
0
0
0
0
0
0
0
0
0
0
0
0
0
0
0
0
0
0
0
0
0
0
0
0
0
0
0
0
0
0
0
0
0
0
0
0
0
0
0
0
0
0
0
0
0
0
0
0
0
0
0
0
0
0
0
0
0
0
0
0
0
0
0
0
0
0
0
0
0
0
0
0
0
0
0
0
0
0
0
0
0
0
0
0
0
0
0
0
0
0
0
0
0
0
0
0
0
0
0
0
0
0
0
0
0
0
0
0
0
0
0
0
0
0
0
0
0
0
0
0
0
0
0
0
0
0
0
0
0
0
0
0
0
0
0
0
0
0
0
0
0
0
0
0
0
0
0
0
0
0
0
0
0
0
0
0
0
0
0
0
0
0
0
0
0
0
0
0
0
0
0
0
0
0
0
0
0
0
0
0
0
0
0
0
0
0
0
0
0
0
0
0
0
0
0
0
0
0
0
0
0
0
0
0
0
0
0
0
0
0
0
0
0
0
0
0
0
0
0
0
0
0
0
0
0
0
0
0
0
0
0
0
0
0
0
0
0
0
0
0
0
0
0
0
0
0
0
0
0
0
0
0
0
0
0
0
0
0
0
0
0
0
0
0
0
0
0
0
0
0
0
0
0
0
0
0
0
0
0
0
0
0
0
0
0
0
0
0
0
0
0
0
0
0
0
0
0
0
0
0
0
0
0
0
0
0
0
0
0
0
0
0
0
0
0
0
0
0
0
0
0
0
0
0
0
0
0
0
0
0
0
0
0
0
0
0
0
0
0
0
0
0
0
0
0
0
0
0
0
0
0
0
0
0
0
0
0
0
0
0
0
0
0
0
0
0
0
0
0
0
0
0
0
0
0
0
0
0
0
0
0
0
0
0
0
0
0
0
0
0
0
0
0
0
0
0
0
0
0
0
0
0
0
0
0
0
0
0
0
0
0
0
0
0
0
0
0
0
0
0
0
0
0
0
0
0
0
0
0
0
0
0
0
0
0
0
0
0
0
0
0
0
0
0
0
0
0
0
0
0
0
0
0
0
0
0
0
0
0
0
0
0
0
0
0
0
0
0
0
0
0
0
0
0
0
0
0
0
0
0
0
0
0
0
0
0
0
0
0
0
0
0
0
0
0
0
0
0
0
0
0
0
0
0
0
0
0
0
0
0
0
0
0
0
0
0
0
0
0
0
0
0
0
0
0
0
0
0
0
0
0
0
0
0
0
0
0
0
0
0
0
0
0
0
0
0
0
0
0
0
0
0
0
0
0
0
0
0
0
0
0
0
0
0
0
0
0
0
0
0
0
0
0
0
0
0
0
0
0
0
0
0
0
0
0
0
0
0
0
0
0
0
0
0
0
0
0
0
0
0
0
0
0
0
0
0
0
0
0
0
0
0
0
0
0
0
0
0
0
0
0
0
0
0
0
0
0
0
0
0
0
0
0
0
0
0
0
0
0
0
0
0
0
0
0
0
0
0
0
0
0
0
0
0
0
0
0
0
0
0
0
0
0
0
0
0
0
0
0
0
0
0
0
0
0
0
0
0
0
0
0
0
0
0
0
0
0
0
0
0
0
0
0
0
0
0
0
0
0
0
0
0
0
0
0
0
0
0
0
0
0
0
0
0
0
0
0
0
0
0
0
0
0
0
0
0
0
0
0
0
0
0
0
0
0
0
0
0
0
0
0
0
0
0
0
0
0
0
0
0
0
0
0
0
0
0
0
0
0
0
0
0
0
0
0
0
0
0
0
0
0
0
0
0
0
0
0
0
0
0
0
0
0
0
0
0
0
0
0
0
0
0
0
0
0
0
0
0
0
0
0
0
0
0
0
0
0
0
0
0
0
0
0
0
0
0
0
0
0
0
0
0
0
0
0
0
0
0
0
0
0
0
0
0
0
0
0
0
0
0
0
0
0
0
0
0
0
0
0
0
0
0
0
0
0
0
0
0
0
0
0
0
0
0
0
0
0
0
0
0
0
0
0
0
0
0
0
0
0
0
0
0
0
0
0
0
0
0
0
0
0
0
0
0
0
0
0
0
0
0
0
0
0
0
0
0
0
0
0
0
0
0
0
0
0
0
0
0
0
0
0
0
0
0
0
0
0
0
0
0
0
0
0
0
0
0
0
0
0
0
0
0
0
0
0
0
0
0
0
0
0
0
0
0
0
0
0
0
0
0
0
0
0
0
0
0
0
0
0
0
0
0
0
0
0
0
0
0
0
0
0
0
0
0
0
0
0
0
0
0
0
0
0
0
0
0
0
0
0
0
0
0
0
0
0
0
0
0
0
0
0
0
0
0
0
0
0
0
0
0
0
0
0
0
0
0
0
0
0
0
0
0
0
0
0
0
0
0
0
0
0
0
0
0
0
0
0
0
0
0
0
0
0
0
0
0
0
0
0
0
0
0
0
0
0
0
0
0
0
0
0
0
0
0
0
0
0
0
0
0
0
0
0
0
0
0
0
0
0
0
0
0
0
0
0
0
0
0
0
0
0
0
0
0
0
0
0
0
0
0
0
0
0
0
0
0
0
0
0
0
0
0
0
0
0
0
0
0
0
0
0
0
0
0
0
0
0
0
0
0
0
0
0
0
0
0
0
0
0
0
0
0
0
0
0
0
0
0
0
0
0
0
0
0
0
0
0
0
0
0
0
0
0
0
0
0
0
0
0
0
0
0
0
0
0
0
0
0
0
0
0
0
0
0
0
0
0
0
0
0
0
0
0
0
0
0
0
0
0
0
0
0
0
0
0
0
0
0
0
0
0
0
0
0
0
0
0
0
0
0
0
0
0
0
0
0
0
0
0
0
0
0
0
0
0
0
0
0
0
0
0
0
0
0
0
0
0
0
0
0
0
0
0
0
0
0
0
0
0
0
0
0
0
0
0
0
0
0
0
0
0
0
0
0
0
0
0
0
0
0
0
0
0
0
0
0
0
0
0
0
0
0
0
0
0
0
0
0
0
0
0
0
0
0
0
0
0
0
0
0
0
0
0
0
0
0
0
0
0
0
0
0
0
0
0
0
0
0
0
0
0
0
0
0
0
0
0
0
0
0
0
0
0
0
0
0
0
0
0
0
0
0
0
0
0
0
0
0
0
0
0
0
0
0
0
0
0
0
0
0
0
0
0
0
0
0
0
0
0
0
0
0
0
0
0
0
0
0
0
0
0
0
0
0
0
0
0
0
0
0
0
0
0
0
0
0
0
0
0
0
0
0
0
0
0
0
0
0
0
0
0
0
0
0
0
0
0
0
0
0
0
0
0
0
0
0
0
0
0
0
0
0
0
0
0
0
0
0
0
0
0
0
0
0
0
0
0
0
0
0
0
0
0
0
0
0
0
0
0
0
0
0
0
0
0
0
0
0
0
0
0
0
0
0
0
0
0
0
0
0
0
0
0
0
0
0
0
0
0
0
0
0
0
0
0
0
0
0
0
0
0
0
0
0
0
0
0
0
0
0
0
0
0
0
0
0
0
0
0
0
0
0
0
0
0
0
0
0
0
0
0
0
0
0
0
0
0
0
0
0
0
0
0
0
0
0
0
0
0
0
0
0
0
0
0
0
0
0
0
0
0
0
0
0
0
0
0
0
0
0
0
0
0
0
0
0
0
0
0
0
0
0
0
0
0
0
0
0
0
0
0
0
0
0
0
0
0
0
0
0
0
0
0
0
0
0
0
0
0
0
0
0
0
0
0
0
0
0
0
0
0
0
0
0
0
0
0
0
0
0
0
0
0
0
0
0
0
0
0
0
0
0
0
0
0
0
0
0
0
0
0
0
0
0
0
0
0
0
0
0
0
0
0
0
0
0
0
0
0
0
0
0
0
0
0
0
0
0
0
0
0
0
0
0
0
0
0
0
0
0
0
0
0
0
0
0
0
0
0
0
0
0
0
0
0
0
0
0
0
0
0
0
0
0
0
0
0
0
0
0
0
0
0
0
0
0
0
0
0
0
0
0
0
0
0
0
0
0
0
0
0
0
0
0
0
0
0
0
0
0
0
0
0
0
0
0
0
0
0
0
0
0
0
0
0
0
0
0
0
0
0
0
0
0
0
0
0
0
0
0
0
0
0
0
0
0
0
0
0
0
0
0
0
0
0
0
0
0
0
0
0
0
0
0
0
0
0
0
0
0
0
0
0
0
0
0
0
0
0
0
0
0
0
0
0
0
0
0
0
0
0
0
0
0
0
0
0
0
0
0
0
0
0
0
0
0
0
0
0
0
0
0
0
0
0
0
0
0
0
0
0
0
0
0
0
0
0
0
0
0
0
0
0
0
0
0
0
0
0
0
0
0
0
0
0
0
0
0
0
0
0
0
0
0
0
0
0
0
0
0
0
0
0
0
0
0
0
0
0
0
0
0
0
0
0
0
0
0
0
0
0
0
0
0
0
0
0
0
0
0
0
0
0
0
0
0
0
0
0
0
0
0
0
0
0
0
0
0
0
0
0
0
0
0
0
0
0
0
0
0
0
0
0
0
0
0
0
0
0
0
0
0
0
0
0
0
0
0
0
0
0
0
0
0
0
0
0
0
0
0
0
0
0
0
0
0
0
0
0
0
0
0
0
0
0
0
0
0
0
0
0
0
0
0
0
0
0
0
0
0
0
0
0
0
0
0
0
0
0
0
0
0
0
0
0
0
0
0
0
0
0
0
0
0
0
0
0
0
0
0
0
0
0
0
0
0
0
0
0
0
0
0
0
0
0
0
0
0
0
0
0
0
0
0
0
0
0
0
0
0
0
0
0
0
0
0
0
0
0
0
0
0
0
0
0
0
0
0
0
0
0
0
0
0
0
0
0
0
0
0
0
0
0
0
0
0
0
0
0
0
0
0
0
0
0
0
0
0
0
0
0
0
0
0
0
0
0
0
0
0
0
0
0
0
0
0
0
0
0
0
0
0
0
0
0
0
0
0
0
0
