0
0
-4.051953110476291e-08
0
0.006577627131995392
0
0
0.001056462961914336
0.0011130587864368801
0
0.03013801645777914
0.0016807250388382047
0.0013677027711761947
0.0020195798338225853
0
0
0
0
0
0
0
0
0.016911784140059845
0.00036581020223084676
0.0009188315245867514
0
0
0
0
0
0
0.0005984095570591322
0
0
0.002183074870578723
0.0036152766947344654
0
0.004175504495231388
0
0
0.0004913738422659626
0.0014294395727975618
0
0
0
0
0
0
0
0.003143607501266137
0
0
0
0.0011197196732934947
0.005991991099599684
0
0
0.004660533588402706
0
0
0.0018188201690848514
0.0027254961145648663
0.0020750491902171474
0.0005536673533094401
0.004043313512448426
0
0
0
0.0007313155096468507
0.000679159575743854
0
0
0
0.004118989585835456
0
0
0
0
0
0
0
0
0
0
0.0013089002993748374
0
0.0020133138359603995
0
0
0
0
0
0
0
0.0026483667509579812
0
0
0.010375522512646285
0
0
0
0
0.0016406946206128413
0
0
0.010248522656345495
0.0009376018915437399
0.00336735058063444
0
0.00046643884550772087
0
0
0
0
0.0006624450542996006
0
0
0
0
0
0
0
0
0
0
0
0
0
0
0
0
0.002661052215610061
0
0
0
0
0
0
0.00045731124276546736
0
0
0
0
0
0
0
0
0
0.000757387490567541
0
0
0
0
0
0
0.0005635185853434426
0
0.0006986617869289453
0
0
0
0.0006498092760159461
0
0
0
0.0016178073519171107
0.0008026532136852534
0
0
0
0
0
0
0.005594136675727373
0
0
0
0.005217666209574148
0
0
0
0.00128936522815196
0
0.001213521137507428
0
0
0
0
0
0.0009445063294449823
0
0.0033468821662212753
0
0
0
0.012568666756813904
0.00042054208625505506
0
0.001021992644737168
0
0.0006410773039789644
0.004729391999810132
0.005304794895730834
0.00963967843952997
0
0
0
0
0
0.0059967894203291836
0
0
0.0035100077464163167
0
0
0
0.003923550174531627
0.0006122033128439169
0.003605969856968611
0.004139145215926742
0.00039860883704686097
0
0.0011482237916211455
0
0
0
0.0026391797897633374
0
0
0
0
0
0.003778025317779929
0
0
0
0
0
0
0
0
0.0017443336763176812
0
0
0
0
0.0011644918528013856
0
0
0.0010108345642286915
0
0
0.0008117207217472408
0
0
0
0
0
0
0
0
0
0
0
0
0.0007384776964963896
0
0
0
0
0
0.0009255517481865912
0
0
0.0033473606128842973
0
0
0.0006268018398556152
0.0029599701528019383
0
0.005286605283074658
0.0014020918983912614
0.0005312230526624408
0.0026520622858815534
0
0
0.0007121596070487637
0
0
0
0
0
0
0
0
0
0.0009158538523746371
0
0
0.00139243463591641
0
0.0008074820918054689
0
0
0
0.0005816582624339164
0
0
0
0
0.004635838167768828
0
0
0
0.0007526123469167066
0.0014407752479180947
0
0.004503361674902284
0.0004781260237458965
0
0
0.0008393444005339003
0
0.002851667721892079
0
0
0.003619805668009494
0.0008204914852875466
0
0
0.004564247135119731
0
0.0027345472411340757
0.003184131168465348
0.0033471493175484864
0.006323868992230002
0.0018552176725668906
0
0.004335874870770693
0.0012461276086494465
0.001963367272868864
0
0
0
0
0.002871758819969732
0.004738768687986403
0
0
0
0
0.003526244148738219
0
0
0
0
0
0
0
0
0
0
0.00702387627549576
0
0
0
0.0034321318919104493
0
0.0009825963227716747
0.0007399429828156756
0.0007168798377733858
0
0.0019690157576543093
0
0.0081603539983416
0
0
0
0.001915492043938181
0
0
0.0012254117935833154
0.006417300706298805
0
0.0005460660808619626
0
0
0
0
0
0.0030453121112087866
0
0
0.00370463519802821
0
0
0
0
0
0
0.004711566832994587
0
0.001011509087348714
0
0
0
0
0
0.0015700820096394836
0.0016334277439565754
0
0
0.0005300775207035981
0
0.0023442097341107456
0
0
0
0
0
0.0007661835390312001
0
0
0
0
0
0
0
0
0
0.0008557150730209844
0.0004572748676285014
0
0
0.00101036183536933
0.0009255517481865912
0
0
0
0.001244501722386452
0
0
0
0
0.0004609100381696984
0.0016135694434991276
0
0
0
0
0
0.001012084009832243
0.003911836228524677
0
0
0
0.011777133506124594
0
0
0
0.0010058070230969983
0.0008204914852875466
0
0
0.0017995283305244343
0.0006206702126621235
0
0
0
0.0008677847754713983
0
0
0
0
0.002566920282519522
0
0.0008848166537181456
0.0025115545050372907
0
0
0
0
0.0005770112208786731
0
0
0
0.0014589003196737742
0
0
0
0
0
0
0
0.0028958445344075953
0
0
0.000748465868443236
0.0007444076196453561
0
0
0.0009058459282308356
0
0.004551790893069213
0.008089396267478519
0.0014251678484755975
0.0006560225452195724
0
0
0
0.004419137484674377
0
0.0008697113625372964
0.0004094769718051928
0.003768316031561379
0
0
0
0
0.0012911547278948094
0
0
0
0
0
0
0.0016478602422186509
0
0.0018269052187298938
0.0016882274049297792
0.004557144257755402
0.016059056391885155
0.0014818522637769411
0
0.0016675363928078846
0.062395151372730995
0.00416358573354156
0.0028921040221376094
0
0.001905979587721146
0.0015139879816137645
0.0007833857854031509
0.001203887772135998
0
0
0
0
0
0.002682746033582536
0.001681872865689358
0
0
0
0
0
0.000527806892722229
0.0010106483250528022
0
0.000748465868443236
0.0015628064894071636
0
0.0014737485661294888
0
0.0028128056746312196
0.001984403346953807
0
0
0
0
0
0
0
0.0007237042929269121
0.002145456999236832
0.0069600232159002145
0.0010009499432360183
0.0026666126834222004
0.0007322550706493409
0.0034963823233394474
0.0008890552836599176
0
0
0.0127749080592146
0
0
0
0
0
0.0013930401500818652
0
0.0004931132415336621
0
0
0
0.0006137150552189733
0.006652106964425225
0
0.0037240212759727413
0
0.0010464221964202635
0.0007600929330607618
0.002641981968812716
0
0
0.001376574356972215
0
0.0011586411783727055
0.004261798152634162
0
0.0006519609724615001
0
0
0.0005104067376709542
0.0018612241203458022
0.0013655167422961698
0
0.002027050236886292
0
0.002901076883745917
0.0016940197987392242
0.0016234414434944816
0
0.002647932205552634
0.0007587668568746095
0
0
0
0
0
0.0018580888166467985
0
0
0
0
0
0.0005048947503424497
0.004433922035181416
0
0
0
0.001510752140285747
0.0008714795573051263
0.0018534960237352998
0
0
0.006112449910976489
0
0
0.0045915689384763226
0
0.0007104717155215878
0
0
0.001849554276828118
0.0017168667368133597
0
0
0.0015043393447841916
0
0.0006519609724615001
0
0.004870324330483445
0
0.0028432090997904855
0
0
0.0031007311372423948
0
0
0
0
0.0027242754860859297
0
0.0004529061855854847
0
0
0.001601602616009736
0.006014548093230236
0
0.0020285000342155695
0
0.0013984916071251565
0
0.0006532015003976391
0.0007351018473452546
0.0011772527229729085
0.004693125732985911
0
0.002836414329504548
0.002857869545063352
0
0.001785506737172755
0
0.006300582674389552
0
0.004395220383815258
0.0005111440037525064
0.0023317821490871273
0
0.0008786302574272524
0
0
0
0
0.001855078477749281
0.0014870534154377826
0
0
0
0
0.0008766119264467952
0
0
0.0007054958551202341
0
0.0008557150730209844
0.000538074380974418
0
0
0.0020298729069128333
0
0.000676680221453631
0.0009674643864305489
0
0.001923435021883236
0.0005046090117155145
0
0.0011938930887020645
0
0.0016673010600227192
0.0006563385858847698
0.0006634273594638797
0.0005418547488303284
0
0.0008074820918054689
0.0006479840898598998
0.008793033832734685
0.0007474431823586689
0.0008658774545988857
0.003791652046001776
0
0.0011938930887020645
0.0007409261318884706
0.0005162344447703195
0
0
0
0
0
0.0006820331592560883
0
0
0
0
0.005404713846676323
0
0.001751425718013108
0
0
0
0
0
0
0
0
0.0007920543483114576
0
0
0.002058169160999125
0.001975838759644847
0.0009348575204866925
0.003908380445780666
0.0005716613631998824
0.0006704489068838143
0
0
0
0.0009879193798224236
0.0028886640391321064
0.0011515265048552153
0.0017652141320388913
0.0040434679643005
0
0.000627616348557399
0
0
0
0
0
0.004735831450566243
0.0021152610022041594
0
0.0016657016405071609
0.0010149364534564166
0.0006994532009184192
0
0
0
0
0.0023819717357468667
0
0.004803045416364381
0
0
0.0005714585662665751
0
0
0
0
0
0
0.0020679791199281613
0.0011121657433693368
0.001798741214395969
0.000549286747406217
0.0008614637897802152
0
0.0008816983744884051
0
0.02652455399761527
0.0011312373444769955
0.0013410321067683414
0.0017654642933099551
0.0006871685213332564
0
0
0.001648536900499251
0
0
0
0
0
0.0009549529840872698
0.020171697701488155
0
0
0.0009793456181099258
0
0
0.0010058070230969983
0
0
0
0
0
0.0006137150552189733
0.0015290061664918664
0.002584973155503518
0.002193741042487586
0
0
0
0
0
0.0009504650006025866
0
0
0
0
0
0
0
0.0004527973522028988
0
0
0.0014434397127366914
0
0
0.000573087011572323
0
0
0
0
0
0.001492766074036501
0.000797280168297747
0
0
0.0005648844361774743
0.0007199456063850702
0.0007121596070487637
0.0007489792752076288
0
0.0019322653127694528
0
0
0.0032551792146499102
0.0008901298245178722
0
0
0.004598158525441171
0
0
0
0
0
0
0.001409358041809417
0
0
0
0.0005183706486763917
0
0
0
0
0
0
0
0
0.0011515265048552153
0
0
0
0
0
0
0
0
0
0.002116487565360702
0
0
0
0
0
0.0036033487707213684
0
0.0012917530982067022
0.004299160156982663
0
0
0
0
0
0.0012330361845520786
0
0
0
0.0009270785371331186
0
0
0
0.000797280168297747
0.0004618204480023624
0
0.0015815399260025286
0
0
0
0.0029442413508838235
0
0
0.007913383726131408
0
0
0.026128060015905563
0
0
0
0
0
0.001139023343813302
0
0
0
0.0005036122841880213
0.0006365280073226787
0
0
0
0
0
0
0
0
0
0
0
0
0.0015972186121309098
0
0
0
0
0.003965186792979063
0.019777672726632594
0
0
0.0009000832391985074
0
0
0
0
0
0
0
0
0.0006124544392762546
0.004130907540641095
0.001961708959270882
0.005449904517820459
0
0.0026520622858815534
0
0
0
0.0007820135828173852
0
0
0.0011062462587614883
0
0
0
0.007526388321274905
0
0
0
0
0.0008766119264467952
0.0007469338883369488
0.0010725906346261541
0.0009204311588224507
0
0
0.0036204438343163496
0
0.0008124364092579314
0.002111872748086965
0
0
0.002009353534936581
0
0
0.0007253186517725766
0
0
0
0.0009070196580752716
0
0
0
0.0005782674087201488
0
0
0
0.0008204914852875466
0.003780485729815026
0
0.001954659348361011
0
0
0.0006749287812510112
0
0
0.0013713742239224124
0
0
0
0.0014682963857388762
0
0.0005408162862043066
0
0
0.0008738749246462832
0
0
0
0
0
0
0.0037735994383662763
0
0
0.001877163632744982
0
0
0
0
0
0
0
0.0014358710701106328
0
0
0.0010309545525156874
0.001556761022216615
0.0007389648755551531
0.0003420473224430367
0
0
0.0007271438379286229
0
0.0009093890114986088
0
0.0019972178177769216
0
0.0012072318473647535
0.0004844421802945323
0.0009750997485295951
0
0.0014599146633682465
0
0
0
0
0.0011803703433260935
0
0
0
0.0008869241944746945
0.002336943712746759
0
0
0
0
0
0
0
0
0
0
0
0
0
0
0
0
0
0
0
0
0
0
0.0005027620725373406
0
0
0
0
0
0
0.0021239026776871403
0
0
0
0
0
0
0.00379482996057147
0
0
0
0
0.0009335000023160147
0
0
0
0.0006074936785524099
0
0
0
0
0.0005064740107583592
0
0.0008503920159702355
0
0
0
0
0.0020471862615582623
0
0
0
0
0
0.0015380352506367853
0.0033220041198566406
0
0
0
0.0008212409184631884
0
0
0
0.0014645101412986818
0
0
0
0.002046829520519865
0
0.0009486250337479629
0
0
0
0
0
0.000877618422174593
0.004915745101236257
0
0.0008639890184015346
0
0
0.002202371440656495
0
0
0
0
0
0
0
0.0007360602940747363
0
0
0
0
0.0032773999238236663
0
0.0006897890011889314
0
0.0003340593154529778
0
0
0
0
0
0
0.0006485905466436839
0
0
0
0
0
0
0
0
0
0.016756815167268672
0.0005958587160281849
0.0017882676182513877
0
0
0
0.004853422055751331
0
0
0
0
0.002015448469351774
0
0
0
0
0
0.0015031344913674107
0
0
0.0004111313439480076
0.0028031214428155967
0
0.0006677434643905935
0
0
0
0.0012314990663045099
0.001112539908181693
0.0006117020497490725
0
0
0
0.0013547706515211568
0
0.005219962378460816
0
0.0012294591630710192
0.001283460141259761
0.0006464763310372576
0.0021773199404533064
0
0.0010441786278999664
0.0018779723841070724
0
0
0
0
0
0
0.0008736239202014396
0
0
0
0
0
0
0.0007595487657934708
0
0.0010971326583662216
0.0006916830634057159
0.0018188201690848514
0
0
0
0
0.000629530505819994
0
0.0006894124354243467
0
0
0
0.0010996686932319881
0
0
0
0
0
0
0
0.0007351018473452546
0
0
0
0.003062440426025725
0.0011165585267893876
0
0.0003920881892115835
0.0008581827996947329
0
0
0
0
0
0
0
0
0
0
0
0
0
0
0
0
0
0
0
0
0
0
0
0
0
0
0
0.002965678453600002
0
0
0
0
0
0
0
0
0.0009229742698027034
0.0007489792752076288
0.0005816582624339164
0.0006473795552878458
0
0
0
0
0
0
0
0
0.00046457804540370325
0
0.0007690176253183926
0
0.0005666550259740697
0.00028682785039051253
0
0.0010971326583662216
0
0.0006955285666081466
0.001054004921838048
0
0.004538009540481431
0
0
0
0
0
0
0
0
0
0.0013989064018368384
0.000823507050045632
0
0.0008047077811050343
0
0
0.0005525627334392152
0
0.0008312613902403926
0
0
0
0.001603946493681971
0.0005507357989938462
0
0
0
0
0
0
0
0
0.001051376513872726
0
0
0
0.001336832471607038
0.0007926997990046182
0
0.004314115156064633
0
0
0
0
0
0
0
0
0
0
0.0012418264147140625
0
0
0
0.0006426110444723934
0
0
0
0
0
0
0
0
0
0
0
0
0
0.001210488811950134
0
0.0035636075871351655
0
0
0
0
0
0
0
0.0008368833277061476
0
0.0019002523007920357
0.002404396994786074
0
0.007035103563318309
0
0
0
0
0
0.0019651926455433494
0
0.0008060898922095101
0
0
0.0007117362317410556
0
0.0017861957095539136
0.0017394227250745928
0
0
0
0
0.0024394643771894777
0
0
0
0
0
0
0
0
0
0
0
0
0.001679234026052089
0.010800913749262231
0
0.004552924089548734
0
0.0010277995625152633
0
0
0
0
0
0
0
0
0
0
0.0008153263205721793
0.0006943667528768092
0
0
0
0
0
0.0027612934764673523
0
0
0.000808182021023276
0
0
0
0
0.0359603641778026
0
0
0.000823507050045632
0
0
0.0007444076196453561
0
0
0
0
0
0
0.0007999477711920326
0
0.0022609896189368273
0
0
0
0
0.0006303567764168154
0
0
0
0
0.003452094425669776
0
0
0
0
0
0
0
0
0.0007121596070487637
0.004461158875120951
0
0
0
0
0
0
0
0
0
0.0008512689393439965
0
0
0.0031159249503290116
0
0
0
0
0.000859348144730062
0
0
0.0008486501728340018
0
0
0
0
0
0
0
0
0
0.000823507050045632
0
0
0
0
0
0.0038682081071469824
0.0015786042230153253
0
0
0
0
0.003941833455638938
0
0
0
0
0.0005827303872232412
0
0
0
0
0
0
0
0
0.0018877676274782992
0
0.0009242586551128967
0
0.0009389890285510029
0.0035691889594488034
0
0
0
0
0
0
0
0
0
0
0
0.0007022493001766082
0.0015020936694512541
0
0.0021226601332392054
0
0
0.0014036946780417287
0
0.0006901663118912213
0
0
0
0
0
0
0
0
0
0
0
0
0
0
0
0
0
0
0
0
0
0
0
0
0.002897564510438396
0
0
0
0
0
0
0.0062749258379097275
0
0
0
0.0025863572897478304
0
0
0.0017322870946671954
0.0007536632063122758
0
0.000729914789781171
0
0
0.00165468963058885
0
0
0
0
0
0.0011344977882339602
0
0
0
0
0
0
0
0
0
0.002206588315146633
0
0.0015919204575779186
0
0.003415696652679139
0
0
0.0009861284699712238
0
0
0.0004882037333138283
0.002221301771637093
0
0
0
0
0
0
0
0
0
0.0008890552836599176
0
0
0.0022860777420602614
0
0
0
0
0
0
0
0
0
0
0
0
0
0
0
0
0
0
0
0
0
0.002117716763456233
0
0
0
0
0
0
0
0
0
0
0
0
0
0
0
0
0
0
0.0017405020225344724
0
0
0
0
0
0
0
0.0007730574540575587
0
0
0
0
0
0
0
0
0
0.0011690879908099801
0
0
0
0
0
0.0007783805111083075
0.001496931736886472
0
0
0
0
0.0020257489640922288
0
0.0007617348126214332
0
0
0
0.002254701737051116
0
0
0.0009990330376755563
0
0
0
0
0
0.000643792042040183
0
0
0
0.0016870667726993427
0.0008530349750893324
0.0012010445714285478
0
0
0
0
0.0008190013956944142
0
0
0
0
0
0
0
0
0
0
0.004045686637582253
0.014400584836612228
0
0
0
0
0
0
0
0
0
0
0
0
0
0
0
0
0.0005596692014506604
0
0
0
0
0
0
0.0009549529840872698
0
0
0
0
0.0006124544392762546
0.003125612978814327
0
0
0
0
0
0
0
0
0.0016248728185158628
0
0
0
0.00048012452792776277
0
0
0
0
0
0
0
0
0.0008067847217495638
0.0009952560727134773
0
0
0
0
0
0
0
0
0
0
0
0
0
0
0
0.0018526430373294858
0
0
0
0
0.001578988337922881
0
0.005663302882434897
0
0
0
0
0.002742653668856473
0
0.0030535637956495398
0
0
0
0.02134401144691978
0
0
0
0.0009012219321198317
0
0
0
0.0026420105257340255
0.0013107840612060723
0
0
0
0
0
0
0
0
0.0010754163233130014
0
0
0
0
0
0
0
0
0
0
0.0020298729069128333
0
0.0012730560146453575
0
0
0.0021152610022041594
0.0007014462232099205
0.0007454141153731538
0
0.0007199456063850702
0
0
0
0
0
0
0
0
0
0
0
0.0012799604745513723
0
0
0
0.0011548580631114637
0
0
0
0
0
0
0
0
0
0.0042346204660011
0
0
0
0
0
0
0
0
0
0
0
0
0
0
0
0
0
0.0510936003617163
0
0
0
0.0034409778278588206
0.0011096221079126233
0
0
0
0
0
0.0015815399260025286
0
0
0
0
0
0
0
0.000808182021023276
0
0
0.0009489921709070094
0
0
0
0
0
0
0
0.0006507284609169472
0.0007701631572772352
0
0
0
0
0
0
0
0
0
0
0
0
0
0.003615307298871463
0
0
0
0
0
0
0
0
0
0
0
0
0
0
0
0
0
0
0
0
0
0
0
0.004387612878989307
0.0014251678484755975
0
0
0
0.0007966190567248906
0
0.002319172362172676
0
0
0
0
0
0
0
0
0
0
0
0
0.0012966961596028246
0
0
0
0
0.10222199183200477
0
0.000651035842929982
0
0
0
0
0
0
0
0
0
0
0
0
0
0
0
0
0.0007656217403987842
0.0013260973955035035
0
0
0
0
0
0
0
0.0006209327460797706
0.001580261998523878
0
0
0
0
0
0.0028269108132250994
0
0
0
0
0
0
0
0
0
0
0
0
0
0
0
0
0
0
0
0
0.00594737134652394
0
0
0
0
0
0.0009376018915437399
0
0
0
0
0
0
0
0
0
0
0.0008697113625372964
0.0019253518431906513
0
0
0
0.0010212595904613567
0
0
0.0005540369861728158
0
0
0
0.001056462961914336
0
0.002254920759029833
0.002786790003179772
0
0
0
0
0
0
0
0
0
0
0
0
0
0
0
0
0
0
0
0.000842676022323027
0
0
0
0
0
0
0
0
0
0
0
0
0
0
0
0
0
0
0
0
0
0
0
0
0.000840171866030486
0
0
0.0025872610074341553
0
0
0
0
0
0
0
0
0
0
0.0017956520944004469
0
0
0
0
0
0
0
0
0
0
0
0
0
0
0
0
0
0
0
0
0
0
0
0
0
0
0
0
0
0
0.0007946493611010398
0
0
0
0.0009897272653754548
0
0
0
0
0
0
0.0010234147602599325
0
0
0
0
0
0
0
0
0
0
0
0.0009321520779934718
0.0009154444565328603
0
0
0
0
0
0
0
0
0
0
0
0
0
0
0
0
0
0
0
0.0014337596755467717
0
0
0.0011247111817995618
0
0
0
0.0008539241631697847
0
0
0
0
0
0
0
0
0
0
0
0
0
0
0
0
0
0
0
0.0007303805543540399
0
0
0
0.001287823373862811
0
0.0008320544495859321
0
0.000885867513113715
0
0
0
0
0
0
0
0
0
0
0
0
0
0
0
0
0
0
0.0012047949414275934
0
0
0.001777982293502979
0
0
0
0
0
0
0
0.0006624450542996006
0
0
0
0
0.0019831049030630023
0
0
0
0.0008512689393439965
0
0
0
0
0
0
0
0
0
0
0
0
0
0
0
0
0
0
0
0
0
0
0
0
0
0.0007563159680986828
0
0
0
0.0006871685213332564
0
0.001687036201887754
0
0
0
0
0
0
0
0
0
0
0
0.0008160556923895364
0
0
0
0
0
0
0
0
0
0
0.0011786265032217027
0
0
0
0
0
0.0010322875459999464
0
0
0
0.0013576068058173683
0
0
0
0.0008922972398622009
0.0024932478061578584
0
0
0
0
0
0.0033534513622290943
0
0.0009093890114986088
0
0
0.0011835808206741652
0
0.0009674643864305489
0.0016921337520735893
0
0
0
0
0
0
0
0
0.0008219933079903705
0
0
0.0013341461154653584
0.0011926399500286305
0
0
0
0
0
0
0.0013308145572091103
0
0
0
0
0
0
0
0
0
0
0.004643991516247158
0
0
0
0
0
0
0
0
0
0
0
0
0
0
0
0
0
0
0
0
0
0
0
0
0
0
0
0
0.0009191722070712869
0
0
0
0
0
0
0
0
0
0
0.0014320257589449503
0
0
0
0
0
0
0
0
0
0
0
0
0.0011886672687157751
0
0
0
0
0.000859348144730062
0
0
0
0
0
0
0
0
0
0
0
0
0
0
0
0
0
0
0.0012557772525186453
0
0
0
0
0
0
0
0
0
0
0
0
0
0.003969986451939697
0
0
0
0
0
0
0
0
0
0
0.0007434064073840278
0
0.0006473795552878458
0
0
0
0
0
0
0
0.0024327158114519575
0
0
0
0
0
0
0.0008410029370526022
0
0
0.009283391067528958
0
0
0
0.0009046793772071017
0
0
0
0.0011237567583329401
0
0.0023289837056027713
0
0
0
0
0
0
0
0
0
0.0011886672687157751
0
0
0
0
0
0
0
0
0
0
0
0
0
0
0
0.001677041018826902
0
0
0
0
0
0
0
0
0
0
0
0
0
0
0
0
0.01357190218399812
0.0010009499432360183
0.0008393444005339003
0
0.0055398775216533155
0.000828121722673337
0
0
0.0008837715524851444
0
0
0
0.001135090616900707
0
0.0008033356133319983
0
0.001572683053943781
0.013156473741869306
0
0.002233222858936068
0
0
0
0
0.0010149364534564166
0
0
0.0009580047371573519
0
0
0.0013740307215155015
0
0
0
0
0
0
0
0
0
0
0.001430299688146442
0
0.0011938930887020645
0
0
0
0
0
0
0.000827344815294425
0
0.001751221428370934
0
0
0
0
0
0.0007248650713024322
0
0
0
0
0
0
0
0
0
0
0.005653821626450199
0.0016721399536055214
0
0
0
0
0
0
0
0
0
0
0
0
0
0
0
0
0
0
0
0
0
0
0
0
0.030293539254416683
0
0
0
0
0
0
0
0
0
0
0
0
0
0
0
0
0
0
0
0
0
0
0
0
0
0
0
0
0
0
0
0
0
0.003464574189334391
0
0
0
0
0
0
0
0
0
0
0
0.002843569160433339
0
0
0.0009740419519600491
0.00165468963058885
0
0
0
0
0.0008630517659120382
0
0
0
0
0
0
0
0
0
0
0
0
0
0
0
0.0009475306273736184
0
0
0
0
0
0
0
0
0
0
0
0
0
0
0
0
0
0
0
0
0.0010464221964202635
0
0.0005820863894325476
0
0.0012286673699902493
0.001361900971190107
0.0007526123469167066
0
0
0
0
0
0
0
0
0
0
0
0
0.0009952560727134773
0
0
0
0
0
0
0
0
0
0
0
0.0014750141114717144
0.0008706820032978287
0
0
0
0
0
0
0
0.0008289018075963821
0
0
0
0
0
0
0
0
0
0
0
0
0
0
0
0
0
0.0032304898274374684
0
0
0
0
0
0
0
0
0
0
0
0
0
0
0
0
0
0
0
0
0
0
0
0
0
0
0.0037762521591004714
0
0
0
0
0
0
0.006581839586821656
0
0
0
0
0
0
0
0
0
0
0
0
0
0
0
0.0007907699630012643
0
0
0
0
0
0
0
0
0
0
0
0
0
0.0055985983664674725
0
0
0
0
0.002055955651494307
0
0
0
0.0007622852617706102
0
0
0
0
0
0
0
0
0
0.0008026532136852534
0
0
0.0005763862159573847
0
0
0
0
0
0
0
0
0
0
0
0
0
0
0
0
0
0
0
0
0
0
0
0
0
0
0
0
0
0
0
0
0
0
0
0
0
0
0
0
0
0
0
0
0
0
0
0
0
0
0
0
0
0
0
0
0
0
0
0.001287823373862811
0
0
0
0
0
0
0
0
0
0
0.0023289837056027713
0
0
0
0
0
0
0.0009093890114986088
0
0
0
0
0
0
0
0
0
0
0
0
0
0
0.0034410693185242523
0
0
0
0.006041362361384267
0
0
0
0
0
0.0008658774545988857
0
0
0
0
0
0
0
0
0
0
0
0
0
0
0.0009216984757628795
0
0
0
0.0031869261224305207
0
0
0
0
0
0
0
0
0
0
0
0
0
0
0
0
0
0
0
0
0
0
0.0006820331592560883
0
0
0
0
0
0.0020425191809227135
0
0
0
0.0020340419210391693
0
0
0
0.0009740419519600491
0
0
0
0
0
0.00285374160435435
0
0.0018449521756649706
0
0
0
0
0.0020364102087260523
0
0
0
0
0
0
0
0
0
0
0
0
0.00168367529031722
0
0
0
0
0
0
0
0
0
0
0
0.0008806701752446752
0.003405271850702121
0
0
0
0
0
0.001700784031940471
0
0
0
0
0
0
0
0
0
0
0.0012759177009515922
0.001090209043958791
0
0
0
0
0.000645278647366679
0
0
0
0
0
0
0
0
0
0
0
0
0
0
0
0
0
0
0
0
0
0
0
0
0
0
0
0
0
0
0
0
0
0
0
0
0
0.0011886672687157751
0
0
0
0
0
0
0
0
0
0
0
0
0
0
0
0
0
0
0
0
0
0
0
0
0
0
0
0
0
0
0
0
0.0005761783352852456
0
0
0
0
0
0
0
0
0
0
0
0
0.00373943008194677
0
0
0
0.0009549529840872698
0
0
0
0
0
0
0
0
0
0
0
0
0
0
0
0
0
0
0
0
0
0
0
0
0
0
0
0
0
0.001041593318300048
0
0
0
0
0
0
0
0
0
0
0
0
0
0
0
0
0
0
0
0
0
0.0009117881688907241
0
0
0
0
0
0
0
0
0
0
0
0
0
0
0
0
0
0
0
0
0
0
0
0
0
0
0
0
0
0
0
0
0
0
0
0
0
0
0
0
0
0
0
0
0
0
0
0
0
0
0
0
0
0
0
0
0
0
0
0
0
0
0
0
0.001059057974703918
0
0
0
0
0
0
0
0
0
0
0
0
0
0
0
0
0.0021545631275063887
0
0
0
0
0
0
0
0
0
0
0
0
0
0.0008033356133319983
0
0
0
0
0
0
0
0
0
0.0008530349750893324
0
0
0
0
0
0
0
0
0
0
0
0
0
0
0
0.0009117881688907241
0
0
0
0
0
0
0
0
0
0
0
0
0
0
0
0
0.0023475952502029743
0
0
0
0
0
0
0
0.0016721399536055214
0.0010322875459999464
0
0
0
0
0
0
0
0
0
0
0
0
0
0
0.0009000832391985074
0
0
0
0
0
0.0008827321466549776
0
0
0
0
0
0
0
0.0011237567583329401
0
0
0
0
0.0007355804686699591
0
0
0
0
0
0
0
0
0
0
0
0
0.0005460660808619626
0
0
0
0
0
0.0010088162332482344
0
0
0
0
0
0
0.0010212595904613567
0
0
0
0
0.0009204311588224507
0
0
0.0027281670344958264
0
0
0
0
0
0
0
0
0
0.0009191722070712869
0.0008879867626702801
0
0
0
0.0018589689501983721
0
0
0
0
0
0.003976518343838967
0
0
0
0
0
0
0.006682080637032879
0
0
0
0
0
0
0
0.002775924196034593
0
0
0.0012351334298177682
0
0
0.0010933104211992603
0
0
0
0
0
0
0
0
0
0
0
0
0
0
0
0
0
0
0
0
0
0
0
0
0
0
0
0
0
0
0
0
0
0
0
0
0
0
0
0
0
0
0.0009362247700534697
0
0
0
0
0
0
0.0009642587563873713
0
0
0
0
0
0
0
0
0.0011165585267893876
0
0
0
0
0
0
0.0033040951925133
0
0
0
0
0
0.0010149364534564166
0
0
0
0
0
0
0
0
0
0
0
0
0
0
0
0.0008837715524851444
0.0011430388710301307
0
0
0
0
0
0
0
0
0
0.0008978260472002234
0
0
0
0
0
0
0
0
0
0
0
0
0
0
0.00431313802059478
0
0
0
0
0
0
0
0
0.004469461221558581
0
0
0.0008019732468409855
0
0
0
0
0
0
0
0
0
0
0
0
0
0
0.003960271741557288
0
0
0
0
0
0
0
0
0
0
0
0
0
0
0
0
0
0
0
0
0
0
0
0.0009642587563873713
0
0
0.0009216984757628795
0
0
0
0
0.0011312373444769955
0
0
0
0
0.0011690879908099801
0
0
0
0
0
0
0
0
0
0
0
0
0
0
0
0
0
0
0
0.0007439063565505116
0.0012286673699902493
0
0.001078284505148695
0
0
0
0
0
0
0
0
0
0
0
0
0
0
0.0011201236866238626
0
0
0
0.0009580047371573519
0
0.01285996789890978
0
0
0
0
0
0
0
0
0
0
0
0
0
0.0006007584845033538
0
0
0
0
0
0
0
0
0
0
0
0
0
0
0
0
0
0
0.001087157290888709
0
0
0
0
0.000843518100943877
0
0
0
0
0
0
0
0
0
0
0
0
0
0
0
0
0
0
0
0
0
0
0
0
0
0
0
0
0
0
0.0007531370528812097
0
0
0
0
0
0
0
0
0
0
0.007771847046971697
0
0.0008848166537181456
0
0
0
0
0
0
0
0
0
0
0
0
0
0
0
0
0
0
0
0
0
0
0
0
0
0
0
0
0
0
0
0
0
0
0
0
0
0
0
0.0014663985659257486
0.0018001664783970149
0
0
0
0
0
0
0
0
0
0
0
0
0
0.016570567305256034
0.0009971352061185913
0
0
0.0008460668760367947
0
0
0
0
0
0
0.0017279780368030693
0
0
0
0
0
0
0
0
0
0
0
0
0.0030535637956495398
0
0
0
0
0.000877618422174593
0
0
0.001975838759644847
0
0
0
0
0
0
0
0
0
0
0
0
0
0
0
0
0
0
0
0
0
0.0016973003456680037
0
0.0020555991250305267
0.0013045406976873977
0.007298147434355872
0.000856616873744987
0.010097846418138894
0.005023844260537517
0.00550002042799553
0.002697124425054836
0.0009460801983472558
0
0
0
0
0
0
0
0
0
0
0
0
0
0
0
0
0
0
0
0
0
0
0
0
0
0
0
0.0037286083119738873
0
0
0
0
0
0
0
0
0
0
0
0
0
0.007033405597597517
0
0
0
0
0
0
0
0
0.0032177719038784624
0
0
0
0
0
0
0
0
0
0
0
0
0
0.0008026532136852534
0
0
0
0
0
0
0
0
0
0
0
0
0
0
0
0
0
0
0.0008575229585740158
0
0
0
0
0
0
0
0
0
0
0
0
0
0
0
0
0
0
0
0
0
0
0
0
0
0
0
0
0
0
0
0
0
0
0
0
0
0
0
0
0
0
0
0
0
0
0
0
0
0
0
0
0
0
0.0016335757282111409
0
0
0
0
0
0
0
0
0
0
0
0
0
0
0
0
0
0
0
0
0
0
0
0
0
0
0
0
0
0
0
0
0
0
0
0
0.0009952560727134773
0
0.0011237567583329401
0
0
0
0
0
0
0
0
0
0
0
0
0
0
0
0
0
0
0
0
0
0
0
0
0
0
0
0
0
0
0.0008584333684066799
0
0.0008033356133319983
0
0
0
0
0
0
0
0
0
0
0.0012163579057259788
0
0
0
0
0
0
0.0006690913887131364
0
0
0
0
0
0
0
0
0
0
0
0
0
0
0
0
0
0
0
0.004334143654370586
0
0
0
0
0
0
0.0008160556923895364
0
0
0
0
0
0
0
0
0
0
0
0
0
0
0
0
0
0.0011786265032217027
0
0
0
0
0
0
0
0
0
0
0
0
0.0007600929330607618
0
0
0
0
0
0
0
0.0008336505300113596
0
0
0
0
0
0
0
0.0009843542199879484
0
0
0
0
0
0
0
0
0
0
0
0
0
0
0
0
0
0
0
0
0
0
0
0
0
0
0
0
0
0
0
0
0
0
0
0
0
0
0
0
0
0
0
0
0
0
0
0
0
0
0
0.0006644147499234514
0
0
0
0
0
0
0
0
0
0
0
0
0
0.001135090616900707
0
0
0
0
0
0
0
0.005822459264006928
0
0
0
0
0
0
0
0
0
0
0
0
0
0
0
0
0
0
0
0
0
0
0
0
0
0
0
0
0
0
0
0
0.007248650713024322
0
0
0
0
0
0
0
0
0
0
0
0
0.0021759559553177297
0
0
0
0
0
0
0
0
0
0
0
0
0.0018459485396054068
0
0
0
0
0
0
0
0.0007888594579004687
0
0
0
0
0
0
0
0
0.0009534452252646275
0
0
0
0
0
0
0
0
0
0
0
0.008391210345295901
0
0
0.0016135694434991276
0
0.001647014100091264
0
0
0
0.0015073264126245515
0
0
0
0
0
0
0
0
0
0
0
0
0
0
0
0
0
0
0
0
0
0
0
0
0
0
0
0
0
0
0
0
0
0
0
0
0.0026315702549512083
0
0
0
0
0
0
0
0
0
0
0
0
0
0
0
0
0
0
0
0
0.0007718944596138969
0
0.0007701631572772352
0
0
0
0.0011556190670613717
0
0
0
0
0
0
0
0.005738836542306388
0
0
0
0
0
0
0
0
0
0
0
0
0
0
0
0
0
0.0012559610651343793
0
0
0
0
0
0
0
0
0
0
0
0
0
0
0
0
0
0
0
0
0
0
0
0
0
0
0.0012966961596028246
0
0.0017168667368133597
0
0
0
0
0
0
0
0
0
0
0
0.0009952560727134773
0
0
0.0029373852000049772
0
0
0
0
0
0
0
0
0
0
0.0008138758915458166
0
0
0
0
0
0
0
0
0.0009519492921231005
0
0
0
0
0
0
0
0
0
0.001069806198345179
0
0
0
0
0
0
0
0.0011690879908099801
0
0
0
0
0
0
0
0
0
0
0
0
0
0
0
0
0
0
0
0
0
0
0
0
0
0
0
0
0
0
0
0
0
0
0
0
0
0.0008766119264467952
0
0
0
0
0
0
0
0
0
0
0
0
0
0
0
0
0.0009281645355903983
0
0
0
0
0
0
0
0.0020425191809227135
0
0
0
0.0010488832692480163
0
0
0
0
0
0
0
0
0
0
0
0
0
0
0
0
0
0
0
0
0
0
0
0
0
0
0
0
0
0
0
0
0
0
0
0
0
0
0
0
0
0
0
0
0
0
0
0
0
0
0
0
0
0
0
0
0
0
0
0
0
0
0
0
0
0
0
0
0
0
0
0
0
0
0
0.0016938481864004402
0
0
0
0
0
0
0
0
0
0
0
0
0
0
0
0
0
0
0
0
0
0
0
0
0
0
0
0
0
0
0
0
0
0
0
0
0
0
0
0
0
0
0
0
0
0
0
0
0
0
0
0
0
0
0
0
0
0.002193946528940552
0
0
0.0010670618272881317
0
0
0
0
0
0
0
0
0
0
0
0
0
0
0
0
0
0
0
0
0
0
0
0
0
0
0
0
0
0
0
0
0
0
0
0
0
0
0
0
0
0
0
0
0
0
0
0.0027689228094081105
0
0
0
0
0
0
0
0
0
0
0
0
0
0
0
0
0
0
0
0
0
0
0
0
0
0
0
0
0
0
0
0
0
0
0.0011274603795149165
0
0
0
0
0
0
0
0
0
0
0
0
0
0
0
0
0
0
0.004278575365104922
0
0
0
0
0
0.0007038656700013216
0
0
0
0
0
0
0
0
0
0
0
0
0
0
0
0
0
0
0
0
0
0
0
0
0
0
0
0
0
0
0
0
0
0
0
0
0
0
0
0
0
0.0011430388710301307
0
0
0
0
0
0
0
0
0
0
0
0
0
0
0
0
0
0
0
0
0
0
0
0
0
0
0
0
0
0
0
0
0
0
0
0
0
0
0
0
0
0
0
0
0
0
0
0
0
0
0
0.009347774850987036
0
0
0
0
0
0
0
0
0
0
0
0
0
0
0
0.0026867857671414724
0
0
0
0
0
0
0
0
0
0
0
0
0
0
0
0
0
0
0
0
0
0
0
0
0
0
0
0
0
0
0
0
0
0
0.0033946006913360073
0
0
0
0
0
0
0
0
0
0
0
0
0
0
0
0
0
0
0
0
0
0
0
0.0027964562339804155
0.002150832646626003
0
0
0
0
0
0
0
0
0
0
0
0
0
0
0.002162392955416897
0
0
0
0
0
0.0011201236866238626
0
0
0
0
0
0
0
0
0
0
0
0
0
0
0
0
0
0
0
0
0
0
0
0
0
0
0
0
0
0
0.0006951405084929859
0
0
0
0
0
0
0
0
0
0
0
0
0
0
0.0036140796708910563
0
0
0
0
0
0
0
0
0
0
0
0
0
0
0
0
0
0
0
0
0
0
0
0
0
0
0
0
0
0.0008521499131865092
0
0
0
0
0
0
0
0
0
0
0
0
0
0
0
0
0
0
0
0
0
0
0
0
0
0.0021233775638012506
0
0
0
0
0
0
0
0
0
0
0
0
0
0
0
0
0
0
0
0
0
0
0
0
0
0
0
0
0
0
0
0
0
0
0
0
0
0
0
0
0
0
0
0
0
0
0
0
0
0
0.0007327265925157129
0
0
0
0
0
0
0
0
0
0
0
0
0
0
0
0
0
0
0
0
0
0
0
0
0
0
0
0
0
0
0
0
0
0
0
0.0010996686932319881
0
0
0.005931356907200004
0
0
0
0
0
0
0
0
0.0011644918528013856
0
0
0
0
0
0
0.0011992661340895707
0
0
0
0
0
0
0
0
0
0
0
0
0
0
0
0
0
0
0
0
0
0
0
0
0
0
0
0
0
0
0
0
0
0
0
0
0
0
0
0
0
0
0
0
0
0
0
0
0
0
0
0
0
0
0
0
0
0
0
0
0
0.0010725906346261541
0
0
0
0
0
0
0
0
0
0
0
0
0
0
0
0
0
0
0
0
0
0.0010108345642286915
0
0
0
0
0
0
0
0
0
0
0
0
0
0
0
0
0
0
0
0
0
0
0
0
0
0
0
0
0
0.000979128400001659
0
0
0
0
0
0
0
0
0
0
0
0
0
0
0
0
0
0
0
0
0
0.0036003329567940298
0
0
0
0
0
0
0
0
0
0
0.001279345067059295
0
0
0
0
0
0
0
0
0
0
0
0.0011690879908099801
0
0
0
0.0009534452252646275
0
0
0
0
0
0
0
0.0010009499432360183
0
0
0
0
0
0
0
0
0
0.0012351334298177682
0
0
0
0
0
0
0
0.0011737976251014871
0
0
0
0.006672776520600003
0
0
0
0
0
0
0
0
0
0
0
0
0
0
0.0032706271318763734
0
0.0013060019319029261
0
0
0
0
0
0
0
0
0
0
0
0.0039662098061260045
0
0.0030767836833109573
0
0
0
0
0
0
0
0
0
0
0
0
0
0
0
0
0
0.000940386327824715
0
0
0.0009070196580752716
0
0
0
0
0
0
0
0
0
0.0010300303540016625
0
0
0
0
0
0
0
0
0
0
0
0
0
0
0
0
0
0
0
0
0
0
0
0
0
0
0
0
0
0
0
0
0
0
0
0
0
0
0
0
0
0
0
0
0
0
0
0
0
0
0
0
0
0
0
0
0
0
0
0
0
0
0
0
0
0
0
0
0
0
0
0
0
0
0
0
0
0.00215656901029739
0
0
0
0
0
0
0.002724601966929184
0
0
0
0
0
0
0
0
0
0
0
0
0
0
0
0
0
0
0
0
0
0
0
0
0
0
0
0
0
0
0
0
0
0.0012966961596028246
0
0
0
0.002626832142556401
0
0
0
0
0
0
0
0
0
0
0
0
0
0
0
0
0
0
0
0
0
0
0
0
0
0
0
0
0
0
0
0
0
0
0
0
0
0
0
0
0
0
0
0
0
0
0
0
0
0
0
0
0
0
0
0
0
0
0
0
0
0
0
0
0
0
0
0
0
0
0
0
0
0
0
0.0012351334298177682
0
0
0
0
0
0
0
0
0
0
0
0
0
0
0
0
0
0
0
0
0
0
0
0
0
0
0
0
0.0010439924756921633
0
0
0
0
0
0
0
0
0
0
0
0
0
0
0
0
0
0
0
0
0
0
0
0
0
0
0.0007394533021928936
0
0
0
0
0
0
0
0
0
0
0
0
0
0
0
0
0
0
0
0
0
0
0
0
0
0
0
0
0
0
0
0
0
0
0
0
0
0
0
0
0
0
0
0
0
0
0
0
0
0
0
0
0
0
0
0
0
0
0
0
0
0
0
0
0
0
0
0
0
0
0
0
0
0
0
0
0
0
0
0.0008726382306804702
0
0
0
0
0
0
0
0
0
0
0
0
0
0
0
0
0
0
0
0.002270181233801414
0
0
0
0
0
0
0
0.0011938930887020645
0
0
0.001975838759644847
0
0
0
0.0011513328080775727
0
0
0
0
0
0.0013881653719358185
0
0
0
0
0
0
0
0
0
0
0
0
0
0
0
0
0
0
0
0
0
0.0010300303540016625
0.0017205346592621261
0
0
0
0
0
0
0
0
0
0
0
0
0
0
0
0
0
0
0
0
0
0
0
0
0
0
0
0
0
0
0
0
0
0
0
0
0
0
0
0
0
0
0
0
0
0
0
0
0
0
0
0
0
0
0.008009921536140373
0
0
0
0
0
0
0
0
0
0.0011274603795149165
0.009458783999620263
0
0
0
0
0
0
0
0
0
0
0
0
0
0
0
0
0
0
0
0
0
0
0
0
0
0
0
0.004477976278569121
0
0
0
0
0
0
0
0
0
0.001279345067059295
0
0
0.0006644147499234514
0
0
0
0
0
0
0
0
0
0
0
0
0
0
0
0
0
0
0
0
0
0
0
0
0
0
0
0
0
0
0
0
0
0
0
0
0
0
0
0
0
0
0
0
0
0
0
0
0
0
0
0
0
0
0
0
0
0
0
0
0
0
0
0
0
0
0
0
0
0
0
0
0
0
0
0
0
0
0
0
0
0
0
0
0
0
0
0
0
0
0
0
0
0
0
0
0
0
0
0
0
0
0
0
0
0
0
0
0
0
0
0
0
0
0
0
0
0
0
0
0
0
0
0
0
0
0.0011600038693167023
0
0
0
0
0
0
0
0
0
0
0
0
0
0
0.0012559610651343793
0
0
0
0
0
0
0
0
0
0
0.0008320544495859321
0
0
0
0
0.0008890552836599176
0
0
0
0
0
0
0
0
0
0
0
0
0
0
0
0
0
0
0
0
0
0.0013260973955035035
0
0
0
0
0
0
0
0
0
0
0
0
0
0
0
0
0
0
0
0
0
0
0
0
0
0
0
0
0
0
0
0
0
0
0
0
0
0
0
0
0
0
0
0
0
0
0.0031392665892607907
0
0
0
0
0
0
0
0
0
0
0
0
0
0
0
0
0.009358994737603227
0
0
0.00381378090105851
0
0
0.0009504650006025866
0.0010088162332482344
0
0
0
0
0
0
0
0
0
0
0
0
0
0
0
0
0
0
0
0
0
0
0
0
0
0
0.01668336602224462
0
0.005151293495451244
0
0
0
0
0
0
0
0
0
0
0.0010964630631888103
0
0
0
0
0
0
0
0
0
0
0.002697124425054836
0
0
0
0
0
0
0
0
0
0
0
0
0
0
0
0
0
0.00255869013411859
0
0.0018235763377814481
0
0
0
0
0
0
0
0
0
0
0
0
0
0
0
0
0
0
0
0
0
0
0
0
0
0
0
0
0
0
0
0
0
0
0
0
0
0
0
0
0
0
0
0
0.002874014211472056
0
0
0
0
0
0
0
0
0
0
0
0
0
0
0
0
0
0
0.0011312373444769955
0
0
0
0
0.0013369992482290326
0
0
0
0.002883318343193464
0
0
0
0
0
0.001869715040973385
0.0009229742698027034
0.003123233350285197
0
0
0
0.002420977623900268
0
0
0
0
0.01230713473324383
0
0
0.024732552987279027
0
0
0
0
0.0019448612316348994
0
0
0
0
0
0
0
0
0
0
0
0.01460883785832822
0.00431313802059478
0
0
0.01708007477863079
0
0
0
0.0012163579057259788
0
0
0
0
0
0
0
0
0
0
0
0
0
0
0
0
0
0.008268439339940991
0.001348562212527418
0
0
0
0
0
0
0
0
0
0
0
0
0
0
0
0
0
0
0
0
0
0.003686002109970748
0.00851450534008185
0
0
0
0
0.0010754163233130014
0
0.0012712276506147411
0
0
0.0009843542199879484
0
0
0
0
0
0
0
0
0
0
0
0
0
0.003020457111035589
0
0
0
0
0
0.005923066077315428
0.001210488811950134
0
0
0
0
0
0.000784474655645138
0
0.2287310881922535
0.0739941320544513
0
0
0
0
0
0
0
0.018864240330231246
0
0
0
0.0024327158114519575
0
0
0
0
0
0
0.02526177523349124
0.01665993146735864
0
0
0
0
0
0
0
0
0
0
0
0
0
0.0038320189486294076
0
0
0.0010028863100992678
0.002092844392840527
0
0
0
0.03563018155351637
0
0
0
0
0
0
0
0
0
0
0
0
0.0030767836833109573
0.0024573347399804986
0.0012966961596028246
0.0009861284699712238
0
0
0
0.017216509626919164
0
0
0
0
0
0
0
0
0.022232401736719826
0.0035648418138339738
0
0
0
0.005308443909503126
0
0
0
0
0
0
0
0.0019722569399424476
0.0008167878641055704
0.002118115949407836
0.009353015683890397
0
0
0
0
0
0
0
0
0
0
0
0.0011600038693167023
0
0
0
0
0
0
0
0
0
0.0011737976251014871
0
0
0
0
0
0
0
0
0
0
0
0
0
0
0
0
0
0
0
0.0030086589302978036
0
0
0
0
0
0
0
0
0.0019285175127747426
0.0009294844750991861
0
0
0.0076314633077115375
0
0
0
0
0
0
0
0
0.008749810213829656
0
0.005304389582014014
0
0
0
0
0
0
0
0
0
0
0
0
0
0
0
0
0
0
0
0
0
0
0
0.002673998496458065
0
0
0.0007266859013393538
0
0
0
0
0
0
0
0
0
0
0
0
0
0.004506109660599159
0
0
0
0
0
0
0
0
0
0
0
0
0
0
0
0
0
0.0011992661340895707
0
0
0.002721743353583377
0.005244416346240082
0
0
0
0
0.0007690176253183926
0
0
0.0027964562339804155
0
0
0
0
0
0
0
0
0
0
0
0
0
0
0
0
0
0
0
0
0
0
0
0
0
0
0
0
0
0
0
0
0
0.0011165585267893876
0
0
0
0
0
0
0
0
0
0
0
0
0
0
0
0
0
0
0
0
0.0011029291230163292
0
0
0
0
0
0
0
0
0
0.0010108345642286915
0
0
0
0
0
0
0.0011471407602578559
0
0
0
0
0
0
0
0
0
0
0
0
0
0
0
0
0
0
0
0
0
0
0
0
0
0
0
0
0
0
0
0
0
0.0010933104211992603
0
0
0
0
0
0.0009268536679024789
0
0
0
0
0
0
0
0
0.0010754163233130014
0
0
0
0
0
0
0
0
0
0
0
0
0.001877163632744982
0.00165468963058885
0
0
0
0
0
0
0
0
0
0
0
0
0
0
0
0
0
0
0
0
0
0
0
0
0
0
0
0
0
0
0
0
0
0
0
0
0
0
0
0
0
0
0
0
0
0
0
0
0
0
0.00168367529031722
0
0
0.0023289837056027713
0
0
0
0
0
0
0
0
0
0
0
0
0
0
0
0
0.0019905121454269546
0
0
0
0
0
0
0
0
0
0
0.0009534452252646275
0
0
0
0
0.0024448267015204604
0
0
0
0
0
0.0052240077276117045
0
0
0
0
0
0
0
0
0
0
0
0
0
0
0
0
0
0
0
0.0025424553012294822
0
0
0
0.0012163579057259788
0
0
0
0
0
0
0
0
0
0
0
0
0
0
0.001139023343813302
0.0013369992482290326
0
0
0
0
0
0
0
0
0
0
0.0038961678078401965
0.0018093587544142035
0.004043338256914766
0
0
0
0
0
0
0
0
0
0
0
0.014656984933693913
0
0
0
0
0
0
0.0023475952502029743
0
0
0
0
0
0
0
0
0
0
0
0
0
0
0
0
0
0
0.0026120038638058523
0
0
0
0
0
0
0
0
0
0
0
0
0
0
0
0
0
0.0009674643864305489
0
0.00280686391483236
0
0
0
0
0
0
0
0
0
0
0
0
0
0
0
0
0
0
0
0
0
0
0
0
0
0
0
0
0
0
0
0
0
0
0.007017159787080901
0
0
0
0
0
0
0
0
0
0.0012966961596028246
0
0
0
0.001087157290888709
0
0
0
0
0
0
0
0
0
0
0
0
0
0
0
0.002748061443031003
0
0
0
0
0
0
0
0
0
0
0
0
0
0
0
0
0
0
0
0
0
0
0
0
0
0
0
0
0
0.002139612396690358
0.001210488811950134
0
0
0
0
0
0
0
0
0
0.003890088478808474
0.001139023343813302
0
0
0
0
0
0
0
0
0.0013740307215155015
0
0.0011029291230163292
0
0
0
0
0
0
0
0
0
0
0
0
0
0
0
0
0
0
0
0
0
0
0
0
0
0
0
0
0
0
0
0
0
0
0
0
0
0
0
0
0
0
0
0
0
0
0
0.002748061443031003
0
0
0
0
0
0
0
0
0
0
0
0
0
0
0.0043986747729279525
0
0
0
0
0
0
0.0013740307215155015
0
0
0
0
0
0
0
0
0
0.0013608716767916885
0
0
0.0009446407160593705
0
0
0
0.004164496115807456
0
0
0
0.0010670618272881317
0
0
0
0
0
0
0
0
0
0.002776330743871637
0.008749810213829656
0
0
0
0
0
0
0
0.0025119221302687587
0
0
0
0
0
0
0
0
0
0
0
0
0
0
0
0
0
0
0
0
0.002483652829428125
0
0
0
0
0
0
0
0
0
0
0.0018001664783970149
0
0
0
0
0
0
0
0
0
0
0
0
0
0
0
0
0
0
0.004411716492065317
0
0
0
0
0
0
0
0
0
0
0
0
0
0
0
0
0
0.0012634416512784345
0.0011237567583329401
0
0
0
0
0
0
0
0
0
0.0012634416512784345
0.001210488811950134
0
0
0
0
0
0
0
0
0.0009046793772071017
0
0
0
0
0
0
0
0
0
0
0
0
0
0
0
0
0
0
0
0
0
0
0
0
0
0
0
0
0
0
0
0
0.003595805216553851
0
0
0
0
0
0
0
0
0
0
0
0
0
0
0
0
0
0
0
0.0012163579057259788
0
0
0
0
0
0
0
0
0
0
0
0
0
0
0
0
0
0
0
0.002021669128457383
0
0
0
0
0
0
0
0
0
0
0
0
0
0
0
0
0
0
0
0
0
0
0
0
0
0
0
0
0.002673998496458065
0
0
0
0
0
0.0026315702549512083
0.0022942815205157117
0
0
0
0
0
0
0
0
0
0
0
0
0
0
0
0
0
0
0
0
0
0.0016737666554122951
0
0
0
0
0
0
0
0
0
0
0
0
0
0
0
0
0
0
0
0
0
0
0
0
0
0
0
0
0
0
0
0
0
0
0
0
0
0
0
0
0
0
0
0
0
0
0
0
0.0013260973955035035
0
0
0.007535766390806276
0
0
0
0
0
0
0
0
0
0.0012224133507602302
0
0
0
0.0012634416512784345
0
0
0.0012418264147140625
0
0
0
0
0
0
0
0
0
0
0
0
0
0.002483652829428125
0
0
0
0.0029914056183557736
0
0
0
0
0
0
0.008844091558949042
0.005394248850109672
0
0
0
0
0.0010996686932319881
0
0
0
0
0
0
0
0.0012559610651343793
0.0013740307215155015
0
0
0
0
0
0
0
0
0
0
0
0
0
0
0
0
0
0
0
0
0
0
0.007678181321088097
0
0
0
0
0
0
0
0.001348562212527418
0
0.0014382062387043653
0.0023671616413483304
0
0
0
0
0
0
0
0
0
0
0
0
0
0
0
0
0
0
0
0
0
0
0
0
0
0
0
0
0
0
0
0
0
0
0
0
0
0
0
0
0
0
0
0
0
0
0
0
0
0
0
0
0
0
0
0
0
0
0
0
0
0
0
0
0
0
0
0
0
0
0
0.0028400553613285
0
0
0
0
0
0
0
0
0
0
0
0
0
0
0
0
0
0
0
0
0.0024702668596355364
0
0
0
0
0
0
0
0
0
0
0
0
0
0
0
0.001135090616900707
0
0
0
0
0
0
0
0
0
0
0
0
0.004164496115807456
0.00824418432909301
0.018460359848635248
0.0013881653719358185
0.0009952560727134773
0.020730731270603996
0.002575646747725622
0.0009915524515315011
0.00140343195741618
0.0028400553613285
0.0012047949414275934
0.0010996686932319881
0.01278024912597825
0.0023200077386334047
0.0013369992482290326
0.001210488811950134
0.0011513328080775727
0.0025119221302687587
0.0009990330376755563
0.0033391763593106404
0.001135090616900707
0.002748061443031003
0.0011992661340895707
0.003686002109970748
0.0013369992482290326
0.012563284364046435
0.0035977984022687124
0.00806485413065148
0.007852052727529021
0.003705400289453305
0.0406683457645574
0.01099287381854063
0.002387786177404129
0.0009348575204866925
0.005582792633946938
0.0013740307215155015
0.001139023343813302
0.0021993373864639763
0.0022475135166658802
0.001287823373862811
0.001087157290888709
0.004236231898815672
0.001279345067059295
0.0014583017023049425
0.0026120038638058523
0.0012487628335908266
0.001087157290888709
0.00806485413065148
0.0011029291230163292
0.009677824956781777
0.009677824956781777
0.001287823373862811
0.002748061443031003
0.0013369992482290326
0.0011513328080775727
0.0008944895685720492
0.001287823373862811
0.001348562212527418
0.0013060019319029261
0.0012224133507602302
0.0024095898828551867
0.0013608716767916885
0.00140343195741618
0.0009642587563873713
0.0010996686932319881
0.00710013840332125
0.001210488811950134
0.0011992661340895707
0.007291508511524713
0.0013369992482290326
0.0011430388710301307
0.001348562212527418
0.0013881653719358185
0.001287823373862811
0.0024573347399804986
0.006530009659514631
0.005443486707166754
0.0013608716767916885
0.0013060019319029261
0.001279345067059295
0.0011737976251014871
0.001139023343813302
0.0012487628335908266
0
0
0
0
0
0
0
0
0
0
0
0
0
0
0
0
0
0
0
0
0
0
0
0
0
0
0
0
0
0
0
0
0
0
0
0
0
0
0
0
0
0
0
0
0
0
0
0
0
0
0
0
0
0
0
0
0
0
0
0
0
0
0
0
0
0
0
0
0
0
0
0
0
0
0
0
0
0
0
0
0
0
0
0
0
0
0
0
0
0
0
0
0
0
0
0
0
0
0
0
0
0
0
0
0
0
0
0
0
0
0
0
0
0
0
0
0
0
0
0
0
0
0
0
0
0
0
0
0
0
0
0
0
0
0
0
0
0
0
0
0
0
0
0
0
0
0
0
0
0
0
0
0
0
0
0
0
0
0
0
0
0
0
0
0
0
0
0
0
0
0
0
0
0
0
0
0
0
0
0
0
0
0
0
0
0
0
0
0
0
0
0
0
0
0
0
0
0
0
0
0
0
0
0
0
0
0
0
0
0
0
0
0
0
0
0
0
0
0
0
0
0
0
0
0
0
0
0
0
0
0
0
0
0
0
0
0
0
0
0
0
0
0
0
0
0
0
0
0
0
0
0
0
0
0
0
0
0
0
0
0
0
0
0
0
0
0
0
0
0
0
0
0
0
0
0
0
0
0
0
0
0
0
0
0
0
0
0
0
0
0
0
0
0
0
0
0
0
0
0
0
0
0
0
0
0
0
0
0
0
0
0
0
0
0
0
0
0
0
0
0
0
0
0
0
0
0
0
0
0
0
0
0
0
0
0
0
0
0
0
0
0
0
0
0
0
0
0
0
0
0
0
0
0
0
0
0
0
0
0
0
0
0
0
0
0
0
0
0
0
0
0
0
0
0
0
0
0
0
0
0
0
0
0
0
0
0
0
0
0
0
0
0
0
0
0
0
0
0
0
0
0
0
0
0
0
0
0
0
0
0
0
0
0
0
0
0
0
0
0
0
0
0
0
0
0
0
0
0
0
0
0
0
0
0
0
0
0
0
0
0
0
0
0
0
0
0
0
0
0
0
0
0
0
0
0
0
0
0
0
0
0
0
0
0
0
0
0
0
0
0
0
0
0
0
0
0
0
0
0
0
0
0
0
0
0
0
0
0
0
0
0
0
0
0
0
0
0
0
0
0
0
0
0
0
0
0
0
0
0
0
0
0
0
0
0
0
0
0
0
0
0
0
0
0
0
0
0
0
0
0
0
0
0
0
0
0
0
0
0
0
0
0
0
0
0
0
0
0
0
0
0
0
0
0
0
0
0
0
0
0
0
0
0
0
0
0
0
0
0
0
0
0
0
0
0
0
0
0
0
0
0
0
0
0
0
0
0
0
0
0
0
0
0
0
0
0
0
0
0
0
0
0
0
0
0
0
0
0
0
0
0
0
0
0
0
0
0
0
0
0
0
0
0
0
0
0
0
0
0
0
0
0
0
0
0
0
0
0
0
0
0
0
0
0
0
0
0
0
0
0
0
0
0
0
0
0
0
0
0
0
0
0
0
0
0
0
0
0
0
0
0
0
0
0
0
0
0
0
0
0
0
0
0
0
0
0
0
0
0
0
0
0
0
0
0
0
0
0
0
0
0
0
0
0
0
0
0
0
0
0
0
0
0
0
0
0
0
0
0
0
0
0
0
0
0
0
0
0
0
0
0
0
0
0
0
0
0
0
0
0
0
0
0
0
0
0
0
0
0
0
0
0
0
0
0
0
0
0
0
0
0.0012966961596028246
0
0
0
0
0
0
0
0
0
0
0
0
0
0
0
0
0
0
0
0
0
0
0
0
0
0
0
0
0
0
0
0
0
0
0
0
0
0
0
0
0
0
0
0
0
0
0
0
0
0
0
0
0
0
0
0
0
0
0
0
0
0
0
0
0
0
0
0
0
0
0
0
0
0
0
0
0
0
0
0
0
0
0
0
0
0
0
0
0
0
0
0
0
0
0
0
0
0
0
0
0
0
0
0
0
0
0
0
0
0
0
0
0
0
0
0
0
0
0
0
0
0
0
0
0
0
0
0
0
0
0
0
0
0
0
0
0
0
0
0
0
0
0
0
0
0
0
0
0
0
0
0
0
0
0
0
0
0
0
0
0
0
0
0
0
0
0
0
0
0
0
0
0
0
0
0
0
0
0
0
0
0
0
0
0
0
0
0
0
0
0
0
0
0
0
0
0
0
0
0
0
0
0
0
0
0
0
0
0
0
0
0
0
0
0
0
0
0
0
0
0
0
0
0
0
0
0
0
0
0
0
0
0
0
0
0
0
0
0
0
0
0
0
0
0
0
0
0
0
0
0
0
0
0
0
0
0
0
0
0
0
0
0
0
0
0
0
0
0
0
0
0
0
0
0
0
0
0
0
0
0
0
0
0
0
0
0
0
0
0
0
0
0
0
0
0
0
0
0
0
0
0
0
0
0
0
0
0
0
0
0
0
0
0
0
0
0
0
0
0
0
0
0
0
0
0
0
0
0
0
0
0
0
0
0
0
0
0
0
0
0
0
0
0
0
0
0
0
0
0
0
0
0
0
0
0
0
0
0
0
0
0
0
0
0
0
0
0
0
0
0
0
0
0
0
0
0
0
0
0
0
0
0
0
0
0
0
0
0
0
0
0
0
0
0
0
0
0
0
0
0
0
0
0
0
0
0
0
0
0
0
0
0
0
0
0
0
0
0
0
0
0
0
0
0
0
0
0
0
0
0
0
0
0
0
0
0
0
0
0
0
0
0
0
0
0
0
0
0
0
0
0
0
0
0
0
0
0
0
0
0
0
0
0
0
0
0
0
0
0
0
0
0
0
0
0
0
0
0
0
0
0
0
0
0
0
0
0
0
0
0
0
0
0
0
0
0
0
0
0
0
0
0
0
0
0
0
0
0
0
0
0
0
0
0
0
0
0
0
0
0
0
0
0
0
0
0
0
0
0
0
0
0
0
0
0
0
0
0
0
0
0
0
0
0
0
0
0
0
0
0
0
0
0
0
0
0
0
0
0
0
0
0
0
0
0
0
0
0
0
0
0
0
0
0
0
0
0
0
0
0
0
0
0
0
0
0
0
0
0
0
0
0
0
0
0
0
0
0
0
0
0
0
0
0
0
0
0
0
0
0
0
0
0
0
0
0
0
0
0
0
0
0
0
0
0
0
0
0
0
0
0
0
0
0
0
0
0
0
0
0
0
0
0
0
0
0
0
0
0
0
0
0
0
0
0
0
0
0
0
0
0
0
0
0
0
0
0
0
0
0
0
0
0
0
0
0
0
0
0
0
0
0
0
0
0
0
0
0
0
0
0
0
0
0
0
0
0
0
0
0
0
0
0
0
0
0
0
0
0
0
0
0
0
0
0
0
0
0
0
0
0
0
0
0
0
0
0
0
0
0
0
0
0
0
0
0
0
0
0
0
0
0
0
0
0
0
0
0
0
0
0
0
0
0
0
0
0
0
0
0
0
0
0
0
0
0
0
0
0
0
0
0
0
0
0
0
0
0
0
0
0
0
0
0
0
0
0
0
0
0
0
0
0
0
0
0
0
0
0
0
0
0
0
0
0
0
0
0
0
0
0
0
0
0
0
0
0
0
0
0
0
0
0
0
0
0
0
0
0
0
0
0
0
0
0
0
0
0
0
0
0
0
0
0
0
0
0
0
0
0
0
0
0
0
0
0
0
0
0
0
0
0
0
0
0
0
0
0
0
0
0
0
0
0
0
0
0
0
0
0
0
0
0
0
0
0
0
0
0
0
0
0
0
0
0
0
0
0
0
0
0
0
0
0
0
0
0
0
0
0
0
0
0
0
0
0
0
0
0
0
0
0
0
0
0
0
0
0
0
0
0
0
0
0
0
0
0
0
0
0
0
0
0
0
0
0
0
0
0
0
0
0
0
0
0
0
0
0
0
0
0
0
0
0
0
0
0
0
0
0
0
0
0
0
0
0
0
0
0
0
0
0
0
0
0
0
0
0
0
0
0
0
0
0
0
0
0
0
0
0
0
0
0
0
0
0
0
0
0
0
0
0
0
0
0
0
0
0
0
0
0
0
0
0
0
0
0
0
0
0
0
0
0
0
0
0
0
0
0
0
0
0
0
0
0
0
0
0
0
0
0
0
0
0
0
0
0
0
0
0
0
0
0
0
0
0
0
0
0
0
0
0
0
0
0
0
0
0
0
0
0
0
0
0
0
0
0
0
0
0
0
0
0
0
0
0
0
0
0
0
0
0
0
0
0
0
0
0
0
0
0
0
0
0
0
0
0
0
0
0
0
0
0
0
0
0
0
0
0
0
0
0
0
0
0
0
0
0
0
0
0
0
0
0
0
0
0
0
0
0
0
0
0
0
0
0
0
0
0
0
0
0
0
0
0
0
0
0
0
0
0
0
0
0
0
0
0
0
0
0
0
0
0
0
0
0
0
0
0
0
0
0
0
0
0
0
0
0
0
0
0
0
0
0
0
0
0
0
0
0
0
0
0
0
0
0
0
0
0
0
0
0
0
0
0
0
0
0
0
0
0
0
0
0
0
0
0
0
0
0
0
0
0
0
0
0
0
0
0
0
0
0
0
0
0
0
0
0
0
0
0
0
0
0
0
0
0
0
0
0
0
0
0
0
0
0
0
0
0
0
0
0
0
0
0
0
0
0
0
0
0
0
0
0
0
0
0
0
0
0
0
0
0
0
0
0
0
0
0
0
0
0
0
0
0
0
0
0
0
0
0
0
0
0
0
0
0
0
0
0
0
0
0
0
0
0
0
0
0
0
0
0
0
0
0
0
0
0
0
0
0
0
0
0
0
0
0
0
0
0
0
0
0
0
0
0
0
0
0
0
0
0
0
0
0
0
0
0
0
0
0
0
0
0
0
0
0
0
0
0
0
0
0
0
0
0
0
0
0
0
0
0
0
0
0
0
0
0
0
0
0
0
0
0
0
0
0
0
0
0
0
0
0
0
0
0
0
0
0
0
0
0
0
0
0
0
0
0
0
0
0
0
0
0
0
0
0
0
0
0
0
0
0
0
0
0
0
0
0
0
0
0
0
0
0
0
0
0
0
0
0
0
0
0
0
0
0
0
0
0
0
0
0
0
0
0
0
0
0
0
0
0
0
0
0
0
0
0
0
0
0
0
0
0
0
0
0
0
0
0
0
0
0
0
0
0
0
0
0
0
0
0
0
0
0
0
0
0
0
0
0
0
0
0
0
0
0
0
0
0
0
0
0
0
0
0
0
0
0
0
0
0
0
0
0
0
0
0
0
0
0
0
0
0
0
0
0
0
0
0
0
0
0
0
0
0
0
0
0
0
0
0
0
0
0
0
0
0
0
0
0
0
0
0
0
0
0
0
0
0
0
0
0
0
0
0
0
0
0
0
0
0
0
0
0
0
0
0
0
0
0
0
0
0
0
0
0
0
0
0
0
0
0
0
0
0
0
0
0
0
0
0
0
0
0
0
0
0
0
0
0
0
0
0
0
0
0
0
0
0
0
0
0
0
0
0
0
0
0
0
0
0
0
0
0
0
0
0
0
0
0
0
0
0
0
0
0
0
0
0
0
0
0
0
0
0
0
0
0
0
0
0
0
0
0
0
0
0
0
0
0
0
0
0
0
0
0
0
0
0
0
0
0
0
0
0
0
0
0
0
0
0
0
0
0
0
0
0
0
0
0
0
0
0
0
0
0
0
0
0
0
0
0
0
0
0
0
0
0
0
0
0
0
0
0
0
0
0
0
0
0
0
0
0
0
0
0
0
0
0
0
0
0
0
0
0
0
0
0
0
0
0
0
0
0
0
0
0
0
0
0
0
0
0
0
0
0
0
0
0
0
0
0
0
0
0
0
0
0
0
0
0
0
0
0
0
0
0
0
0
0
0
0
0
0
0
0
0
0
0
0
0
0
0
0
0
0
0
0
0
0
0
0
0
0
0
0
0
0
0
0
0
0
0
0
0
0
0
0
0
0
0
0
0
0
0
0
0
0
0
0
0
0
0
0
0
0
0
0
0
0
0
0
0
0
0
0
0
0
0
0
0
0
0
0
0
0
0
0
0
0
0
0
0
0
0
0
0
0
0
0
0
0
0
0
0
0
0
0
0
0
0
0
0
0
0
0
0
0
0
0
0
0
0
0
0
0
0
0
0
0
0
0
0
0
0
0
0
0
0
0
0
0
0
0
0
0
0
0
0
0
0
0
0
0
0
0
0
0
0
0
0
0
0
0
0
0
0
0
0
0
0
0
0
0
0
0
0
0
0
0
0
0
0
0
0
0
0
0
0
0
0
0
0
0
0
0
0
0
0
0
0
0
0
0
0
0
0
0
0
0
0
0
0
0
0
0
0
0
0
0
0
0
0
0
0
0
0
0
0
0
0
0
0
0
0
0
0
0
0
0
0
0
0
0
0
0
0
0
0
0
0
0
0
0
0
0
0
0
0
0
0
0
0
0
0
0
0
0
0
0
0
0
0
0
0
0
0
0
0
0
0
0
0
0
0
0
0
0
0
0
0
0
0
0
0
0
0
0
0
0
0
0
0
0
0
0
0
0
0
0
0
0
0
0
0
0
0
0
0
0
0
0
0
0
0
0
0
0
0
0
0
0
0
0
0
0
0
0
0
0
0
0
0
0
0
0
0
0
0
0
0
0
0
0
0
0
0
0
0
0
0
0
0
0
0
0
0
0
0
0
0
0
0
0
0
0
0
0
0
0
0
0
0
0
0
0
0
0
0
0
0
0
0
0
0
0
0
0
0
0
0
0
0
0
0
0
0
0
0
0
0
0
0
0
0
0
0
0
0
0
0
0
0
0
0
0
0
0
0
0
0
0
0
0
0
0
0
0
0
0
0
0
0
0
0
0
0
0
0
0
0
0
0
0
0
0
0
0
0
0
0
0
0
0
0
0
0
0
0
0
0
0
0
0
0
0
0
0
0
0
0
0
0
0
0
0
0
0
0
0
0
0
0
0
0
0
0
0
0
0
0
0
0
0
0
0
0
0
0
0
0
0
0
0
0
0
0
0
0
0
0
0
0
0
0
0
0
0
0
0
0
0
0
0
0
0
0
0
0
0
0
0
0
0
0
0
0
0
0
0
0
0
0
0
0
0
0
0
0
0
0
0
0
0
0
0
0
0
0
0
0
0
0
0
0
0
0
0
0
0
0
0
0
0
0
0
0
0
0
0
0
0
0
0
0
0
0
0
0
0
0
0
0
0
0
0
0
0
0
0
0
0
0
0
0
0
0
0
0
0
0
0
0
0
0
0
0
0
0
0
0
0
0
0
0
0
0
0
0
0
0
0
0
0
0
0
0
0
0
0
0
0
0
0
0
0
0
0
0
0
0
0
0
0
0
0
0
0
0
0
0
0
0
0
0
0
0
0
0
0
0
0
0
0
0
0
0
0
0
0
0
0
0
0
0
0
0
0
0
0
0
0
0
0
0
0
0
0
0
0
0
0
0
0
0
0
0
0
0
0
0
0
0
0
0
0
0
0
0
0
0
0
0
0
0
0
0
0
0
0
0
0
0
0
0
0
0
0
0
0
0
0
0
0
0
0
0
0
0
0
0
0
0
0
0
0
0
0
0
0
0
0
0
0
0
0
0
0
0
0
0
0
0
0
0
0
0
0
0
0
0
0
0
0
0
0
0
0
0
0
0
0
0
0
0
0
0
0
0
0
0
0
0
0
0
0
0
0
0
0
0
0
0
0
0
0
0
0
0
0
0
0
0
0
0
0
0
0
0
0
0
0
0
0
0
0
0
0
0
0
0
0
0
0
0
0
0
0
0
0
0
0
0
0
0
0
0
0
0
0
0
0
0
0
0
0
0
0
0
0
0
0
0
0
0
0
0
0
0
0
0
0
0
0
0
0
0
0
0
0
0
0
0
0
0
0
0
0
0
0
0
0
0
0
0
0
0
0
0
0
0
0
0
0
0
0
0
0
0
0
0
0
0
0
0
0
0
0
0
0
0
0
0
0
0
0
0
0
0
0
0
0
0
0
0
0
0
0
0
0
0
0
0
0
0
0
0
0
0
0
0
0
0
0
0
0
0
0
0
0
0
0
0
0
0
0
0
0
0
0
0
0
0
0
0
0
0
0
0
0
0
0
0
0
0
0
0
0
0
0
0
0
0
0
0
0
0
0
0
0
0
0
0
0
0
0
0
0
0
0
0
0
0
0
0
0
0
0
0
0
0
0
0
0
0
0
0
0
0
0
0
0
0
0
0
0
0
0
0
0
0
0
0
0
0
0
0
0
0
0
0
0
0
0
0
0
0
0
0
0
0
0
0
0
0
0
0
0
0
0
0
0
0
0
0
0
0
0
0
0
0
0
0
0
0
0
0
0
0
0
0
0
0
0
0
0
0
0
0
0
0
0
0
0
0
0
0
0
0
0
0
0
0
0
0
0
0
0
0
0
0
0
0
0
0
0
0
0
0
0
0
0
0
0
0
0
0
0
0
0
0
0
0
0
0
0
0
0
0
0
0
0
0
0
0
0
0
0
0
0
0
0
0
0
0
0
0
0
0
0
0
0
0
0
0
0
0
0
0
0
0
0
0
0
0
0
0
0
0
0
0
0
0
0
0
0
0
0
0
0
0
0
0
0
0
0
0
0
0
0
0
0
0
0
0
0
0
0
0
0
0
0
0
0
0
0
0
0
0
0
0
0
0
0
0
0
0
0
0
0
0
0
0
0
0
0
0
0
0
0
0
0
0
0
0
0
0
0
0
0
0
0
0
0
0
0
0
0
0
0
0
0
0
0
0
0
0
0
0
0
0
0
0
0
0
0
0
0
0
0
0
0
0
0
0
0
0
0
0
0
0
0
0
0
0
0
0
0
0
0
0
0
0
0
0
0
0
0
0
0
0
0
0
0
0
0
0
0
0
0
0
0
0
0
0
0
0
0
0
0
0
0
0
0
0
0
0
0
0
0
0
0
0
0
0
0
0
0
0
0
0
0
0
0
0
0
0
0
0
0
0
0
0
0
0
0
0
0
0
0
0
0
0
0
0
0
0
0
0
0
0
0
0
0
0
0
0
0
0
0
0
0
0
0
0
0
0
0
0
0
0
0
0
0
0
0
0
0
0
0
0
0
0
0
0
0
0
0
0
0
0
0
0
0
0
0
0
0
0
0
0
0
0
0
0
0
0
0
0
0
0
0
0
0
0
0
0
0
0
0
0
0
0
0
0
0
0
0
0
0
0
0
0
0
0
0
0
0
0
0
0
0
0
0
0
0
0
0
0
0
0
0
0
0
0
0
0
0
0
0
0
0
0
0
0
0
0
0
0
0
0
0
0
0
0
0
0
0
0
0
0
0
0
0
0
0
0
0
0
0
0
0
0
0
0
0
0
0
0
0
0
0
0
0
0
0
0
0
0
0
0
0
0
0
0
0
0
0
0
0
0
0
0
0
0
0
0
0
0
0
0
0
0
0
0
0
0
0
0
0
0
0
0
0
0
0
0
0
0
0
0
0
0
0
0
0
0
0
0
0
0
0
0
0
0
0
0
0
0
0
0
0
0
0
0
0
0
0
0
0
0
0
0
0
0
0
0
0
0
0
0
0
0
0
0
0
0
0
0
0
0
0
0
0
0
0
0
0
0
0
0
0
0
0
0
0
0
0
0
0
0
0
0
0
0
0
0
0
0
0
0
0
0
0
0
0
0
0
0
0
0
0
0
0
0
0
0
0
0
0
0
0
0
0
0
0
0
0
0
0
0
0
0
0
0
0
0
0
0
0
0
0
0
0
0
0
0
0
0
0
0
0
0
0
0
0
0
0
0
0
0
0
0
0
0
0
0
0
0
0
0
0
0
0
0
0
0
0
0
0
0
0
0
0
0
0
0
0
0
0
0
0
0
0
0
0
0
0
0
0
0
0
0
0
0
0
0
0
0
0
0
0
0
0
0
0
0
0
0
0
0
0
0
0
0
0
0
0
0
0
0
0
0
0
0
0
0
0
0
0
0
0
0
0
0
0
0
0
0
0
0
0
0
0
0
0
0
0
0
0
0
0
0
0
0
0
0
0
0
0
0
0
0
0
0
0
0
0
0
0
0
0
0
0
0
0
0
0
0
0
0
0
0
0
0
0
0
0
0
0
0
0
0
0
0
0
0
0
0
0
0
0
0
0
0
0
0
0
0
0
0
0
0
0
0
0
0
0
0
0
0
0
0
0
0
0
0
0
0
0
0
0
0
0
0
0
0
0
0
0
0
0
0
0
0
0
0
0
0
0
0
0
0
0
0
0
0
0
0
0
0
0
0
0
0
0
0
0
0
0
0
0
0
0
0
0
0
0
0
0
0
0
0
0
0
0
0
0
0
0
0
0
0
0
0
0
0
0
0
0
0
0
0
0
0
0
0
0
0
0
0
0
0
0
0
0
0
0
0
0
0
0
0
0
0
0
0
0
0
0
0
0
0
0
0
0
0
0
0
0
0
0
0
0
0
0
0
0
0
0
0
0
0
0
0
0
0
0
0
0
0
0
0
0
0
0
0
0
0
0
0
0
0
0
0
0
0
0
0
0
0
0
0
0
0
0
0
0
0
0
0
0
0
0
0
0
0
0
0
0
0
0
0
0
0
0
0
0
0
0
0
0
0
0
0
0
0
0
0
0
0
0
0
0
0
0
0
0
0
0
0
0
0
0
0
0
0
0
0
0
0
0
0
0
0
0
0
0
0
0
0
0
0
0
0
0
0
0
0
0
0
0
0
0
0
0
0
0
0
0
0
0
0
0
0
0
0
0
0
0
0
0
0
0
0
0
0
0
0
0
0
0
0
0
0
0
0
0
0
0
0
0
0
0
0
0
0
0
0
0
0
0
0
0
0
0
0
0
0
0
0
0
0
0
0
0
0
0
0
0
0
0
0
0
0
0
0
0
0
0
0
0
0
0
0
0
0
0
0
0
0
0
0
0
0
0
0
0
0
0
0
0
0
0
0
0
0
0
0
0
0
0
0
0
0
0
0
0
0
0
0
0
0
0
0
0
0
0
0
0
0
0
0
0
0
0
0
0
0
0
0
0
0
0
0
0
0
0
0
0
0
0
0
0
0
0
0
0
0
0
0
0
0
0
0
0
0
0
0
0
0
0
0
0
0
0
0
0
0
0
0
0
0
0
0
0
0
0
0
0
0
0
0
0
0
0
0
0
0
0
0
0
0
0
0
0
0
0
0
0
0
0
0
0
0
0
0
0
0
0
0
0
0
0
0
0
0
0
0
0
0
0
0
0
0
0
0
0
0
0
0
0
0
0
0
0
0
0
0
0
0
0
0
0
0
0
0
0
0
0
0
0
0
0
0
0
0
0
0
0
0
0
0
0
0
0
0
0
0
0
0
0
0
0
0
0
0
0
0
0
0
0
0
0
0
0
0
0
0
0
0
0
0
0
0
0
0
0
0
0
0
0
0
0
0
0
0
0
0
0
0
0
0
0
0
0
0
0
0
0
0
0
0
0
0
0
0
0
0
0
0
0
0
0
0
0
0
0
0
0
0
0
0
0
0
0
0
0
0
0
0
0
0
0
0
0
0
0
0
0
0
0
0
0
0
0
0
0
0
0
0
0
0
0
0
0
0
0
0
0
0
0
0
0
0
0
0
0
0
0
0
0
0
0
0
0
0
0
0
0
0
0
0
0
0
0
0
0
0
0
0
0
0
0
0
0
0
0
0
0
0
0
0
0
0
0
0
0
0
0
0
0
0
0
0
0
0
0
0
0
0
0
0
0
0
0
0
0
0
0
0
0
0
0
0
0
0
0
0
0
0
0
0
0
0
0
0
0
0
0
0
0
0
0
0
0
0
0
0
0
0
0
0
0
0
0
0
0
0
0
0
0
0
0
0
0
0
0
0
0
0
0
0
0
0
0
0
0
0
0
0
0
0
0
0
0
0
0
0
0
0
0
0
0
0
0
0
0
0
0
0
0
0
0
0
0
0
0
0
0
0
0
0
0
0
0
0
0
0
0
0
0
0
0
0
0
0
0
0
0
0
0
0
0
0
0
0
0
0
0
0
0
0
0
0
0
0
0
0
0
0
0
0
0
0
0
0
0
0
0
0
0
0
0
0
0
0
0
0
0
0
0
0
0
0
0
0
0
0
0
0
0
0
0
0
0
0
0
0
0
0
0
0
0
0
0
0
0
0
0
0
0
0
0
0
0
0
0
0
0
0
0
0
0
0
0
0
0
0
0
0
0
0
0
0
0
0
0
0
0
0
0
0
0
0
0
0
0
0
0
0
0
0
0
0
0
0
0
0
0
0
0
0
0
0
0
0
0
0
0
0
0
0
0
0
0
0
0
0
0
0
0
0
0
0
0
0
0
0
0
0
0
0
0
0
0
0
0
0
0
0
0
0
0
0
0
0
0
0
0
0
0
0
0
0
0
0
0
0
0
0
0
0
0
0
0
0
0
0
0
0
0
0
0
0
0
0
0
0
0
0
0
0
0
0
0
0
0
0
0
0
0
0
0
0
0
0
0
0
0
0
0
0
0
0
0
0
0
0
0
0
0
0
0
0
0
0
0
0
0
0
0
0
0
0
0
0
0
0
0
0
0
0
0
0
0
0
0
0
0
0
0
0
0
0
0
0
0
0
0
0
0
0
0
0
0
0
0
0
0
0
0
0
0
0
0
0
0
0
0
0
0
0
0
0
0
0
0
0
0
0
0
0
0
0
0
0
0
0
0
0
0
0
0
0
0
0
0
0
0
0
0
0
0
0
0
0
0
0
0
0
0
0
0
0
0
0
0
0
0
0
0
0
0
0
0
0
0
0
0
0
0
0
0
0
0
0
0
0
0
0
0
0
0
0
0
0
0
0
0
0
0
0
0
0
0
0
0
0
0
0
0
0
0
0
0
0
0
0
0
0
0
0
0
0
0
0
0
0
0
0
0
0
0
0
0
0
0
0
0
0
0
0
0
0
0
0
0
0
0
0
0
0
0
0
0
0
0
0
0
0
0
0
0
0
0
0
0
0
0
0
0
0
0
0
0
0
0
0
0
0
0
0
0
0
0
0
0
0
0
0
0
0
0
0
0
0
0
0
0
0
0
0
0
0
0
0
0
0
0
0
0
0
0
0
0
0
0
0
0
0
0
0
0
0
0
0
0
0
0
0
0
0
0
0
0
0
0
0
0
0
0
0
0
0
0
0
0
0
0
0
0
0
0
0
0
0
0
0
0
0
0
0
0
0
0
0
0
0
0
0
0
0
0
0
0
0
0
0
0
0
0
0
0
0
0
0
0
0
0
0
0
0
0
0
0
0
0
0
0
0
0
0
0
0
0
0
0
0
0
0
0
0
0
0
0
0
0
0
0
0
0
0
0
0
0
0
0
0
0
0
0
0
0
0
0
0
0
0
0
0
0
0
0
0
0
0
0
0
0
0
0
0
0
0
0
0
0
0
0
0
0
0
0
0
0
0
0
0
0
0
0
0
0
0
0
0
0
0
0
0
0
0
0
0
0
0
0
0
0
0
0
0
0
0
0
0
0
0
0
0
0
0
0
0
0
0
0
0
0
0
0
0
0
0
0
0
0
0
0
0
0
0
0
0
0
0
0
0
0
0
0
0
0
0
0
0
0
0
0
0
0
0
0
0
0
0
0
0
0
0
0
0
0
0
0
0
0
0
0
0
0
0
0
0
0
0
0
0
0
0
0
0
0
0
0
0
0
0
0
0
0
0
0
0
0
0
0
0
0
0
0
0
0
0
0
0
0
0
0
0
0
0
0
0
0
0
0
0
0
0
0
0
0
0
0
0
0
0
0
0
0
0
0
0
0
0
0
0
0
0
0
0
0
0
0
0
0
0
0
0
0
0
0
0
0
0
0
0
0
0
0
0
0
0
0
0
0
0
0
0
0
0
0
0
0
0
0
0
0
0
0
0
0
0
0
0
0
0
0
0
0
0
0
0
0
0
0
0
0
0
0
0
0
0
0
0
0
0
0
0
0
0
0
0
0
0
0
0
0
0
0
0
0
0
0
0
0
0
0
0
0
0
0
0
0
0
0
0
0
0
0
0
0
0
0
0
0
0
0
0
0
0
0
0
0
0
0
0
0
0
0
0
0
0
0
0
0
0
0
0
0
0
0
0
0
0
0
0
0
0
0
0
0
0
0
0
0
0
0
0
0
0
0
0
0
0
0
0
0
0
0
0
0
0
0
0
0
0
0
0
0
0
0
0
0
0
0
0
0
0
0
0
0
0
0
0
0
0
0
0
0
0
0
0
0
0
0
0
0
0
0
0
0
0
0
0
0
0
0
0
0
0
0
0
0
0
0
0
0
0
0
0
0
0
0
0
0
0
0
0
0
0
0
0
0
0
0
0
0
0
0
0
0
0
0
0
0
0
0
0
0
0
0
0
0
0
0
0
0
0
0
0
0
0
0
0
0
0
0
0
0
0
0
0
0
0
0
0
0
0
0
0
0
0
0
0
0
0
0
0
0
0
0
0
0
0
0
0
0
0
0
0
0
0
0
0
0
0
0
0
0
0
0
0
0
0
0
0
0
0
0
0
0
0
0
0
0
0
0
0
0
0
0
0
0
0
0
0
0
0
0
0
0
0
0
0
0
0
0
0
0
0
0
0
0
0
0
0
0
0
0
0
0
0
0
0
0
0
0
0
0
0
0
0
0
0
0
0
0
0
0
0
0
0
0
0
0
0
0
0
0
0
0
0
0
0
0
0
0
0
0
0
0
0
0
0
0
0
0
0
0
0
0
0
0
0
0
0
0
0
0
0
0
0
0
0
0
0
0
0
0
0
0
0
0
0
0
0
0
0
0
0
0
0
0
0
0
0
0
0
0
0
0
0
0
0
0
0
0
0
0
0
0
0
0
0
0
0
0
0
0
0
0
0
0
0
0
0
0
0
0
0
0
0
0
0
0
0
0
0
0
0
0
0
0
0
0
0
0
0
0
0
0
0
0
0
0
0
0
0
0
0
0
0
0
0
0
0
0
0
0
0
0
0
0
0
0
0
0
0
0
0
0
0
0
0
0
0
0
0
0
0
0
0
0
0
0
0
0
0
0
0
0
0
0
0
0
0
0
0
0
0
0
0
0
0
0
0
0
0
0
0
0
0
0
0
0
0
0
0
0
0
0
0
0
0
0
0
0
0
0
0
0
0
0
0
0
0
0
0
0
0
0
0
0
0
0
0
0
0
0
0
0
0
0
0
0
0
0
0
0
0
0
0
0
0
0
0
0
0
0
0
0
0
0
0
0
0
0
0
0
0
0
0
0
0
0
0
0
0
0
0
0
0
0
0
0
0
0
0
0
0
0
0
0
0
0
0
0
0
0
0
0
0
0
0
0
0
0
0
0
0
0
0
0
0
0
0
0
0
0
0
0
0
0
0
0
0
0
0
0
0
0
0
0
0
0
0
0
0
0
0
0
0
0
0
0
0
0
0
0
0
0
0
0
0
0
0
0
0
0
0
0
0
0
0
0
0
0
0
0
0
0
0
0
0
0
0
0
0
0
0
0
0
0
0
0
0
0
0
0
0
0
0
0
0
0
0
0
0
0
0
0
0
0
0
0
0
0
0
0
0
0
0
0
0
0
0
0
0
0
0
0
0
0
0
0
0
0
0
0
0
0
0
0
0
0
0
0
0
0
0
0
0
0
0
0
0
0
0
0
0
0
0
0
0
0
0
0
0
0
0
0
0
0
0
0
0
0
0
0
0
0
0
0
0
0
0
0
0
0
0
0
0
0
0
0
0
0
0
0
0
0
0
0
0
0
0
0
0
0
0
0
0
0
0
0
0
0
0
0
0
0
0
0
0
0
0
0
0
0
0
0
0
0
0
0
0
0
0
0
0
0
0
0
0
0
0
0
0
0
0
0
0
0
0
0
0
0
0
0
0
0
0
0
0
0
0
0
0
0
0
0
0
0
0
0
0
0
0
0
0
0
0
0
0
0
0
0
0
0
0
0
0
0
0
0
0
0
0
0
0
0
0
0
0
0
0
0
0
0
0
0
0
0
0
0
0
0
0
0
0
0
0
0
0
0
0
0
0
0
0
0
0
0
0
0
0
0
0
0
0
0
0
0
0
0
0
0
0
0
0
0
0
0
0
0
0
0
0
0
0
0
0
0
0
0
0
0
0
0
0
0
0
0
0
0
0
0
0
0
0
0
0
0
0
0
0
0
0
0
0
0
0
0
0
0
0
0
0
0
0
0
0
0
0
0
0
0
0
0
0
0
0
0
0
0
0
0
0
0
0
0
0
0
0
0
0
0
