0
0
-9.88478976280811e-09
0
0.008557974825498317
0
0.04827861061305079
0.002061803576890699
0
0
0.004439068024627289
0.0016400598136290167
0
0
0
0
0.0009069955523813573
0
0
0
0
0
0.008001261909668095
0
0.0017932007010639634
0
0
0
0
0
0
0.0017517930249363652
0.0005268909563027458
0
0.0017042042131314714
0.004409756120996837
0
0
0
0
0.0009589700558348937
0.0006974271059163983
0
0.000865465019845677
0
0
0
0
0
0.0016732078705789916
0
0
0
0.0016389420008592385
0.004019822523348369
0
0
0.0019490450350159838
0
0.0011962542896272416
0
0.0026595526016496545
0.002024843272717012
0
0.005260647123461033
0
0.0006395347880982168
0
0.0014272425896439376
0.0013254545526242422
0.0015599361034423207
0
0
0.01205799128896443
0
0
0
0
0
0.004445858471329344
0
0.0017889997394779093
0
0
0.005747541264340262
0
0.0044203536189030045
0
0
0
0
0
0
0
0.006460723466998276
0
0
0.0032836171568837863
0
0
0
0
0.002241397106685721
0
0
0.00793147794275366
0.0009149165675346786
0.0008214693418139944
0
0
0
0
0
0
0
0
0
0
0.001165006786537302
0
0
0
0.0011410585553269742
0
0
0
0
0
0
0
0
0
0
0
0
0
0
0
0.0008924931493837131
0
0
0
0
0.0016861695229775716
0.0006572428053914235
0
0
0.0020422079195352473
0.0014781249257567904
0
0
0
0
0
0.0026691822275232086
0.0005498842253779397
0
0
0
0
0
0
0
0
0
0.0015786644232461215
0.0015664659591854767
0.01313136944350902
0
0
0
0
0
0.0006065318069946154
0
0
0
0.002545712259147335
0
0.001111464617832336
0
0
0
0.0029603998343343775
0
0.0015261854512233577
0
0
0
0.00046082697611018444
0
0.002332788705099326
0
0
0
0.019532458945322895
0.0041036704973669335
0
0.005983592893754296
0
0
0.0006592805895882727
0.0019411669205972055
0.01421418498242233
0
0
0
0
0
0.0034421745909050602
0
0.0010861282742022263
0.0028981470995872276
0
0
0
0
0.0005973910234953762
0.0017593616192151896
0.0011539995409376995
0.00038896447657485423
0
0.0011204424603516964
0
0
0
0.008155194897848947
0
0
0
0
0
0.00046082697611018444
0
0
0
0
0
0
0
0
0
0
0
0.0007323687817517405
0
0
0
0
0
0
0
0.0007920810988499504
0
0.0014508393053841273
0
0
0
0
0
0
0
0
0
0
0.0028824407688297564
0
0
0
0
0
0
0
0
0.0020998099657038014
0.0006912432891234856
0
0.018349090152780516
0.003713597394386352
0
0.005158695607511713
0.0013681682157575625
0.0005183700847029921
0.0021565795900609502
0
0
0
0
0.0006156447294821095
0
0
0
0
0
0
0.0015786270543984113
0.0017873894464918005
0
0
0.0006793723056122965
0
0.003151780091074687
0
0
0
0.0005675850120865482
0
0
0
0
0.00753945639109497
0
0
0
0.00367201427031853
0
0
0
0
0
0
0.002457109264097844
0.0020786169645840773
0.003478339350893395
0
0
0
0
0
0
0.008313787907737664
0
0.004002577103647671
0.0017754805473147559
0
0.00274260563114022
0.0020114784327539357
0
0.003290753016774308
0
0.005268624638384793
0.0013604452929232992
0
0
0
0.0014011382368417369
0.0006165485261148387
0
0
0
0
0.0025806948732320606
0
0.003429487020056642
0.0005954421495204469
0
0
0
0
0
0.00043001615182063
0
0.0018692545207057646
0
0
0
0.00602836432471909
0.0011038670011339824
0.0019176447125597953
0
0.0006995348947414594
0
0.00320229220714112
0
0.00439333176876002
0
0
0
0.0018691466194617314
0
0
0.0131533918427937
0.005635830419283858
0
0
0
0
0.0027731272692943865
0
0
0.0021225933103437384
0.0010284035527609757
0.0004649881534285056
0.0013556255125113
0
0
0
0.0016071645127077048
0
0
0.001671843724033678
0
0
0
0
0
0
0.0008761031017068251
0.004902700153531994
0
0
0
0.0005172522689463921
0
0.0038124857732932064
0
0
0
0
0
0
0
0
0.0013906858420914866
0
0
0
0.004190336603927798
0.001385309799699218
0
0.0008350110046247946
0.0011155276991328088
0
0
0.0004929580404654194
0
0.00059113039458251
0
0
0
0
0
0.0010579224491273703
0
0.00044975829706378717
0.000787264525615664
0
0.0018063159559807546
0
0.0009622690430037458
0
0.0009875965872976828
0.002544792772027406
0
0
0
0
0
0
0
0.0034351501539812888
0.0024019189600014553
0
0
0.0017559886538134391
0.000605653066254888
0
0.0006665938429555166
0
0.0008467886800291347
0.0012883991755499478
0
0
0
0.03318877913578272
0
0
0.0006126968299790858
0
0
0
0
0.0005630504059309293
0.0054578040370775825
0
0
0
0
0.0006074537856897323
0
0
0
0
0
0.0007064448582681473
0
0
0.0007303566998414082
0.0007263966405733485
0
0
0.0008839289413203556
0
0.0024675889377299962
0.000830912939559197
0.0006953429210457433
0.001280300094765017
0
0
0
0.0036961853445238516
0
0
0.0003995696562766845
0.004412569727186222
0
0
0
0
0
0.001601279306667637
0
0
0
0
0
0
0
0.0023769375424780277
0.000549126886534328
0.002223441963838784
0.0024742905363852557
0.0065069944882600525
0
0.0013313374916235326
0.021604531409253645
0.004514275079297392
0.0009407098075604868
0
0.0009299321587960142
0.0022160354515915596
0.000764431727688204
0.0005873798240563034
0.0019108766801446857
0
0
0
0.0011397888615614566
0.004188538977576247
0.0005470599562509649
0
0
0.0014368976286503984
0
0
0.0025751828946051054
0.003944782555929159
0.0010161765471110907
0.0014607133996828163
0.0015249943093172825
0
0.001438091146885708
0.0008043252344423574
0.0009149165675346786
0
0
0
0
0
0
0
0
0.001412388463731919
0.0016748380490599235
0
0
0.002973821552031607
0
0.0051176807708734565
0.001735089094445914
0.0025328940529280586
0.0003500250739623988
0.003989061929169531
0
0
0
0
0.0008088464874795889
0.0027186709498899014
0
0
0.0008839289413203556
0
0
0.0005988661891891079
0.0019473476725003602
0.0012175015298071935
0
0
0
0.0007417024470570583
0.001289029542386476
0
0.0008644339049423427
0
0
0
0.0024258988460795707
0
0.0006361867445776372
0
0.0021517749919197204
0.002490287107396997
0.0012107944739714672
0.006662389986840516
0
0.001483504242322003
0
0.0015727139919225596
0.0016530329061585245
0
0
0.002214741733064124
0.0018510211383740822
0
0.003886724096788201
0.0011381026456404627
0
0
0.00120875484405722
0
0
0
0
0
0.000985357593912326
0
0
0.0051771123070371875
0
0.004054048398785589
0
0.013022284291382481
0
0
0.0013764366655177483
0.0005722328663451338
0
0.007680815488372452
0
0.0013865636346471933
0.0006285046860754538
0.0005147221941097713
0
0.0016753270614391297
0
0
0.0014679417801421026
0
0
0
0
0.0004514275079297392
0.005548835030784111
0.006358003724413325
0
0
0
0.0005365257162515774
0
0
0.002658361506336968
0
0.00044194809808760396
0
0
0
0.0037348346034827827
0
0.001583536300672582
0
0.006140947651722945
0
0.0006373972578791777
0.0007173160218930149
0.0005743845176388385
0
0
0.00046129785748471816
0.0023903342146872706
0
0.004065381398410403
0
0.019322724978334458
0
0.0006126968299790858
0.0004987768493717459
0.002275364564984889
0
0
0
0.0006794598758693767
0
0
0.0013576460718648072
0.00036276852117719593
0
0
0
0
0
0
0
0.0006884263481100665
0
0
0
0
0
0
0
0.0006603079101212333
0
0
0.0018768974166636526
0
0
0
0
0
0.001921375324284672
0.0006473757017809643
0
0
0.0007879450227686718
0.005058448662773802
0.0005720190630315523
0.00218807627309129
0.001689855013758406
0.0049332171169892206
0.0007038234661442427
0.001165006786537302
0.0014459987751689004
0
0.0013158391814671515
0.0010557994326015232
0
0.0011619857441765827
0
0.004658719333306848
0
0
0
0
0.0015821839585775522
0
0
0.0009786214263633837
0
0.011212977953983246
0
0
0
0.0005986195148468283
0
0.0007728905542894049
0
0
0.0013389144377589691
0
0.006385670176694975
0.018524253942350726
0.0005578299883225355
0
0
0
0
0
0.0007046931675586094
0.000561832632138088
0.0011483364593684357
0
0.003282842360877255
0
0.0006404584414282239
0
0
0
0
0.0027727486650272262
0.0013760547719531494
0
0.0008126999535807784
0
0
0
0.0010386042295700202
0
0.0005728757539066613
0.0027892077745440137
0
0.005858544369532489
0
0
0
0
0
0
0
0
0
0.0016143554105018945
0.0005426284191778738
0
0
0.0037827928390432733
0
0
0
0.011192558315863351
0
0.0013085857688044692
0
0
0
0
0.0008043252344423574
0
0
0
0
0
0
0.004787913035850532
0.0006489843182254125
0
0
0
0.010700054619502285
0.004907357362830413
0.0007722628445409144
0
0
0
0
0
0.0007460058934409879
0.0030269155230161797
0
0
0
0
0
0
0
0
0
0
0
0
0
0
0.0008836837958681549
0
0
0
0
0
0.0011184422861245818
0
0
0.002841790008334799
0
0
0.0003641621313127385
0
0
0
0.0011024340587673545
0
0.002779715480928098
0.0007308576847038149
0.009090759952938078
0
0
0
0.0012705679972015245
0.0008685930895118562
0
0
0.002991270568755886
0
0
0
0
0
0
0
0
0.0007865865075106014
0
0.0005058286452652749
0
0.0005311306786797828
0.0007263966405733485
0
0
0
0
0.0023932285543391933
0
0
0
0.00105503687560495
0.0011136852689474371
0
0
0
0
0
0
0
0
0
0
0
0.0021976034809338516
0
0.0006302495341427265
0.005243927206183719
0
0.000971175802947471
0
0
0.0004888127518726178
0.0012032028132526612
0
0
0
0.0036185913048121647
0
0
0
0
0.0022532333974282395
0
0
0.008415415331840802
0
0
0.0005746010572374423
0.000971175802947471
0
0.0023759750820259115
0
0
0.01657232870485862
0
0
0.0012216898331004877
0
0
0
0
0
0
0
0
0
0
0
0
0
0
0
0
0
0
0
0
0.0007792869145172492
0
0
0
0
0.002149582723865131
0.003676028754202571
0
0
0
0
0
0
0
0
0
0
0
0
0
0
0.010045193861857753
0
0.0008626318360243801
0
0
0
0
0
0
0
0
0
0
0
0
0
0
0.010367345245394479
0
0
0
0
0
0
0.0011776156723941075
0
0
0
0
0
0
0.0007595475562517879
0
0.0021233085936591956
0
0
0
0.0017701485454266327
0
0.0007515290217019439
0
0.006771314402947493
0
0
0.0011548784823803499
0.0040031982666690925
0.0012296722303753447
0
0.002225260647192675
0
0
0
0.0007278718062670803
0
0.002007290635406256
0
0
0.0007127089608185801
0.006447468970208483
0
0
0
0
0.0008527314777443631
0
0
0
0
0
0
0.005155215819373933
0
0
0
0
0
0
0.001852062517053955
0
0
0
0.001401130098751172
0
0
0
0
0
0.0003337714706065217
0
0.0028654527209739417
0.0007095505569067132
0
0
0
0
0.0022400831295047046
0.0005890114066381353
0.00047272107784928957
0.001427260743032012
0
0.0033240478975295005
0
0
0
0
0
0.0006991114229683093
0
0
0
0.003040534992476272
0
0
0
0
0
0
0
0
0
0
0
0
0.003423175665980923
0
0
0
0
0
0.0005340698646940057
0
0
0
0
0
0
0.0010334340147725
0
0
0
0
0.0008298167392019253
0
0
0
0.0006727320675469663
0
0.002057229923617699
0
0
0
0
0.0009109139237191261
0
0.000799185616531884
0
0
0
0.0010187330262523752
0
0
0.001482659541265258
0
0
0.0010051087187847975
0
0
0
0.001997654488991247
0
0.000749300063755412
0
0
0
0
0.0005402713443888691
0.002092281317749195
0.0013491532785517603
0
0
0.005370155685564606
0
0
0
0
0
0
0
0.003579609449006153
0.0013885095064044024
0
0
0.0012940124036152742
0
0.0009693600249937461
0.0025691532034960306
0.001370516687446848
0.001914245314248508
0
0
0
0.0012894509730164156
0
0
0
0.0007303566998414082
0
0
0
0
0
0
0
0.002388933553991256
0.008223693611202433
0
0
0
0.0003259767338395613
0.0008957123545744645
0
0
0
0
0
0
0
0
0
0
0
0
0
0
0.0023398164278349426
0
0.0017443256550171821
0.0011633335966861498
0
0
0.0006872320182532577
0.0010524429488307477
0
0
0
0
0
0
0.0007955994600334889
0
0
0
0.0007333830391065823
0
0
0.00040118400080390914
0.0021882398250038597
0
0.000651587378336103
0
0
0
0
0.00217124390046403
0.0005969018884858341
0.000606422670786398
0
0
0
0.0017789231571767427
0
0
0
0.0006262033799204288
0
0.0007082131923690481
0.002708760573201074
0
0.0006108449165502438
0
0
0
0
0
0
0
0
0
0.0009006428618231107
0
0.00235510978349276
0
0
0
0.002676468698964312
0
0.0005916045751294668
0.0021286516707201397
0
0
0
0.0006142989841828082
0
0.002690928270187865
0
0
0
0
0
0
0
0
0
0
0
0
0
0
0.0005998561689913785
0.004482516793314594
0
0
0.0030608127690844324
0.0008374190245299618
0
0
0
0
0
0
0
0
0
0
0
0
0
0
0
0
0
0
0
0
0
0
0
0
0
0
0
0
0
0
0
0
0
0
0
0
0
0.0014617153694076299
0
0
0
0
0
0
0
0
0
0
0.0004533375566818567
0
0.0007504112059453438
0
0
0.0008396641092113106
0
0
0
0
0
0.0007273787840873712
0.009489026091068097
0.000752653591673275
0.004673637172040511
0
0
0
0
0
0
0
0.002730119584898769
0
0
0
0
0
0
0
0
0
0
0
0.00782569464579804
0
0
0
0.000867544547222957
0
0
0
0
0.0014164263847380961
0
0.0007679271731090287
0
0.0007716372447451384
0.0006522438720115112
0
0
0.0016838939708354267
0
0
0
0
0
0
0
0
0
0
0
0
0
0
0
0
0
0
0
0
0
0
0
0
0
0
0
0
0
0
0
0
0
0
0
0
0
0.0017633184175024946
0.0016332697886332892
0
0.0006180918675508805
0.005161689480003619
0
0.0026403418790875957
0.006061657821824601
0
0
0
0
0
0
0.0007865865075106014
0
0
0
0.0008021051393622767
0
0
0
0
0
0
0.0015869609441782283
0
0
0
0
0
0
0
0.0022152540868827122
0
0
0
0
0.0024579073139561983
0.0017565975180650745
0
0.003554212693319041
0
0.0010029319014084356
0
0
0
0
0
0
0
0
0
0
0.0023867983801004666
0.0006775665150443161
0
0
0
0
0.0008394531191616719
0
0
0
0
0
0
0
0
0.0019140164396144264
0
0
0
0
0
0.001452793281146697
0
0
0
0
0
0
0.0007805929954140754
0
0
0
0
0.0005792075752910757
0
0
0
0
0
0.0004877227589240391
0.0005614284717968433
0.000850567810153971
0.0010386042295700202
0
0
0
0
0
0
0.001389857740464049
0.0019347648516044541
0
0
0
0
0
0
0
0
0.0008885531733297602
0
0
0.009231897412869276
0.000760133748119068
0
0
0
0
0
0
0
0
0
0
0
0
0
0
0.0007630927256116789
0
0
0
0.0020628878317160166
0
0
0
0
0
0.0015404098159816399
0.0013873844321749484
0
0
0
0.005769690901148786
0
0
0
0
0
0
0
0
0
0
0
0
0
0
0
0
0
0
0
0
0
0
0
0
0.0009767319099918935
0
0
0
0
0
0.000685258343723424
0.0014657504390346036
0.0005711662974434056
0
0
0
0
0
0
0
0.0016364649286635857
0
0
0
0
0
0
0
0
0
0
0
0
0
0
0
0
0
0
0
0.0013058053791263628
0
0
0
0
0
0
0
0
0
0.0022265831628283305
0
0
0
0
0
0
0.017467201337399544
0
0
0.002136763396327571
0
0.0008554022576513209
0
0
0
0.0006361867445776372
0
0
0.0005535242791467201
0
0
0
0
0
0
0
0
0
0.02422349777285133
0
0
0
0
0
0
0.002886807129011238
0.00107838690170177
0
0.00047639161990776135
0
0
0
0
0
0
0.0006293750653577732
0
0
0
0
0
0
0
0
0
0
0
0
0
0
0
0
0
0
0
0
0
0
0
0
0
0
0
0
0.0027553046692229124
0
0.0007886280171645329
0
0
0
0
0
0
0
0
0
0
0
0
0
0.0010699340852966558
0.0008403544079157737
0
0.002264520653675349
0
0.0007554951089133251
0
0
0
0
0
0.0007543532908289186
0.0010699340852966558
0
0
0
0
0
0
0
0.0013338987301158049
0
0
0
0
0
0
0
0.0007303566998414082
0
0
0.0008573717550141605
0
0
0.0008981612815384532
0
0
0
0
0
0
0
0.0009748613840560099
0
0
0
0
0
0
0
0.000642631627667166
0
0.009877488653559635
0
0.000585992619393251
0
0
0
0
0
0.0015170369230719754
0
0
0
0
0
0
0
0
0
0
0.002958349889735536
0
0
0
0
0
0
0
0
0
0
0.0008634084711416783
0
0
0
0.0012506953475018925
0
0.0005461279775182975
0
0
0
0
0
0
0
0.002001916702757339
0.001699634025942064
0
0
0
0.003049988618634565
0
0
0
0
0
0
0
0.0012072324225975047
0
0
0
0
0.00796463415200622
0
0
0
0
0
0.0008573717550141605
0
0
0
0
0.0005789856125169974
0
0
0
0
0
0.00101639191659169
0
0
0
0
0.006862474391927771
0
0
0.0008524865463644421
0.03736157711846558
0
0
0
0
0
0.0006299575877863843
0.006140309988751611
0
0
0
0
0.0017841966853793024
0
0.002979682669009964
0
0
0
0.00588605861922578
0.000957122657124254
0
0
0
0
0
0
0
0.0006395347880982168
0
0
0
0.0007470974846288527
0
0
0.0007470974846288527
0
0
0
0
0
0
0
0
0
0
0
0.0023804414162673423
0
0
0.011801416435038764
0
0
0.013072520333554919
0.004791322880704874
0
0
0
0
0
0.0005323353156620307
0
0
0
0
0
0
0
0
0.001873487651611626
0
0.0009805303227280197
0
0
0
0
0
0
0
0.0009965501643009293
0
0
0
0.0008264327229943707
0
0
0
0
0
0.0009805303227280197
0
0
0
0
0
0
0
0
0
0
0.0009082925315952215
0
0.0006779436494469277
0
0.0019176447125597953
0.003917343732869488
0
0
0
0
0
0
0.0007716372447451384
0.0009657807653756764
0
0
0
0
0
0
0
0
0
0.0009260312585269775
0
0
0
0
0
0
0
0
0
0
0
0
0
0
0
0
0
0
0
0
0
0
0.0007055669520931726
0
0
0
0
0
0
0
0
0
0
0
0
0
0
0
0
0.00124839125006363
0
0
0
0.0025841231964891386
0
0
0.003058181692130086
0
0
0
0
0.0015546896387152805
0
0
0
0
0
0
0
0
0
0
0
0.0008573717550141605
0
0
0
0
0
0
0
0
0.0008332634259257735
0
0
0
0
0
0
0
0
0
0
0
0
0.002071302266624447
0
0
0
0
0
0
0
0
0
0
0
0
0.0005939937705064779
0
0.0007710137407650002
0
0
0
0
0
0
0
0
0
0
0
0
0
0
0
0
0
0
0
0
0
0
0.0034957051373218535
0
0
0.0011038670011339824
0
0
0
0
0
0.0006134961830933387
0.0009149165675346786
0.006462328189008493
0
0
0
0.0013279453194526005
0
0
0
0
0.0007630927256116789
0
0
0
0
0
0
0
0
0
0
0.0008306724453714077
0
0
0
0
0.0020395226112048495
0
0
0
0
0
0
0
0
0
0
0
0
0
0.0015098466484847666
0
0
0
0
0
0.003289149737606276
0
0.000726887064477686
0
0
0
0
0
0
0
0
0
0
0
0
0
0.0031158126887100603
0
0.0006222433206523691
0
0
0
0
0
0
0.0016396877325880654
0
0
0
0
0
0
0
0
0
0.0008341351641190411
0
0
0
0
0
0
0
0
0
0
0
0
0.0009805303227280197
0
0.0029959595689798024
0
0
0
0
0
0
0
0
0
0
0
0
0
0
0
0
0
0
0
0
0
0
0
0.0009657807653756764
0.0017771063466595204
0
0
0
0
0
0
0
0
0
0
0
0
0
0
0
0
0
0.002728795837476143
0.0008932952327567069
0
0
0
0
0
0
0.0007369771103727441
0
0
0
0
0
0
0
0
0
0
0
0
0
0
0.004820083108513834
0.001097498739284404
0
0
0
0.0008332634259257735
0
0
0
0
0
0
0
0
0
0
0
0
0
0
0
0
0
0
0.0010762436984877376
0.0014254179216371603
0
0
0
0
0
0
0
0.0008644339049423427
0
0
0
0
0.0023002191536911918
0
0
0
0
0
0
0
0
0
0
0
0
0
0
0.0034089507449679866
0
0
0
0
0
0
0
0
0
0.0006464171635385829
0
0.0014355661259023247
0
0
0
0
0
0
0.0016613448907428154
0
0
0
0
0
0
0
0
0
0
0
0
0
0
0
0
0
0
0
0
0.000945640511394617
0
0
0
0
0.0007380168659485192
0
0
0
0
0
0.0008231091388886557
0
0
0
0
0
0
0
0
0
0.0004622432094296319
0.002249564416915671
0
0
0
0
0
0
0
0.0016630642080167012
0
0
0
0
0
0
0
0
0
0
0
0
0.001975796538302095
0.0013247594421925296
0
0
0
0
0
0
0
0
0
0
0.005999243142063359
0
0.0017747725990274355
0
0
0
0
0
0
0
0
0.0008028422324603778
0
0.0009903800159076852
0
0
0
0
0
0
0
0
0
0
0
0
0
0
0
0
0
0
0
0
0
0.002121706933232645
0.0028973422961270294
0.0009162701426936364
0
0.005179005614247715
0
0
0
0
0
0.006623202006803893
0
0
0
0
0
0
0
0
0
0.00842709458482639
0
0
0
0
0
0
0
0
0.0007168501499000653
0
0
0.0009409284682186837
0
0
0
0
0
0
0.0009303765710147854
0
0
0.00993480301020584
0
0
0
0
0
0
0.014595335478096808
0
0
0
0
0.0009748613840560099
0
0
0
0
0
0
0
0.0016771123479693711
0
0
0
0
0
0
0.0008264327229943707
0
0
0
0
0
0
0
0
0
0
0
0.0018380904899372576
0.0018380143771012855
0
0
0
0
0
0
0
0
0
0
0
0
0.0015495729735730377
0
0
0
0
0
0
0
0
0
0
0.0029016786107682545
0
0
0
0
0.001131937518486408
0
0
0
0
0
0
0
0
0
0
0
0.0008206548295117799
0
0
0.00905877896278696
0
0
0
0.0017655812301123524
0
0.0009274684530354292
0
0
0
0
0
0
0
0
0
0
0
0
0
0
0
0
0.000748746970438986
0
0
0
0
0
0
0
0
0
0
0
0
0
0
0
0.0037273124468221596
0
0
0
0.0020374660525047505
0.00293019572997568
0
0
0
0
0
0
0
0
0
0
0.0008190364213659481
0
0
0.003232341106998925
0.001793865580374002
0.0009162701426936364
0.0025871659685536637
0
0
0.0010521953583649
0
0
0
0.0008430847614887858
0.0007673159549439086
0.001351384443241956
0
0
0
0
0
0
0
0
0.000896932790187001
0
0
0
0
0
0
0
0
0
0
0
0
0
0
0
0.009045978469063177
0
0
0.002072002338918659
0
0
0
0
0.003229308666732678
0
0
0
0
0
0.001666526851851547
0
0
0
0
0
0
0
0.0006555615314108414
0
0
0
0
0
0
0
0
0
0
0
0
0
0
0
0
0
0
0
0.0009693600249937461
0
0
0
0
0
0
0
0
0
0
0.0007038234661442427
0
0
0
0
0
0
0
0
0
0
0
0
0
0
0
0
0
0.0006945157385107677
0.002507672958707407
0
0
0
0
0
0
0
0
0
0
0
0
0
0
0.0011269162153160997
0
0
0
0
0
0
0
0
0
0
0
0
0
0
0.0009504749588919668
0
0
0
0
0
0.0008421701858694987
0
0
0
0
0
0
0
0
0
0
0
0.000757799977552767
0
0
0
0.0009246050771114612
0
0.0006380054798714754
0
0
0.0010493965723301817
0.0008214693418139944
0
0
0
0
0
0
0
0
0
0
0
0
0
0
0
0.0007583806824357454
0
0
0
0.0013289497100222839
0.00367201427031853
0
0
0
0
0
0
0.0011193856329856577
0
0
0
0
0
0
0
0
0
0
0
0
0
0
0
0
0
0
0
0
0
0
0
0
0
0
0.0008088464874795889
0
0
0
0
0
0
0
0
0
0
0
0
0
0
0
0
0
0
0
0
0
0
0
0
0
0
0
0
0
0
0
0
0
0
0
0
0
0
0
0
0
0
0
0
0.0007369771103727441
0
0
0
0
0
0
0.003568106474109844
0
0
0
0
0
0
0
0
0
0
0
0
0
0
0
0.0007716372447451384
0
0
0
0
0.0010211039597676237
0
0
0
0
0
0
0
0
0.0021852560011456513
0
0
0
0
0.001337474468736851
0
0
0
0.0014876834645312894
0
0
0
0
0
0
0
0
0
0
0
0
0.0005624405230345371
0
0.0010073112979113565
0
0
0.0010827747462843632
0
0
0
0
0
0
0
0
0.002263875036972816
0
0
0
0
0
0
0
0
0
0
0
0.008807592837270454
0
0
0
0
0
0
0
0
0
0
0
0
0
0
0
0
0
0
0
0
0
0
0
0
0
0
0
0
0
0
0
0.0006705424450679813
0
0
0
0
0
0
0
0
0.0032729298573271714
0
0
0
0
0.0010140798897912886
0
0
0
0
0
0
0.0008957123545744645
0
0
0
0
0
0
0
0
0
0
0
0
0
0
0
0
0
0.0008421701858694987
0
0
0
0
0
0
0
0
0
0
0
0
0
0
0
0
0
0
0
0
0.00539638761409802
0
0
0
0.008085527548064093
0.0040117276056337425
0
0
0
0
0
0
0
0
0
0
0
0
0
0
0
0
0
0
0
0.0011869280662053427
0
0
0
0
0
0
0.0011702498308266555
0
0
0
0.0009730094706271679
0
0
0
0
0.0009504749588919668
0
0
0
0
0
0.003480868981860659
0
0
0
0
0
0
0.0006623797210962648
0
0
0
0
0
0
0
0
0
0
0
0
0
0
0
0
0
0
0
0
0
0
0
0
0
0
0
0
0
0.004230777282246413
0
0.0016596334784038506
0.0012839496414209178
0
0
0
0
0
0
0
0.000782569464579804
0
0
0
0
0
0
0
0.0006296660986680622
0
0
0
0
0
0
0
0.0010668577216355335
0
0
0
0
0
0
0
0
0
0
0
0
0
0
0
0.0008563844011653435
0
0
0
0
0
0
0
0
0
0
0.002029319026479288
0
0
0
0
0
0
0
0
0
0
0
0
0.0009095986124920477
0
0
0
0
0
0
0
0
0
0
0
0
0
0
0
0
0
0
0.0009162701426936364
0
0
0
0
0
0
0
0
0.006376397466033883
0
0
0
0
0
0
0.0012940124036152742
0
0
0
0
0
0
0
0
0.001708850539540072
0
0
0
0
0
0
0
0
0
0
0
0
0
0
0
0
0
0
0
0
0
0
0
0
0
0
0
0
0
0
0
0
0
0.002791129713044356
0
0
0
0
0
0
0
0
0
0
0
0
0
0
0
0
0
0
0
0
0
0
0
0
0
0
0
0
0
0
0
0
0
0
0
0
0
0
0
0
0
0
0
0
0
0
0
0
0
0
0
0
0.0010284035527609757
0
0
0
0
0
0
0
0
0
0
0
0
0
0
0.00226476997272715
0
0
0
0
0
0
0
0
0
0
0
0
0
0
0
0
0
0
0
0
0
0
0
0
0
0
0.003453633884566713
0.0014016222442479057
0
0
0
0
0
0
0
0
0
0
0
0
0
0
0.0007016668282934353
0
0
0
0
0
0
0
0
0.0008323957517947831
0
0
0
0
0
0
0
0
0
0
0
0
0
0
0
0.0008897274091744028
0
0
0
0
0
0
0
0
0
0
0
0
0
0
0
0
0
0
0
0
0
0
0
0
0
0
0
0
0
0
0
0
0
0
0
0
0
0
0
0
0.0008783056808333844
0
0
0
0
0
0
0
0
0
0
0
0
0
0
0
0.0009203909552522095
0
0
0.0007177830629511623
0
0
0
0
0
0
0
0
0
0
0.0053927462302352175
0
0
0
0
0
0
0
0
0
0
0
0
0
0
0
0
0
0
0
0
0
0
0.0017747725990274355
0
0
0
0
0
0
0
0
0
0.000896932790187001
0
0
0.006851075209322748
0.0009748613840560099
0.0009069955523813573
0
0
0
0.0019085602337329118
0
0.005432428800939286
0
0
0
0
0
0
0.001630101841613781
0
0
0
0
0
0
0
0.002031570429900806
0
0
0
0
0
0
0
0
0
0
0
0
0
0
0
0
0
0
0
0.0011076270434413561
0
0
0
0
0
0
0
0
0
0
0
0
0
0
0
0
0
0.0014383825191215005
0
0
0
0
0
0
0
0
0
0
0.001827145531133572
0
0
0
0
0
0
0
0
0
0
0
0
0
0
0
0
0
0
0
0
0
0
0
0
0
0
0.002066868029545
0
0.0009903800159076852
0
0
0
0
0
0
0
0
0
0
0
0
0
0
0
0.005174331937107327
0
0
0
0
0
0
0
0
0
0
0
0.0007805929954140754
0
0
0
0
0
0
0.0009944706369236494
0
0
0
0
0
0
0.0010521953583649
0
0
0
0
0
0
0
0
0.000726887064477686
0
0
0.000782569464579804
0
0
0
0
0
0
0
0
0.0011928369994483319
0
0
0
0
0
0.0007728905542894049
0
0
0
0
0
0
0
0
0
0
0
0
0
0
0
0
0
0.00101639191659169
0
0
0
0
0
0
0.0008524865463644421
0
0
0
0
0
0
0
0
0
0
0
0
0
0
0
0
0
0.0007941841242089552
0
0
0
0
0
0
0
0
0
0
0
0
0
0
0
0
0
0
0
0
0.0008839289413203556
0
0
0
0
0
0
0
0
0
0
0
0
0
0
0
0
0
0
0.037273913981534006
0
0.0011989397023746283
0.0013545786422965748
0
0
0
0
0
0
0
0
0
0
0
0
0
0
0
0
0
0
0
0
0
0
0
0
0
0
0
0.0010608534666163225
0
0
0
0
0
0
0
0
0
0
0
0
0
0
0
0
0
0
0
0
0
0
0
0
0
0
0
0
0
0
0
0
0.0009069955523813573
0.0026185420480308507
0
0
0
0
0
0
0
0
0.001041244213748683
0
0
0
0
0
0
0
0
0
0
0
0
0
0
0.0012839496414209178
0
0
0
0
0
0
0
0
0
0
0
0
0
0
0
0
0
0
0
0
0
0
0
0
0
0
0
0
0.005135798565683671
0
0.0007154594901497022
0
0
0
0
0
0
0
0
0
0
0
0
0
0
0.0036512093962656877
0
0
0
0.0008255962462424929
0
0
0
0
0
0
0.008430847614887858
0
0
0
0
0
0
0
0
0
0
0
0
0
0
0
0.0010386042295700202
0
0
0
0
0
0
0
0
0
0
0
0
0
0
0
0
0
0
0
0
0
0
0
0
0
0
0.0008281170400462817
0
0.0050146595070421785
0.0006364886355830101
0
0.0008358909862358025
0.002111470398432728
0.0012255730252186024
0.0061336538999719374
0
0
0
0
0
0
0
0
0
0
0
0
0
0
0
0
0
0
0
0
0
0
0
0
0
0
0
0
0
0.0009095986124920477
0
0
0
0
0
0
0
0
0
0
0
0
0
0
0
0
0.0016396877325880654
0
0
0
0
0
0
0
0
0
0
0
0
0
0
0
0
0
0
0
0.0015664659591854767
0
0
0
0.0013279453194526005
0
0
0
0
0
0.007845971697330827
0
0
0
0
0
0
0
0
0
0
0
0
0
0
0
0
0
0
0
0.003988958091192332
0
0
0.0010235054868169271
0
0
0
0
0
0
0
0
0
0
0
0
0
0
0
0
0
0
0
0
0
0
0
0
0
0
0
0
0
0
0
0
0
0
0
0
0
0
0
0
0.0007970256414490053
0
0
0
0
0
0
0
0
0
0
0
0
0
0
0
0
0
0
0
0
0
0
0
0
0
0
0
0
0
0.0009863773720921328
0
0
0
0
0
0
0
0
0
0
0
0
0
0
0
0
0
0
0
0
0
0
0
0
0
0
0
0
0
0
0
0
0
0
0
0
0
0
0
0
0
0
0
0
0
0
0
0
0
0
0
0
0
0
0
0
0
0
0
0
0
0
0
0
0
0
0
0
0
0.0009095986124920477
0
0
0.0009318478495383501
0
0
0
0
0
0
0
0
0
0
0
0
0
0.002388933553991256
0
0
0
0
0
0
0
0
0
0
0
0
0
0
0
0
0
0
0
0
0
0
0
0
0
0.001111464617832336
0
0
0
0
0
0
0
0.0007792869145172492
0
0
0
0
0
0
0
0
0
0
0
0
0
0
0
0
0
0
0
0
0
0
0
0
0
0
0
0
0
0
0
0
0
0
0
0
0
0
0
0
0
0
0
0
0
0.0008862266959867058
0
0.0010861282742022263
0
0
0
0
0
0
0
0
0
0
0
0
0
0
0
0
0
0
0
0
0
0
0
0
0
0
0
0
0
0
0
0.014432625038234894
0
0
0
0
0
0
0
0
0
0
0
0
0
0
0
0
0
0
0
0
0
0
0
0
0
0
0
0
0
0
0
0
0
0
0.0009095986124920477
0
0
0.0023516966056391217
0
0.0007073269251514334
0
0
0
0
0
0
0
0
0
0
0.000768540405176189
0
0
0
0
0
0
0
0
0
0
0
0
0
0
0
0.0010360011694593295
0
0
0
0
0
0
0.0030790918576379354
0
0
0
0
0
0
0
0
0
0
0
0
0
0
0
0
0
0
0
0
0
0
0
0.000787264525615664
0
0.0016071645127077048
0
0
0
0
0
0
0
0
0
0
0
0
0
0
0
0
0
0
0
0
0
0
0
0
0
0
0
0
0
0
0
0
0
0
0
0
0
0
0
0
0
0
0
0
0
0
0
0
0
0
0
0
0
0
0
0
0
0
0
0
0
0
0
0
0
0.0018191972249840954
0
0
0
0
0
0
0
0
0
0
0
0
0
0
0
0
0
0
0
0
0
0
0
0
0
0
0
0
0
0
0
0
0
0
0
0
0
0
0
0
0
0
0
0
0
0
0
0
0
0
0
0
0
0
0
0
0
0
0
0
0
0
0
0
0
0
0
0
0
0
0
0
0
0
0
0
0
0
0
0
0
0
0.0007941841242089552
0.003687140349375976
0
0
0
0
0
0
0
0
0
0
0
0
0
0
0
0
0
0
0
0
0
0
0
0
0
0
0
0
0
0
0
0
0
0
0
0
0
0
0
0
0
0
0
0
0
0
0
0
0
0
0
0
0
0
0.000939383930192498
0
0
0
0
0
0
0
0
0.006843218061210567
0
0
0
0
0
0
0
0
0
0
0
0
0
0
0
0
0
0
0
0
0
0
0
0
0
0
0
0
0
0
0
0
0
0
0
0
0
0
0
0.0012117803633623356
0
0
0
0
0
0
0
0
0
0
0
0
0
0.0011869280662053427
0
0
0
0
0
0
0
0
0
0
0
0
0
0
0
0
0
0
0
0
0
0
0
0
0
0
0
0
0
0.0011038670011339824
0
0
0
0
0
0
0
0
0
0
0
0
0
0
0
0
0
0
0
0.0008323957517947831
0
0
0
0
0
0
0
0
0
0
0
0
0
0
0
0
0
0
0
0
0
0
0
0
0
0
0
0
0
0.001111464617832336
0.0010579224491273703
0
0
0
0
0
0
0
0
0
0
0
0
0
0
0
0
0
0
0
0
0
0
0
0
0
0
0
0
0
0
0
0
0
0
0
0
0
0
0
0
0
0
0
0
0
0
0
0
0
0
0.0034224055476363624
0
0
0
0
0
0.0014024769668462122
0
0
0
0
0
0
0
0
0
0
0
0
0
0
0
0
0
0
0
0
0
0
0
0
0
0
0
0
0
0
0
0
0
0
0
0
0
0
0
0
0
0
0
0
0
0
0
0
0
0
0
0
0
0
0
0
0
0
0
0
0
0
0
0
0.0020470109736338542
0
0
0
0
0
0
0
0
0
0
0
0
0
0
0
0
0
0
0
0
0
0
0
0
0
0
0
0
0
0
0
0
0
0
0
0
0
0
0
0
0
0
0
0
0
0
0
0
0
0
0
0
0
0
0
0
0
0
0
0
0
0
0
0
0
0
0
0.000945640511394617
0
0
0
0
0
0
0
0
0
0
0
0.0013046504854764224
0
0
0
0
0
0
0
0
0
0
0
0
0
0
0
0
0
0
0
0
0
0
0
0
0
0
0
0
0
0
0
0
0
0
0
0
0
0
0
0
0.002357732851370119
0
0
0
0
0
0
0
0
0
0
0
0
0
0
0
0
0
0
0
0
0
0
0
0
0
0
0
0
0
0.0027389517039765614
0
0
0
0
0
0
0
0
0
0
0
0
0
0
0
0
0
0
0
0
0
0
0
0
0
0
0
0
0
0
0
0
0
0
0
0
0
0.004358173352657181
0
0
0
0
0
0
0
0
0
0
0
0
0
0
0
0.0009018961713673772
0
0
0
0
0
0
0
0
0
0
0
0
0
0
0
0
0
0.018108401055550425
0
0
0
0.000971175802947471
0.0010334340147725
0
0
0
0
0
0
0
0
0
0
0.0006783215496051972
0
0
0
0
0
0
0
0
0
0
0
0
0
0.0012255730252186024
0.005289955252507484
0
0
0
0
0
0
0
0
0
0
0
0
0
0
0
0
0
0
0
0
0
0
0
0
0
0
0
0
0
0
0
0
0
0.0009440565378848628
0
0.001165006786537302
0
0
0
0.0009986531896599342
0
0
0
0.0044305081737654245
0
0
0
0
0
0
0
0
0
0
0
0
0
0
0
0.0009409284682186837
0
0.0012328726182119546
0
0
0
0
0
0
0
0
0
0
0
0
0
0
0
0
0
0
0
0
0
0
0
0
0
0
0
0
0
0
0
0
0
0
0
0
0
0
0
0
0
0
0
0
0.00857997883765468
0
0
0
0
0
0
0
0
0
0
0
0
0
0
0
0
0
0
0
0
0
0
0
0
0
0
0
0
0
0
0
0
0
0
0
0
0
0
0.0014469618585729396
0
0
0
0
0
0
0
0
0
0
0
0
0
0.0023002191536911918
0
0
0
0
0
0
0
0
0
0
0
0
0
0
0
0
0.0010730621549628352
0
0
0
0
0
0
0
0
0
0
0
0
0
0
0.0011869280662053427
0
0
0
0
0
0
0
0
0
0
0
0.0005612267202713904
0.0019688157494585864
0
0
0
0
0
0
0
0
0
0
0
0
0
0
0
0
0
0
0.0010466392513204777
0
0
0
0
0
0
0
0
0
0
0
0
0
0
0
0
0
0
0
0
0
0
0
0
0
0
0
0
0
0.0021790866763285906
0
0
0
0
0
0
0
0
0
0
0
0
0.0012653225320673012
0
0
0
0
0
0
0
0
0
0
0
0
0
0
0
0.0009018961713673772
0
0
0
0
0
0
0
0
0
0.0006651785071309829
0
0
0
0
0
0
0
0
0
0
0
0
0
0
0
0
0
0
0
0
0
0
0
0
0
0
0
0
0
0
0
0.0018607531420295708
0
0
0
0
0
0
0
0.00293019572997568
0
0
0
0
0
0
0
0
0
0
0
0
0
0
0
0
0
0
0
0
0
0
0
0
0
0
0
0
0
0
0
0
0
0
0
0
0
0.038150765168255635
0
0
0.0028514248766759002
0
0
0
0
0
0
0
0.0010965674081406301
0.00101639191659169
0
0
0
0
0
0
0
0
0
0
0
0
0
0
0
0
0
0
0
0
0
0
0
0
0
0
0
0
0
0
0
0
0.00832144569400315
0
0
0.004527750073945632
0
0
0
0
0
0
0
0
0
0
0
0
0
0
0
0
0
0
0.00105503687560495
0
0
0
0
0
0
0
0
0
0
0
0
0
0
0
0
0
0
0
0
0
0
0
0
0
0
0
0
0
0
0
0
0
0
0.0010334340147725
0
0
0
0
0
0
0
0.0010284035527609757
0
0
0
0
0
0
0
0
0
0
0
0
0
0
0
0
0
0
0
0
0.002658680087960117
0
0
0
0
0
0
0
0
0
0
0
0
0
0
0
0
0
0
0
0
0
0
0
0
0
0
0
0
0
0
0
0
0
0
0
0
0
0.002563275809310108
0
0
0
0
0
0
0
0
0
0
0
0
0
0
0
0
0
0
0
0
0
0
0
0
0
0
0
0
0
0
0
0
0
0
0
0
0
0
0
0
0
0
0
0
0
0
0
0
0
0
0
0
0
0
0
0
0
0
0
0
0
0
0
0
0
0.0010360011694593295
0
0
0
0
0
0
0
0
0
0
0
0
0
0
0
0
0
0
0
0
0.009944706369236493
0
0
0
0
0
0
0
0
0
0
0
0
0
0
0
0
0
0
0
0
0
0
0
0
0
0
0
0
0
0
0
0
0
0
0
0
0.0025780869507581418
0
0
0
0
0
0
0
0
0
0
0
0
0
0
0
0
0
0
0
0
0
0
0
0
0
0
0
0
0
0
0
0.0012052493155657099
0
0
0
0
0
0
0
0
0
0
0
0.0008496158092854114
0
0
0
0
0
0
0
0
0
0
0
0
0
0
0
0
0
0
0
0
0
0
0
0
0.000957122657124254
0
0
0
0
0.0010073112979113565
0
0
0
0
0
0
0
0
0.0009748613840560099
0
0
0
0
0
0
0
0
0
0
0
0
0
0
0
0
0.0013279453194526005
0
0
0
0
0.010437203883811379
0
0
0
0
0
0
0
0
0
0
0
0
0
0
0
0
0
0
0
0.0012940124036152742
0
0
0
0
0
0
0
0
0
0
0
0
0
0
0
0
0
0
0
0
0
0
0
0
0
0
0
0
0
0
0
0
0
0
0
0
0
0
0
0
0
0.0013046504854764224
0
0
0
0
0
0
0
0
0
0
0
0
0
0
0
0
0
0
0
0
0
0
0
0
0
0
0
0
0
0
0
0
0
0
0
0
0
0
0
0.011034523891085226
0
0
0
0
0
0
0
0
0
0
0.0013185611791765453
0
0
0
0
0
0
0
0
0
0
0
0
0
0
0
0
0
0
0
0
0
0
0
0
0
0
0
0.00262177885299139
0
0
0
0
0
0
0
0
0
0
0
0
0
0
0
0
0
0
0
0
0
0
0
0
0
0
0
0
0
0
0
0
0
0
0
0
0
0
0
0
0
0
0
0
0
0
0
0
0
0
0
0
0
0
0
0
0
0.0040637359268897244
0
0
0
0
0
0
0
0.003510749492479966
0
0
0
0
0
0
0
0
0
0
0
0
0
0
0
0
0
0
0
0
0
0
0
0
0
0
0
0
0
0
0
0
0
0.0010668577216355335
0
0
0
0
0
0
0
0
0
0
0
0
0
0
0
0
0
0
0
0
0
0
0
0
0
0
0
0.0027209866571440717
0
0
0
0
0
0
0
0
0
0
0
0
0
0
0
0
0
0
0
0
0
0
0
0
0
0
0
0
0
0
0
0
0
0
0
0
0.0052469828616509085
0.004871537106844268
0
0
0
0
0
0
0
0
0
0
0
0
0
0
0
0
0
0
0
0
0
0
0
0
0
0
0
0
0
0
0
0
0
0
0
0
0
0
0
0
0
0
0
0
0
0
0
0
0
0
0
0
0
0
0
0
0
0.00708257362493904
0
0
0
0
0
0
0
0
0
0
0
0
0
0
0
0
0
0
0
0
0
0
0
0
0
0
0
0
0
0
0
0
0
0
0
0.0018607531420295708
0
0
0.009274684530354292
0
0
0
0
0
0
0
0
0
0
0
0
0
0
0
0
0
0
0
0
0
0
0
0
0
0
0
0
0
0
0
0
0
0
0
0
0
0
0
0
0
0
0
0
0
0
0
0
0
0
0
0
0
0
0
0
0
0
0
0
0
0
0
0
0
0
0
0
0
0
0
0
0
0
0
0
0
0
0
0
0
0
0
0
0
0
0
0
0
0
0
0
0
0
0
0
0
0
0
0
0
0
0
0
0
0
0
0
0
0
0
0
0
0
0
0
0
0
0
0
0
0
0
0
0
0
0
0
0
0
0
0
0
0
0
0.0022077340022679647
0.0009693600249937461
0
0
0
0
0
0
0
0
0
0
0
0
0
0.002736715790012132
0.0009006428618231107
0
0
0
0
0
0
0
0
0
0
0
0
0
0
0
0
0
0
0.004534977761906786
0
0
0
0
0
0
0
0
0
0
0
0
0.0011234762540016218
0
0.006140407930985616
0.0009274684530354292
0
0
0
0.0019973063793198684
0
0
0.002290795067339325
0
0
0
0
0
0
0
0
0
0
0
0
0
0.002017096010576522
0
0
0
0
0
0
0.000921785087343994
0
0.0019688157494585864
0
0
0
0
0
0
0
0.0008993979356830033
0
0
0
0
0.0009944706369236494
0
0
0
0
0
0
0
0
0
0
0
0
0
0
0
0
0
0
0
0.003947801049849945
0
0
0
0
0
0
0
0
0
0
0
0
0
0.001041244213748683
0
0
0
0
0.0007654942526609823
0
0
0
0
0
0
0
0
0
0.007147727718373365
0
0
0.0059346403310267136
0
0
0
0
0
0
0
0
0
0
0
0
0
0
0
0
0
0
0
0
0
0
0
0.0009348257652923871
0
0.0011702498308266555
0
0
0
0
0
0
0
0
0
0
0
0
0
0
0
0
0
0.0010140798897912886
0
0
0
0
0
0
0
0
0.003002340750344193
0
0
0
0
0
0
0
0
0
0
0
0
0
0.0012185489552422677
0
0
0
0
0
0
0
0
0
0
0
0
0
0
0
0
0
0.0010334340147725
0
0.0007865865075106014
0
0.002263875036972816
0.0032098022558899675
0
0.007670578850239181
0
0
0
0
0
0
0
0
0
0
0
0
0
0
0
0
0
0
0
0
0
0
0
0
0
0
0
0
0
0
0
0
0
0.0016789062383233439
0
0
0.0009069955523813573
0
0
0
0
0
0
0
0
0
0
0
0
0
0
0
0
0
0
0
0
0
0
0
0
0
0
0
0
0
0
0
0
0
0.0008583643747750691
0
0
0
0
0.0010051087187847975
0.00990163278022899
0.0021273111003474216
0
0
0
0
0
0
0
0
0
0
0
0
0
0
0
0
0
0
0
0
0
0
0
0
0
0
0
0
0
0
0.0011408018492121209
0
0
0
0
0
0
0
0
0
0
0
0
0
0
0
0.0010608534666163225
0
0
0
0
0
0
0
0
0
0
0
0
0
0
0
0
0
0
0
0
0
0
0
0
0
0
0
0
0
0
0
0
0
0
0
0
0
0
0
0
0
0
0
0
0
0
0
0
0
0
0
0
0
0
0
0
0
0
0
0
0
0
0
0
0
0
0
0
0
0
0
0
0
0
0
0.001111464617832336
0
0.0008006396533338185
0
0
0
0
0
0
0
0
0
0
0
0
0
0
0
0
0
0
0
0
0
0.0013694758519882807
0.0028321696136545883
0
0.003200573164906601
0.001592622369327504
0
0
0.005692072082772986
0
0
0.016238703677326508
0
0.018723997293226487
0
0
0
0
0.0025880248072305484
0
0
0
0
0
0
0
0
0
0
0
0
0
0
0.008073271666831696
0
0
0
0
0
0
0
0
0
0
0
0
0
0
0
0
0
0
0
0
0
0
0
0
0
0
0
0
0
0
0
0
0
0
0
0
0
0
0
0
0
0
0
0.017910170127770523
0
0
0
0
0
0
0
0
0
0
0
0
0
0
0
0
0
0
0
0
0
0
0
0
0
0
0
0.00424341386646529
0
0
0
0
0
0
0
0.0009805303227280197
0
0
0
0
0
0
0
0
0
0
0
0
0
0
0
0
0
0
0
0
0
0
0
0
0
0
0
0
0
0
0
0
0
0
0
0
0
0
0
0
0
0
0
0
0
0
0
0
0
0
0
0
0
0
0
0
0
0.006164363091059773
0
0
0.0009440565378848628
0
0
0.0009504749588919668
0.0008827906150561762
0
0
0
0
0.004802688605431615
0
0
0
0
0
0
0
0
0
0
0
0
0
0
0
0
0
0
0
0
0.0012940124036152742
0.0040117276056337425
0
0
0
0
0.021673258276745197
0
0
0
0.0011812009754428722
0
0
0
0
0
0
0
0
0
0
0
0
0
0
0
0
0
0
0
0
0
0
0
0
0
0
0
0.01007897156963
0.0022387712659713154
0
0
0
0
0
0
0
0
0
0
0
0
0
0
0
0
0
0
0
0
0
0
0
0
0
0
0
0
0
0
0
0
0
0
0
0.0020932785026409554
0
0
0
0
0
0
0
0
0
0
0
0
0
0
0
0
0
0
0
0
0
0
0
0
0.0055426801635754044
0
0
0
0
0
0
0
0
0
0
0
0
0
0
0
0
0
0
0
0
0
0
0
0
0
0
0
0
0
0
0
0
0
0
0
0
0
0
0
0
0
0
0
0
0
0
0
0
0
0
0
0
0
0
0
0
0
0
0
0
0
0
0
0
0
0
0
0
0
0.0012404702349103085
0
0
0
0
0
0
0
0
0
0
0
0
0
0
0.0012328726182119546
0
0
0
0
0
0
0
0
0
0
0
0
0
0
0
0
0.0034648320730288375
0
0.09962783037614933
0
0
0
0
0
0
0
0
0
0.0032191864648885055
0
0
0
0
0.0010699340852966558
0
0
0
0
0
0
0.0023002191536911918
0
0
0
0
0
0
0.01058080381558605
0
0.0028613073876191724
0
0
0
0.002655890638905201
0
0
0
0.000945640511394617
0
0
0
0
0
0
0
0
0
0
0
0
0
0
0
0
0
0.0012255730252186024
0
0
0
0
0
0
0
0
0
0
0
0
0
0
0
0
0
0
0
0
0
0
0
0
0
0
0
0
0
0
0
0
0
0
0
0
0
0
0
0
0
0
0
0
0
0
0
0
0
0
0
0
0
0
0
0
0
0
0
0
0
0
0
0
0
0
0
0
0
0
0
0
0
0
0
0
0
0
0
0
0
0
0
0
0
0
0
0
0
0
0
0
0
0
0
0
0
0
0
0
0
0
0
0
0
0
0
0
0
0
0
0
0
0
0
0
0
0
0
0
0
0
0
0
0
0
0
0
0
0
0
0
0
0
0
0
0
0
0
0
0
0
0
0
0
0
0
0
0
0
0
0
0
0
0.0010827747462843632
0
0
0
0
0
0.0038150765168255634
0
0
0
0
0
0
0
0
0
0
0
0
0
0
0
0
0
0
0
0
0
0
0
0
0
0
0
0
0
0
0
0
0.0013279453194526005
0
0
0
0
0.0011193856329856577
0.0011549440243429458
0
0
0
0
0
0
0
0
0.0010762436984877376
0
0
0
0
0.001159907405523322
0
0
0
0
0
0
0.0008166348943166446
0
0
0
0
0
0
0
0
0
0
0
0
0
0
0
0
0
0.0012940124036152742
0.0025292542844663575
0
0
0
0
0
0
0
0
0
0
0
0
0
0
0
0
0
0
0
0
0
0
0
0
0
0
0
0
0
0
0
0
0
0
0
0
0
0
0.0008583643747750691
0
0
0
0
0
0
0
0
0
0
0.0012117803633623356
0
0
0
0
0
0
0
0
0
0
0.0012255730252186024
0
0
0
0
0
0
0.050596492472612734
0.0012117803633623356
0
0
0
0
0
0
0
0
0
0
0
0
0
0.0011989397023746283
0
0
0
0
0
0.0012255730252186024
0
0
0
0
0.0025488063014952695
0
0
0
0
0.004874195820969071
0
0
0
0
0
0
0
0
0
0
0
0
0
0
0
0
0
0
0
0
0
0
0
0
0
0
0
0
0
0
0
0
0
0
0
0
0
0
0
0
0
0
0
0
0
0
0
0
0
0.0012052493155657099
0
0
0
0
0
0
0
0
0.008044715882641848
0
0
0
0
0
0
0
0
0
0
0
0
0
0
0
0
0
0
0
0
0
0
0.0011702498308266555
0
0
0
0
0
0
0
0
0
0
0
0
0
0
0
0
0
0
0
0
0
0
0
0
0
0
0
0
0
0
0
0
0
0.0014230180206932464
0
0
0
0
0
0
0
0.015750207189341284
0
0
0
0
0
0
0
0
0
0
0
0
0
0
0
0
0
0
0
0
0
0
0
0
0
0
0
0
0
0
0
0
0
0
0
0.002263875036972816
0
0
0
0
0.0009748613840560099
0
0
0
0
0
0
0
0
0
0
0
0
0
0
0
0.005447716690821476
0
0
0
0
0
0
0
0
0
0
0
0
0
0
0
0
0
0
0
0
0.0008728473493436169
0
0
0
0
0
0
0
0
0
0
0
0
0
0
0
0
0
0
0
0
0
0
0
0
0
0
0
0
0
0
0
0
0.0010608534666163225
0
0
0
0
0
0
0
0
0
0
0
0
0
0
0
0
0
0
0
0
0
0
0
0
0
0
0
0
0
0
0
0
0
0
0.0010861282742022263
0
0
0
0
0
0
0
0
0
0
0
0
0.0012566644238158789
0
0
0
0
0
0
0
0
0
0
0
0
0
0
0
0.0011928369994483319
0.004022357941320924
0
0
0
0
0
0
0.0012744031507476348
0
0
0
0
0
0
0
0
0
0
0
0
0
0
0
0
0
0
0
0
0
0
0
0
0
0
0
0
0
0
0
0
0
0
0
0
0
0
0
0
0
0
0
0
0
0
0.0011076270434413561
0
0
0
0
0
0
0
0
0
0
0
0
0
0
0
0
0
0
0
0
0
0
0
0
0
0
0
0
0
0
0
0
0
0
0
0.007646418904485809
0
0.0011501095768455959
0
0
0
0
0
0
0
0
0
0
0
0
0
0
0
0
0
0
0
0
0
0
0
0
0
0
0
0
0
0.036180360726731864
0
0
0
0
0
0
0
0
0
0
0
0
0
0
0
0
0
0
0
0
0
0
0
0
0
0
0
0
0
0
0
0
0
0
0
0
0
0
0
0
0
0
0
0
0
0
0
0
0
0.0014697915975182803
0
0
0
0
0
0
0
0
0
0
0
0
0
0
0
0
0
0
0
0
0
0
0
0
0
0
0
0
0
0
0
0
0
0
0
0
0
0
0
0
0
0
0.006084479338747732
0
0
0
0
0
0.0017522062034136501
0
0
0
0
0
0
0
0
0
0
0
0
0
0
0
0
0.015109669468670348
0
0
0
0
0
0
0
0
0
0
0
0
0
0
0
0
0
0
0
0
0
0
0
0
0
0
0
0
0
0
0.0011408018492121209
0
0
0
0
0
0
0
0
0
0
0
0
0
0
0
0
0
0
0
0
0
0
0.0012566644238158789
0
0
0
0
0
0
0
0
0
0
0
0
0
0
0
0
0
0
0
0
0
0
0
0
0
0
0
0
0
0
0
0
0
0
0
0
0
0
0
0
0
0
0
0
0
0
0
0
0
0
0
0
0
0
0
0
0
0.006928350204469256
0
0
0
0
0
0
0
0
0
0
0
0
0
0
0
0
0
0
0
0
0
0
0
0
0
0
0
0
0
0
0
0
0
0
0
0
0.0057040092460606045
0
0
0
0
0
0
0
0
0
0
0
0
0
0
0
0
0
0
0
0
0
0
0
0
0
0
0
0
0
0
0
0
0
0
0
0
0.001159907405523322
0
0
0
0
0
0
0
0
0
0
0
0
0
0
0
0
0
0
0
0
0
0
0
0
0
0
0
0
0
0
0
0
0
0
0
0
0
0
0
0
0
0
0
0
0
0
0
0
0
0
0
0.0013407859804403079
0
0
0
0
0
0
0
0.001111464617832336
0
0
0
0
0
0
0
0
0.001315933683283315
0
0
0.00352693460519535
0
0
0
0
0
0
0
0
0
0
0
0
0
0.0009986531896599342
0
0
0
0
0
0
0
0
0
0
0
0
0
0
0
0
0
0
0
0
0
0
0
0
0
0
0
0
0
0
0
0
0
0
0
0
0
0
0
0
0
0
0
0
0.0010211039597676237
0
0
0
0
0
0
0
0
0
0
0
0
0
0
0
0
0
0
0
0
0
0
0
0
0
0
0
0
0
0
0
0
0
0
0
0
0
0
0
0
0
0
0
0
0
0
0
0
0
0
0.0025306450641346023
0
0
0
0
0
0
0
0
0
0
0
0
0
0
0
0
0
0
0
0
0
0
0
0
0
0
0
0
0
0
0
0
0
0
0
0
0
0
0
0
0
0
0
0
0
0
0
0
0
0.0024104986311314198
0
0
0
0
0
0
0
0
0
0
0
0
0
0
0
0
0
0
0
0.0011276588067379064
0
0
0
0
0
0
0
0
0
0
0
0
0
0
0
0
0
0
0
0
0
0
0.004022357941320924
0
0
0
0
0
0
0
0
0
0.009211535782983206
0
0
0
0
0
0
0
0
0
0
0
0
0
0
0
0
0
0
0
0
0
0
0
0
0
0
0
0
0
0
0
0
0
0
0
0
0
0
0
0
0
0
0.0012653225320673012
0
0
0
0
0
0
0
0
0
0
0
0
0
0
0
0
0
0
0
0
0
0
0
0
0
0
0
0
0
0
0
0
0
0
0
0
0
0
0
0
0
0
0
0
0
0
0
0
0
0
0
0
0
0
0
0
0
0
0
0
0
0
0
0
0
0
0
0
0
0
0
0
0
0
0
0
0
0
0
0
0
0
0
0
0
0
0
0
0
0
0
0
0
0
0
0
0
0
0
0
0
0
0
0
0
0
0
0
0
0
0
0
0
0
0
0
0
0
0
0
0
0
0
0
0
0
0
0
0
0
0
0
0
0
0
0
0
0
0
0
0
0
0
0
0
0
0
0
0
0
0
0
0
0
0
0
0
0
0
0
0
0
0
0
0
0
0
0
0
0
0
0
0
0
0
0
0
0
0
0
0
0
0
0
0
0
0
0
0
0
0
0
0
0
0
0
0
0
0
0
0
0
0
0
0
0
0
0
0.004304974793950951
0
0
0
0
0
0
0
0
0
0
0
0
0
0
0
0
0
0
0
0
0
0
0
0
0
0
0
0
0
0
0.001165006786537302
0
0
0
0.0012052493155657099
0
0
0
0
0
0
0
0
0
0
0
0
0
0
0.0012052493155657099
0
0
0
0
0
0
0
0
0
0
0
0
0
0
0
0
0
0
0
0
0
0
0
0
0
0
0
0
0
0
0
0
0
0
0
0
0
0
0
0
0
0
0
0
0
0
0
0
0
0
0
0
0
0
0
0
0
0
0
0
0
0
0
0
0
0
0
0
0.0027713400817877022
0
0
0
0
0
0
0
0
0
0
0
0
0
0
0
0
0
0
0
0
0
0
0
0
0
0
0
0
0
0
0
0
0
0
0
0
0
0
0
0
0
0
0
0
0
0
0
0
0
0
0
0
0
0
0
0
0
0
0
0
0
0
0
0
0
0
0
0
0
0
0
0
0
0
0
0
0
0
0
0
0
0
0
0
0
0
0
0
0
0
0.0012566644238158789
0
0
0
0
0
0
0
0
0
0
0
0
0
0
0
0
0
0
0
0
0
0
0
0
0
0.0009303765710147854
0
0.001315933683283315
0
0
0
0
0
0
0
0
0
0
0
0
0
0
0
0
0
0
0
0
0
0
0
0
0
0
0
0
0
0
0
0
0
0
0
0
0
0
0
0
0
0
0
0
0
0
0
0
0
0
0
0
0
0
0
0
0
0
0
0
0
0
0
0
0
0
0
0
0
0
0
0
0
0
0
0
0
0
0
0
0
0
0
0
0
0
0
0
0
0
0
0
0
0
0
0
0
0
0
0
0
0
0
0
0
0
0
0
0
0
0
0
0
0
0
0
0
0
0
0
0
0
0
0
0
0.0012653225320673012
0
0
0
0
0
0
0
0
0
0
0
0
0
0
0
0
0
0
0
0
0
0
0
0
0
0
0.0013279453194526005
0
0
0
0
0
0
0
0
0
0
0
0
0
0
0
0
0
0
0
0
0
0
0
0
0
0
0
0
0
0
0
0
0
0
0
0
0
0
0
0.01578722329433069
0
0
0
0
0
0
0
0
0
0
0
0
0
0
0
0
0
0
0
0
0
0
0
0
0
0
0
0
0
0
0
0
0
0
0
0
0
0
0
0
0
0
0
0
0
0
0
0
0
0
0
0
0
0
0
0
0
0
0
0
0
0
0
0
0
0
0
0
0
0
0
0
0
0
0
0
0
0
0
0
0
0
0
0
0
0
0
0
0
0
0
0
0
0
0.03821905116457059
0
0
0
0
0
0
0
0
0
0
0.0012940124036152742
0
0
0
0
0
0
0
0
0
0
0
0
0
0
0
0
0
0
0
0
0
0
0
0
0
0
0
0
0
0
0
0
0
0
0
0
0
0
0
0
0
0
0
0
0
0
0
0
0
0
0
0
0
0
0
0
0
0
0
0
0
0
0
0
0
0
0
0
0
0
0
0
0
0
0
0
0
0
0
0
0
0
0
0
0
0
0
0
0
0
0
0
0
0
0
0
0
0
0
0
0
0
0
0
0
0
0
0
0
0
0
0
0
0
0
0
0
0
0
0
0
0
0
0
0
0
0
0
0
0
0
0
0
0
0
0
0
0
0
0
0
0
0
0
0
0
0
0
0
0
0
0
0
0
0
0
0
0
0
0
0
0
0
0
0
0
0
0
0
0
0
0
0
0
0
0
0
0
0
0
0
0
0
0
0
0
0
0
0
0
0
0
0
0
0
0
0
0
0
0
0
0
0
0
0
0
0
0
0
0
0
0
0
0
0
0
0
0
0
0
0
0
0
0
0
0
0
0
0
0
0
0
0
0
0
0
0
0
0
0
0
0
0
0
0
0
0
0
0
0
0
0
0
0
0
0.002255317613475813
0
0
0
0
0
0
0
0.0023002191536911918
0
0
0
0
0
0
0
0
0
0
0
0
0
0
0
0.011235521250572669
0
0
0
0
0
0
0
0
0
0
0
0
0
0
0
0
0
0
0
0
0
0
0
0
0
0
0
0
0
0
0
0
0.01732439594054981
0
0
0
0
0
0
0
0
0
0
0
0
0
0
0
0
0
0
0
0
0
0
0
0
0
0
0
0
0
0
0
0
0
0
0
0
0
0
0
0
0
0
0
0
0
0
0
0
0
0
0
0
0
0
0
0
0
0
0
0
0
0
0
0
0
0
0
0
0
0
0
0
0
0
0
0
0
0
0
0
0
0
0
0
0
0
0
0
0
0
0
0
0
0
0
0
0
0
0
0
0
0
0
0
0
0
0
0
0
0
0
0
0
0
0
0
0
0
0
0
0
0
0
0
0
0
0
0
0
0.009211535782983206
0
0
0
0
0
0
0
0
0
0
0
0
0
0
0
0
0
0
0
0
0.0012940124036152742
0
0
0
0
0
0
0
0
0
0
0.0011501095768455959
0
0
0
0
0
0
0
0
0
0
0
0
0
0
0
0
0
0
0
0
0
0
0
0
0
0
0
0
0
0
0
0
0
0
0
0
0
0
0
0
0.0013545786422965748
0
0.0013279453194526005
0
0
0
0
0
0
0
0.0012328726182119546
0
0
0
0
0
0
0
0
0
0
0
0
0
0
0
0
0
0
0
0
0
0
0
0
0
0
0
0
0
0
0
0
0
0.0013545786422965748
0
0
0
0
0
0
0
0
0
0
0
0
0
0
0
0
0
0
0
0
0
0
0
0
0
0
0
0
0
0
0
0
0
0
0
0
0
0
0
0.0012744031507476348
0
0
0
0
0
0
0
0
0
0
0
0
0
0
0
0
0
0
0
0
0
0
0
0
0
0
0
0
0
0
0
0
0
0
0
0
0
0.0024104986311314198
0
0
0
0
0
0
0
0
0
0
0
0
0
0
0
0
0
0
0
0
0
0
0
0
0
0
0
0
0
0
0
0
0
0
0
0
0
0
0
0
0
0
0
0
0
0
0
0
0
0
0
0
0
0
0
0
0
0
0
0
0
0
0
0
0
0
0
0
0
0
0
0
0
0
0
0
0
0
0
0
0
0
0
0
0
0
0
0
0
0
0
0
0
0
0
0
0
0
0
0
0
0
0
0
0
0
0
0
0
0
0
0
0
0
0
0
0
0
0
0
0
0
0
0
0
0
0
0
0
0
0
0
0
0
0
0
0
0
0
0
0
0
0
0
0
0
0
0
0
0
0
0
0
0
0
0
0
0
0
0
0
0
0
0
0
0
0
0
0
0
0
0.0012328726182119546
0
0
0
0
0
0
0
0
0
0.004931490472847818
0
0
0
0
0
0
0
0
0
0
0
0
0
0
0
0
0
0
0
0
0
0
0
0
0
0
0
0
0
0
0
0
0
0
0
0
0
0
0
0
0
0
0
0
0
0
0
0
0
0
0
0
0
0
0
0
0
0
0
0
0
0
0
0
0
0
0
0
0.00124839125006363
0
0
0
0
0
0
0
0.0011812009754428722
0
0
0
0
0
0
0
0.0025306450641346023
0
0
0
0
0
0
0
0
0
0
0
0
0
0
0
0
0
0
0
0
0
0
0
0
0
0
0
0
0
0
0
0
0
0
0
0
0
0
0
0
0
0
0
0
0
0
0
0
0
0
0
0
0
0
0
0
0
0
0
0
0
0
0
0
0
0
0
0
0
0
0
0
0
0
0
0
0
0
0
0
0
0
0
0
0
0
0
0
0
0
0
0
0
0
0
0
0
0.0012185489552422677
0
0
0
0
0
0
0
0
0
0
0
0
0
0
0
0
0
0
0
0
0
0
0
0
0
0
0
0
0
0
0.0013046504854764224
0
0
0
0
0
0
0
0
0
0
0
0
0
0
0
0
0
0
0
0
0
0
0
0
0
0
0
0
0
0
0
0
0
0
0
0
0
0
0
0
0
0
0
0
0
0
0.001115382989170105
0
0
0
0
0
0
0
0
0
0
0
0
0
0
0
0
0
0
0
0
0
0
0
0
0
0
0
0
0
0
0
0
0
0
0
0
0
0
0
0
0
0
0
0
0
0
0
0
0
0
0
0
0
0
0
0
0
0
0
0
0
0
0
0
0
0
0
0
0
0
0
0
0
0
0
0
0
0
0
0
0
0
0
0
0
0
0
0
0
0
0
0
0
0
0
0
0
0
0
0
0
0
0
0
0
0
0
0
0
0
0
0
0
0
0
0
0
0
0
0
0
0
0
0
0
0
0
0
0
0
0
0
0
0
0
0
0
0
0
0
0
0
0
0
0
0
0
0
0
0
0
0
0
0
0
0
0
0
0
0
0
0
0
0
0
0
0
0
0
0
0
0
0
0
0
0
0
0
0
0
0
0
0
0
0
0
0
0
0
0
0
0
0
0
0
0
0
0
0
0
0
0
0
0
0
0
0
0
0
0
0
0
0
0
0
0
0
0
0
0
0
0
0
0
0
0
0
0
0
0
0
0
0
0
0
0
0
0
0
0
0
0
0
0
0
0
0
0
0
0
0
0
0
0
0
0
0
0
0
0
0
0
0
0
0
0
0
0
0.0011234762540016218
0
0
0
0
0
0
0
0
0.009211535782983206
0
0.0023624019508857444
0
0
0
0
0
0
0
0
0
0
0
0
0
0
0
0
0
0
0
0
0
0
0
0
0
0
0
0
0
0
0
0
0
0
0
0
0
0
0
0
0
0
0
0
0
0
0
0
0
0
0
0
0
0
0
0
0
0
0
0
0
0
0
0
0
0
0
0
0
0
0
0
0
0
0
0
0
0
0
0
0
0
0
0
0
0
0
0
0
0
0
0
0
0
0.0012255730252186024
0
0
0
0
0
0
0
0
0
0
0
0
0
0
0
0
0
0
0
0
0
0
0
0
0
0
0
0
0
0
0
0
0
0
0
0
0
0
0
0
0
0
0
0
0
0
0
0
0
0
0
0
0
0
0
0
0
0
0
0
0
0
0
0
0
0
0
0
0
0
0
0
0
0
0
0
0
0
0
0
0
0
0
0
0
0
0
0
0
0
0
0
0
0
0
0
0
0
0
0.0013407859804403079
0
0
0
0
0
0
0
0
0
0
0
0
0
0
0
0
0
0
0
0
0
0
0
0
0
0
0
0
0
0
0
0
0
0
0
0
0
0
0
0
0.0013046504854764224
0
0.0013279453194526005
0
0
0
0
0
0
0
0
0
0
0
0
0
0
0
0
0
0
0
0
0
0
0
0
0
0
0
0
0
0
0
0
0
0
0
0
0
0
0
0
0
0
0
0
0
0
0
0
0
0
0
0
0
0
0
0
0
0
0
0
0
0
0
0
0
0
0
0
0
0
0
0
0
0
0
0
0
0
0
0
0
0
0
0
0
0
0
0
0
0
0
0
0
0
0
0
0
0
0
0
0
0
0
0
0
0
0
0
0
0
0
0
0
0
0
0
0
0
0
0
0
0
0
0
0
0
0
0
0
0
0
0
0
0
0
0
0
0
0
0.007252008186215307
0
0
0
0
0
0
0
0
0
0
0
0
0
0
0
0
0
0
0
0
0
0
0
0
0
0
0
0
0
0
0
0
0
0
0
0
0
0
0
0
0
0
0
0
0
0
0
0
0
0
0
0
0
0
0.0010965674081406301
0
0
0
0
0
0
0
0
0
0
0
0
0
0
0
0
0
0
0
0
0
0
0
0
0
0
0
0.0012653225320673012
0
0
0
0
0
0
0
0
0
0
0
0
0
0
0
0
0
0
0
0
0
0
0
0
0
0
0
0
0
0
0
0
0
0
0
0
0
0
0
0
0
0
0
0
0
0
0
0
0
0
0
0
0
0
0
0
0
0
0
0
0
0
0
0
0
0
0
0
0
0
0
0
0
0
0
0
0
0
0
0
0
0
0
0
0
0
0
0
0
0
0
0
0
0
0
0
0
0
0
0
0
0
0
0
0
0
0
0
0
0
0
0
0
0
0
0
0
0
0
0
0
0
0
0
0
0
0.0013694758519882807
0
0
0
0
0
0
0
0
0
0
0
0
0
0
0
0
0
0
0
0
0
0
0
0
0
0
0
0
0
0
0
0
0
0
0
0
0
0
0
0
0
0
0
0
0
0
0
0
0
0
0
0
0
0
0
0
0
0
0
0
0
0
0
0
0
0
0
0
0
0
0
0
0
0
0
0
0
0
0
0
0
0
0
0
0
0
0
0
0
0
0
0
0
0
0
0
0
0
0
0
0
0
0
0
0
0
0
0
0
0
0
0
0
0
0
0
0
0
0
0
0
0
0
0
0
0
0
0
0
0
0
0
0
0
0
0
0
0
0
0
0
0
0
0
0
0
0
0
0
0
0
0
0
0
0
0
0
0
0
0
0
0
0
0
0
0
0
0
0
0
0
0
0
0
0
0
0
0
0
0.00263186736656663
0
0
0
0
0.02523096106959941
0
0
0
0
0
0
0
0.008216855111929685
0
0
0
0
0
0.004795758809498513
0.0037699932714476366
0
0
0
0
0
0.008216855111929685
0.0053631439217612315
0
0
0
0
0
0
0
0
0
0
0
0
0
0
0
0
0
0
0.03568328822093377
0.0040637359268897244
0.007115090103466232
0.004210226303476822
0.0013545786422965748
0.005879166390073121
0.0013046504854764224
0.0013279453194526005
0.0013279453194526005
0.018591234472336408
0.02929476755059606
0.0014034087678256072
0.011384144165545972
0.0012940124036152742
0.0040637359268897244
0.006928350204469256
0.0013694758519882807
0.0012839496414209178
0.008044715882641848
0.0013046504854764224
0.0013856700408938511
0.0115595144028903
0.0014034087678256072
0.0012940124036152742
0.0013545786422965748
0.008990888814397519
0.010288541182627961
0.009194486309421476
0.012630678910430465
0.016856558233939372
0.0015324143849035795
0.003983835958357802
0.00124839125006363
0.0012653225320673012
0.0022387712659713154
0.020978740566927546
0.0011989397023746283
0.0013856700408938511
0
0
0
0
0
0
0
0
0
0
0
0
0
0
0
0
0
0
0
0
0
0
0
0
0
0
0
0
0
0
0
0
0
0
0
0
0
0
0
0
0
0
0
0
0
0
0
0
0
0
0
0
0
0
0
0
0
0
0
0
0
0
0
0
0
0
0
0
0
0
0
0
0
0
0
0
0
0
0
0
0
0
0
0
0
0
0
0
0
0
0
0
0
0
0
0
0
0
0
0
0
0
0
0
0
0
0
0
0
0
0
0
0
0
0
0
0
0
0
0
0
0
0
0
0
0
0
0
0
0
0
0
0
0
0
0
0
0
0
0
0
0
0
0
0
0
0
0
0
0
0
0
0
0
0
0
0
0
0
0
0
0
0
0
0
0
0
0
0
0
0
0
0
0
0
0
0
0
0
0
0
0
0
0
0
0
0
0
0
0
0
0
0
0
0
0
0
0
0
0
0
0
0
0
0
0
0
0
0
0
0
0
0
0
0
0
0
0
0
0
0
0
0
0
0
0
0
0
0
0
0
0
0
0
0
0
0
0
0
0
0
0
0
0
0
0
0
0
0
0
0
0
0
0
0
0
0
0
0
0
0
0
0
0
0
0
0
0
0
0
0
0
0
0
0
0
0
0
0
0
0
0
0
0
0
0
0
0
0
0
0
0
0
0
0
0
0
0
0
0
0
0
0
0
0
0
0
0
0
0
0
0
0
0
0
0
0
0
0
0
0
0
0
0
0
0
0
0
0
0
0
0
0
0
0
0
0
0
0
0
0
0
0
0
0
0
0
0
0
0
0
0
0
0
0
0
0
0
0
0
0
0
0
0
0
0
0
0
0
0
0
0
0
0
0
0
0
0
0
0
0
0
0
0
0
0
0
0
0
0
0
0
0
0
0
0
0
0
0
0
0
0
0
0
0
0
0
0
0
0
0
0
0
0
0
0
0
0
0
0
0
0
0
0
0
0
0
0
0
0
0
0
0
0
0
0
0
0
0
0
0
0
0
0
0
0
0
0
0
0
0
0
0
0
0
0
0
0
0
0
0
0
0
0
0
0
0
0
0
0
0
0
0
0
0
0
0
0
0
0
0
0
0
0
0
0
0
0
0
0
0
0
0
0
0
0
0
0
0
0
0
0
0
0
0
0
0
0
0
0
0
0
0
0
0
0
0
0
0
0
0
0
0
0
0
0
0
0
0
0
0
0
0
0
0
0
0
0
0
0
0
0
0
0
0
0
0
0
0
0
0
0
0
0
0
0
0
0
0
0
0
0
0
0
0
0
0
0
0
0
0
0
0
0
0
0
0
0
0
0
0
0
0
0
0
0
0
0
0
0
0
0
0
0
0
0
0
0
0
0
0
0
0
0
0
0
0
0
0
0
0
0
0
0
0
0
0
0
0
0
0
0
0
0
0
0
0
0
0
0
0
0
0
0
0
0
0
0
0
0
0
0
0
0
0
0
0
0
0
0
0
0
0
0
0
0
0
0
0
0
0
0
0
0
0
0
0
0
0
0
0
0
0
0
0
0
0
0
0
0
0
0
0
0
0
0
0
0
0
0
0
0
0
0
0
0
0
0
0
0
0
0
0
0
0
0
0
0
0
0
0
0
0
0
0
0
0
0
0
0
0
0
0
0
0
0
0
0
0
0
0
0
0
0
0
0
0
0
0
0
0
0
0
0
0
0
0
0
0
0
0
0
0
0
0
0
0
0
0
0
0
0
0
0
0
0
0
0
0
0
0
0
0
0
0
0
0
0
0
0
0
0
0
0
0
0
0
0
0
0
0
0
0
0
0
0
0
0
0
0
0
0
0
0
0
0
0
0
0
0
0
0
0
0
0
0
0
0
0
0
0
0
0
0
0
0
0
0
0
0
0
0
0
0
0
0
0
0
0
0
0
0
0
0
0
0
0
0
0
0
0
0
0
0
0
0
0
0
0
0
0
0
0
0
0
0
0
0
0
0
0
0
0
0
0
0
0
0
0
0
0
0
0
0
0
0
0
0
0
0
0
0
0
0
0
0
0
0
0
0
0
0
0
0
0
0
0
0
0
0
0
0
0
0
0
0
0
0
0
0
0
0
0
0
0
0
0
0
0
0
0
0
0
0
0
0
0
0
0
0
0
0
0
0
0
0
0
0
0
0
0
0
0
0
0
0
0
0
0
0
0
0
0
0
0
0
0
0
0
0
0
0
0
0
0
0
0
0
0
0
0
0
0
0
0
0
0
0
0
0
0
0
0
0
0
0
0
0
0
0
0
0
0
0
0
0
0
0
0
0
0
0
0
0
0
0
0
0
0
0
0
0
0
0
0
0
0
0
0
0
0
0
0
0
0
0
0
0
0
0
0
0
0
0
0
0
0
0
0
0
0
0
0
0
0
0
0
0
0
0
0
0
0
0
0
0
0
0
0
0
0
0
0
0
0
0
0
0
0
0
0
0
0
0
0
0
0
0
0
0
0
0
0
0
0
0
0
0
0
0
0
0
0
0
0
0
0
0
0
0
0
0
0
0
0
0
0
0
0
0
0
0
0
0
0
0
0
0
0
0
0
0
0
0
0
0
0
0
0
0
0
0
0
0
0
0
0
0
0
0
0
0
0
0
0
0
0
0
0
0
0
0
0
0
0
0
0
0
0
0
0
0
0
0
0
0
0
0
0
0
0
0
0
0
0
0
0
0
0
0
0
0
0
0
0
0
0
0
0
0
0
0
0
0
0
0
0
0
0
0
0
0
0
0
0
0
0
0
0
0
0
0
0
0
0
0
0
0
0
0
0
0
0
0
0
0
0
0
0
0
0
0
0
0
0
0
0
0
0
0
0
0
0
0
0
0
0
0
0
0
0
0
0
0
0
0
0
0
0
0
0
0
0
0
0
0
0
0
0
0
0
0
0
0
0
0
0
0
0
0
0
0
0
0
0
0
0
0
0
0
0
0
0
0
0
0
0
0
0
0
0
0
0
0
0
0
0
0
0
0
0
0
0
0
0
0
0
0
0
0
0
0
0
0
0
0
0
0
0
0
0
0
0
0
0
0
0
0
0
0
0
0
0
0
0
0
0
0
0
0
0
0
0
0
0
0
0
0
0
0
0
0
0
0
0
0
0
0
0
0
0
0
0
0
0
0
0
0
0
0
0
0
0
0
0
0
0
0
0
0
0
0
0
0
0
0
0
0
0
0
0
0
0
0
0
0
0
0
0
0
0
0
0
0
0
0
0
0
0
0
0
0
0
0
0
0
0
0
0
0
0
0
0
0
0
0
0
0
0
0
0
0
0
0
0
0
0
0
0
0
0
0
0
0
0
0
0
0
0
0
0
0
0
0
0
0
0
0
0
0
0
0
0
0
0
0
0
0
0
0
0
0
0
0
0
0
0
0
0
0
0
0
0
0
0
0
0
0
0
0
0
0
0
0
0
0
0
0
0
0
0
0
0
0
0
0
0
0
0
0
0
0
0
0
0
0
0
0
0
0
0
0
0
0
0
0
0
0
0
0
0
0
0
0
0
0
0
0
0
0
0
0
0
0
0
0
0
0
0
0
0
0
0
0
0
0
0
0
0
0
0
0
0
0
0
0
0
0
0
0
0
0
0
0
0
0
0
0
0
0
0
0
0
0
0
0
0
0
0
0
0
0
0
0
0
0
0
0
0
0
0
0
0
0
0
0
0
0
0
0
0
0
0
0
0
0
0
0
0
0
0
0
0
0
0
0
0
0
0
0
0
0
0
0
0
0
0
0
0
0
0
0
0
0
0
0
0
0
0
0
0
0
0
0
0
0
0
0
0
0
0
0
0
0
0
0
0
0
0
0
0
0
0
0
0
0
0
0
0
0
0
0
0
0
0
0
0
0
0
0
0
0
0
0
0
0
0
0
0
0
0
0
0
0
0
0
0
0
0
0
0
0
0
0
0
0
0
0
0
0
0
0
0
0
0
0
0
0
0
0
0
0
0
0
0
0
0
0
0
0
0
0
0
0
0
0
0
0
0
0
0
0
0
0
0
0
0
0
0
0
0
0
0
0
0
0
0
0
0
0
0
0
0
0
0
0
0
0
0
0
0
0
0
0
0
0
0
0
0
0
0
0
0
0
0
0
0
0
0
0
0
0
0
0
0
0
0
0
0
0
0
0
0
0
0
0
0
0
0
0
0
0
0
0
0
0
0
0
0
0
0
0
0
0
0
0
0
0
0
0
0
0
0
0
0
0
0
0
0
0
0
0
0
0
0
0
0
0
0
0
0
0
0
0
0
0
0
0
0
0
0
0
0
0
0
0
0
0
0
0
0
0
0
0
0
0
0
0
0
0
0
0
0
0
0
0
0
0
0
0
0
0
0
0
0
0
0
0
0
0
0
0
0
0
0
0
0
0
0
0
0
0
0
0
0
0
0
0
0
0
0
0
0
0
0
0
0
0
0
0
0
0
0
0
0
0
0
0
0
0
0
0
0
0
0
0
0
0
0
0
0
0
0
0
0
0
0
0
0
0
0
0
0
0
0
0
0
0
0
0
0
0
0
0
0
0
0
0
0
0
0
0
0
0
0
0
0
0
0
0
0
0
0
0
0
0
0
0
0
0
0
0
0
0
0
0
0
0
0
0
0
0
0
0
0
0
0
0
0
0
0
0
0
0
0
0
0
0
0
0
0
0
0
0
0
0
0
0
0
0
0
0
0
0
0
0
0
0
0
0
0
0
0
0
0
0
0
0
0
0
0
0
0
0
0
0
0
0
0
0
0
0
0
0
0
0
0
0
0
0
0
0
0
0
0
0
0
0
0
0
0
0
0
0
0
0
0
0
0
0
0
0
0
0
0
0
0
0
0
0
0
0
0
0
0
0
0
0
0
0
0
0
0
0
0
0
0
0
0
0
0
0
0
0
0
0
0
0
0
0
0
0
0
0
0
0
0
0
0
0
0
0
0
0
0
0
0
0
0
0
0
0
0
0
0
0
0
0
0
0
0
0
0
0
0
0
0
0
0
0
0
0
0
0
0
0
0
0
0
0
0
0
0
0
0
0
0
0
0
0
0
0
0
0
0
0
0
0
0
0
0
0
0
0
0
0
0
0
0
0
0
0
0
0
0
0
0
0
0
0
0
0
0
0
0
0
0
0
0
0
0
0
0
0
0
0
0
0
0
0
0
0
0
0
0
0
0
0
0
0
0
0
0
0
0
0
0
0
0
0
0
0
0
0
0
0
0
0
0
0
0
0
0
0
0
0
0
0
0
0
0
0
0
0
0
0
0
0
0
0
0
0
0
0
0
0
0
0
0
0
0
0
0
0
0
0
0
0
0
0
0
0
0
0
0
0
0
0
0
0
0
0
0
0
0
0
0
0
0
0
0
0
0
0
0
0
0
0
0
0
0
0
0
0
0
0
0
0
0
0
0
0
0
0
0
0
0
0
0
0
0
0
0
0
0
0
0
0
0
0
0
0
0
0
0
0
0
0
0
0
0
0
0
0
0
0
0
0
0
0
0
0
0
0
0
0
0
0
0
0
0
0
0
0
0
0
0
0
0
0
0
0
0
0
0
0
0
0
0
0
0
0
0
0
0
0
0
0
0
0
0
0
0
0
0
0
0
0
0
0
0
0
0
0
0
0
0
0
0
0
0
0
0
0
0
0
0
0
0
0
0
0
0
0
0
0
0
0
0
0
0
0
0
0
0
0
0
0
0
0
0
0
0
0
0
0
0
0
0
0
0
0
0
0
0
0
0
0
0
0
0
0
0
0
0
0
0
0
0
0
0
0
0
0
0
0
0
0
0
0
0
0
0
0
0
0
0
0
0
0
0
0
0
0
0
0
0
0
0
0
0
0
0
0
0
0
0
0
0
0
0
0
0
0
0
0
0
0
0
0
0
0
0
0
0
0
0
0
0
0
0
0
0
0
0
0
0
0
0
0
0
0
0
0
0
0
0
0
0
0
0
0
0
0
0
0
0
0
0
0
0
0
0
0
0
0
0
0
0
0
0
0
0
0
0
0
0
0
0
0
0
0
0
0
0
0
0
0
0
0
0
0
0
0
0
0
0
0
0
0
0
0
0
0
0
0
0
0
0
0
0
0
0
0
0
0
0
0
0
0
0
0
0
0
0
0
0
0
0
0
0
0
0
0
0
0
0
0
0
0
0
0
0
0
0
0
0
0
0
0
0
0
0
0
0
0
0
0
0
0
0
0
0
0
0
0
0
0
0
0
0
0
0
0
0
0
0
0
0
0
0
0
0
0
0
0
0
0
0
0
0
0
0
0
0
0
0
0
0
0
0
0
0
0
0
0
0
0
0
0
0
0
0
0
0
0
0
0
0
0
0
0
0
0
0
0
0
0
0
0
0
0
0
0
0
0
0
0
0
0
0
0
0
0
0
0
0
0
0
0
0
0
0
0
0
0
0
0
0
0
0
0
0
0
0
0
0
0
0
0
0
0
0
0
0
0
0
0
0
0
0
0
0
0
0
0
0
0
0
0
0
0
0
0
0
0
0
0
0
0
0
0
0
0
0
0
0
0
0
0
0
0
0
0
0
0
0
0
0
0
0
0
0
0
0
0
0
0
0
0
0
0
0
0
0
0
0
0
0
0
0
0
0
0
0
0
0
0
0
0
0
0
0
0
0
0
0
0
0
0
0
0
0
0
0
0
0
0
0
0
0
0
0
0
0
0
0
0
0
0
0
0
0
0
0
0
0
0
0
0
0
0
0
0
0
0
0
0
0
0
0
0
0
0
0
0
0
0
0
0
0
0
0
0
0
0
0
0
0
0
0
0
0
0
0
0
0
0
0
0
0
0
0
0
0
0
0
0
0
0
0
0
0
0
0
0
0
0
0
0
0
0
0
0
0
0
0
0
0
0
0
0
0
0
0
0
0
0
0
0
0
0
0
0
0
0
0
0
0
0
0
0
0
0
0
0
0
0
0
0
0
0
0
0
0
0
0
0
0
0
0
0
0
0
0
0
0
0
0
0
0
0
0
0
0
0
0
0
0
0
0
0
0
0
0
0
0
0
0
0
0
0
0
0
0
0
0
0
0
0
0
0
0
0
0
0
0
0
0
0
0
0
0
0
0
0
0
0
0
0
0
0
0
0
0
0
0
0
0
0
0
0
0
0
0
0
0
0
0
0
0
0
0
0
0
0
0
0
0
0
0
0
0
0
0
0
0
0
0
0
0
0
0
0
0
0
0
0
0
0
0
0
0
0
0
0
0
0
0
0
0
0
0
0
0
0
0
0
0
0
0
0
0
0
0
0
0
0
0
0
0
0
0
0
0
0
0
0
0
0
0
0
0
0
0
0
0
0
0
0
0
0
0
0
0
0
0
0
0
0
0
0
0
0
0
0
0
0
0
0
0
0
0
0
0
0
0
0
0
0
0
0
0
0
0
0
0
0
0
0
0
0
0
0
0
0
0
0
0
0
0
0
0
0
0
0
0
0
0
0
0
0
0
0
0
0
0
0
0
0
0
0
0
0
0
0
0
0
0
0
0
0
0
0
0
0
0
0
0
0
0
0
0
0
0
0
0
0
0
0
0
0
0
0
0
0
0
0
0
0
0
0
0
0
0
0
0
0
0
0
0
0
0
0
0
0
0
0
0
0
0
0
0
0
0
0
0
0
0
0
0
0
0
0
0
0
0
0
0
0
0
0
0
0
0
0
0
0
0
0
0
0
0
0
0
0
0
0
0
0
0
0
0
0
0
0
0
0
0
0
0
0
0
