0
0
-3.3373144323965517e-07
0
0.015478680005858097
0
0.009095916139191607
0.0012430510119651847
0.0013096425532514726
0.001130852638641781
0.015388677833690972
0.003955135268684339
0.0040231517219910164
0.0015841796931076921
0
0
0.0021872922365103378
0.001515273327909048
0
0
0
0
0.019898672407166466
0.00043041806335195905
0.0010811116883770954
0.0010290855095361877
0.0006859029290655189
0
0
0.0019790746853531388
0
0.003520490695310851
0.0006353198178219599
0
0.0017980482680679919
0.0023395854220760862
0
0
0
0
0
0
0
0.00521784509832902
0
0
0.0009008426357519807
0
0.0016058344657914377
0.001345024818764351
0.0018003671118660307
0.0011165991813432339
0
0.0013174798579618026
0.009694123167841465
0
0
0
0.0167597909411614
0
0.0007133508487815586
0.0005830657796908599
0.00244153566075146
0.0006514537552516594
0.0007929044264574768
0.0006887065790312878
0.006169156941565024
0
0.004302386913238822
0.004794659320859551
0.006896835990555915
0
0.0016066885726792682
0.01878006436138336
0
0
0
0
0
0.018762700063416515
0
0.004314315799019214
0
0
0.00539025470010726
0
0.004737793735161748
0
0.0007592450511991692
0
0
0
0
0.004050155946643265
0.0150611991091752
0
0
0.0016497302311430828
0
0
0
0
0.006177495077826303
0.0008434921430533801
0.0025655143705008714
0.002494877311670561
0
0.0009905194734215871
0
0
0
0
0
0
0.0007794433168071827
0
0
0
0.0014047534703915897
0.0012791664443737658
0
0
0.0020638154009555093
0
0
0
0
0
0
0
0
0
0
0.0022766677639386754
0
0
0
0
0.002152318533051477
0
0
0
0
0.001016583129147048
0
0
0.0011218387154538693
0
0.0008911540873082624
0
0
0
0
0
0.004291297459150868
0.001989134611505164
0
0
0
0
0
0.0007645758604469491
0
0
0.0009252218639842058
0.0019035376898791318
0.0028332433568346834
0.0007916836627016828
0
0.000593060033567342
0
0
0
0
0
0
0
0.004385134639778992
0
0
0
0
0.001160726075147648
0.001427848142718008
0
0
0
0.0015957099831055874
0
0
0
0.00450056506732448
0
0
0
0.0109544384277504
0.001484449388398959
0
0.004208724422632272
0
0
0.0055646773462757005
0.003120852742180965
0.008821709515489462
0
0
0
0
0
0.004150539514572013
0
0
0.0012707478673153398
0
0
0
0.000577063890402528
0.0043219685402701834
0.0035357009201238835
0.0013914810443128951
0
0.0031618780146054314
0
0.0008016409269889438
0
0
0.0015526503184166492
0
0
0
0
0
0.006667926416445299
0
0
0.0010057917946166086
0
0
0
0
0
0.001368273708098983
0
0
0.000883082913903075
0.0010267599289626806
0
0
0
0
0
0
0.0028652502765624667
0
0
0
0
0
0
0
0
0
0
0
0
0.001737809049699538
0
0
0
0
0
0
0
0
0.002531929745450297
0.0025004826250856066
0
0.0007375049475679961
0.0019901415120723988
0
0.012440606597468777
0
0
0.0005200763975492588
0
0.0018897791127269953
0
0.0009934919210764393
0
0
0
0
0
0
0
0
0.002155216224416617
0.0008170028916815777
0
0
0
0.0019001923731310922
0
0
0
0.0013687766023074612
0
0
0
0
0.0009091000715743553
0
0
0
0.0008855355778465647
0
0
0.0011774947766563274
0.00168771190024668
0
0.0009509197343413455
0.002962757647216723
0
0.0016776586474282057
0.0009244872757110979
0
0.0008518241076020546
0
0
0
0.006086413994619341
0
0.0016087557434095554
0.0005352141483798352
0
0
0.0009701681884368849
0
0.003967956902856454
0.0009774756212072185
0
0.0008202056282402251
0
0
0
0
0
0
0
0
0
0.0031117759321983534
0.0010079089472722097
0.002067620484601025
0
0
0
0
0
0
0.0020740366101725718
0
0.0022539283078438226
0
0
0.003202446230439328
0.0008076601216017274
0
0
0
0
0
0.0007722583495946696
0
0.00595961468643201
0
0
0
0.0005634495504021478
0
0
0
0.004530418438481773
0
0
0
0
0.004179761225852429
0
0
0.0015356410040139462
0.0012400386644938785
0
0.0010897330758113727
0
0
0
0
0.0018137262240323028
0
0.001007946176978563
0
0.0011901575729284801
0
0
0
0
0
0.000738953319258511
0.0012812779266254226
0
0
0.0006236975855136815
0
0
0.0020724208836659925
0
0
0
0
0.0009015036568986944
0
0.0017220589061576752
0
0
0
0
0.001443618785131063
0
0.0008880153435975937
0.004027391497171473
0
0.0010967848619658376
0
0
0
0
0.0011540888771832624
0
0
0
0
0
0
0
0.0009492756499400724
0
0
0
0
0
0
0.0030684855395204788
0
0
0
0.0006598648261585368
0
0
0
0.0005917242170217192
0.01448104866706443
0
0
0
0
0
0.002411316461983836
0
0
0
0.0008643707036384764
0
0
0.0015101394794939244
0
0
0.002216351032861958
0
0
0
0
0.0006789205186415806
0
0.005546923654266588
0
0.001716565165181687
0
0
0.002418650406762803
0.0010221798410741693
0.0008281794676429374
0
0
0.0025554723228061638
0
0
0.000880656765764786
0.000875881766113241
0
0
0
0
0.0005950787864642401
0
0.0008384375033166021
0
0
0
0
0.007799440473119758
0
0
0.00048179707432105605
0.00443386017806919
0
0
0
0
0.0015191930516949025
0
0
0
0
0.001411075480482859
0
0.0006462994651370725
0
0.0014330436956614052
0
0.0020107529743669974
0.004972457754337963
0.02440999099321253
0.0014667973796774743
0.0012485770595814054
0.006512631691086166
0.026127684022691083
0.00794008899734234
0.003233412510280868
0
0.0031174188124554964
0.00046087204587844707
0
0.006912347667695734
0
0
0
0.0027486918999864033
0.008207059555787793
0.0019789181855496643
0
0
0
0
0
0.0024841037150293054
0.0005945723932059967
0
0.002641970297294358
0.0009194114030477736
0
0.00021675448081847254
0
0
0.002334880329461133
0
0.0010089750609972093
0
0
0
0
0
0.0034060876192242373
0.00252437860121156
0
0
0.0008964510322635674
0.0017231657699346922
0.0013712995602385338
0.003138229478610154
0.0024433105469268326
0.002532340290484698
0.002404985384361298
0
0
0
0
0
0.0005463576830400374
0
0.0011604096612930835
0.002131665261092581
0
0
0.0007221068300074231
0.0007826974150467113
0.001468051104051627
0
0
0
0
0
0
0
0
0
0.0006816377578779281
0.0016714996794031205
0
0
0
0.000648647162903089
0.0012011052628405803
0.002189945705335063
0.0016066885726792682
0
0.0011925296669653086
0
0
0.004983026147211486
0
0
0.0008901711050084933
0.0013391656072464916
0.003126977135046145
0
0
0.0006774521392454997
0
0
0
0
0
0.0009853296037163825
0
0
0
0
0.003567148554207593
0
0.0004443937091291613
0.0005126983077817299
0.003053193786674562
0
0
0.0016596934927798166
0
0.0014581180174018198
0.003087150031345391
0
0.0008359522451704859
0.0007578446315716817
0
0.0029016197107749318
0.0010100462635898165
0
0
0.00035400588800285084
0
0
0
0
0.016329802514181927
0.0006690729492909118
0.0025554723228061638
0
0
0
0
0
0
0.0013737538189486276
0
0.004263172587117946
0
0
0.0006281569805310477
0.0025733862945002553
0
0.0004773530376746961
0
0.002879602809307696
0
0
0.0017298648948075267
0.0013851741531748112
0.0006902507354702964
0
0
0.003362614457981857
0.0009484581025256871
0.0007002851453468547
0
0.0021181043191731484
0
0.002955134710482611
0.0006014201103398543
0.0020577087871965567
0
0.005169051211502563
0
0
0
0
0.0005456786612903657
0.00043742263561155154
0
0.0013811088304324724
0.0012977238312330821
0
0
0
0
0
0
0
0
0
0
0
0.0010714084830118495
0.0031847705575236865
0
0
0.006035050759864635
0
0
0
0
0
0
0
0
0.000740392405061993
0
0.00228728495273931
0
0.0026383603714810375
0.003056415279036327
0.002230658850671826
0
0
0.0008717853926147333
0
0
0.0025461446819425426
0
0
0
0
0
0
0
0.0029223051581444477
0
0
0
0
0.0010936461182551689
0.0025350930156005378
0
0
0
0.0007218093925655315
0
0
0
0
0.000807224783895752
0
0.0010999681283464383
0.0026278069604036974
0.000672625791574727
0
0
0
0
0.0011624015503610787
0.001699423873111494
0.0006774521392454997
0
0.0013593166540669095
0.006333469301613462
0
0
0
0
0
0
0.0033433524634630357
0
0
0
0
0
0
0
0
0
0.001121066230746932
0
0.007535118826450763
0
0
0.0006723871774990246
0
0
0
0
0.002474132433678053
0
0.0009732867617399775
0.0013085917846690828
0
0.0006462994651370725
0.0035476416683935903
0
0
0
0.0008434921430533801
0
0.0005259598545621195
0
0.0016170666774462583
0
0
0
0
0
0
0
0
0
0.0006414686001801543
0.0007825387661187481
0
0.0015364180358319393
0
0.0009215727345246501
0.0035503453021303154
0
0
0
0
0
0
0
0.000608304050911353
0
0
0
0
0
0
0
0
0
0
0
0.0015923852787618432
0
0
0.0005327685183123426
0
0
0
0
0
0
0
0
0
0
0
0.0008782060734036552
0.0028142773265608756
0
0
0.005981867569548132
0
0
0
0.03587415366771884
0.0007578446315716817
0
0
0
0.0010473408146201085
0
0.002154252821185721
0.001803421988995217
0
0
0
0.000923025273686593
0
0
0
0
0
0
0.004269461664513522
0.000985651245277229
0.005763888291947543
0
0
0
0
0
0.0009619103098791506
0
0
0
0
0
0
0
0
0
0
0.0008300975692090187
0
0
0
0
0
0.0026498481829123842
0
0
0.009484612055259804
0
0
0
0
0
0.0029016197107749318
0
0
0
0
0
0
0.001189363918368723
0
0.0016301557061555562
0
0
0.0014496033142466218
0
0
0.0013856963557166864
0
0
0.0021486951496395685
0
0
0.006148537641983522
0
0
0.0036827532951351663
0
0
0
0
0
0
0.0005925581701072253
0
0
0
0
0
0
0.008353660511658305
0
0
0
0
0
0
0
0
0
0
0
0.0010367780947331553
0
0
0
0
0
0
0
0
0.0012200137242497262
0
0
0
0
0.0005400545640230715
0
0.0007124937509209223
0
0.0010401527950985175
0
0
0
0
0.0008020655562869774
0
0
0.0010111226038643885
0
0
0.0008050606734218282
0
0
0
0.0011364400604599425
0
0
0
0
0
0
0.0007099785690948766
0.0008975664240326916
0
0
0
0.0007324616675293833
0.0005910592787069398
0
0
0
0
0
0
0
0
0
0
0.014968768520250062
0
0
0.0006962704315338443
0
0.0007413632062170923
0
0.0019165692256614265
0
0
0
0
0
0
0
0
0.0008593772994789568
0
0
0.0006363329866627424
0.0019306686322251444
0
0.0015423225639319333
0
0
0
0
0
0
0.002664046030792781
0
0
0.0007362334624836878
0
0
0
0
0
0
0
0
0
0
0
0
0
0.0008049165671314368
0
0
0
0.0007230015149813507
0
0
0
0
0.001420448064572128
0
0.0011473177696455716
0
0.0005725862193327137
0
0
0
0
0
0.0008429815250468416
0
0
0
0
0
0
0
0
0
0
0
0
0
0
0
0
0
0
0
0
0
0
0.0025759042935376056
0
0
0
0
0
0.0008389378747993823
0
0
0
0
0.0008330058153137102
0
0
0
0
0.001622347126988263
0
0.001984469727037325
0
0
0
0
0
0
0.0019272999630277439
0
0
0
0
0
0
0.0011918506456041638
0
0
0
0
0
0
0.004817503397374313
0
0
0
0
0
0
0.0019543612657549783
0.0008409505924795351
0
0
0.000966285039385659
0
0.0023487861501730357
0
0
0
0
0
0
0.0008632514169438986
0
0
0
0
0
0
0.002065239401912653
0
0
0
0
0
0.0015548070193036807
0
0
0
0.007045254126118288
0
0
0
0
0
0
0
0
0.0027544575212566495
0
0
0
0.0015722378733572376
0
0
0
0
0
0
0
0
0
0
0
0
0
0
0.0011966429299829853
0.0009404423748322223
0
0.003505483896023085
0.001402735954891087
0
0
0
0.010152201012688702
0
0
0
0
0.0015809390073027157
0
0
0.0013811088304324724
0
0
0
0
0
0.0033862054430511285
0.005936754556648992
0
0
0
0
0
0.0007245006288862819
0
0.0014394765919364392
0.0007312183595456277
0
0.0006856497801192669
0
0.0005362519144698518
0
0
0
0.0007550697397469622
0.0015213085294561676
0.0008539563470823374
0.000816549066416594
0
0.0014731013180540665
0
0.0013748556979572624
0.0013367381618268278
0
0
0
0
0
0
0
0
0
0.0008016409269889438
0.0017873941557698238
0
0
0
0.0007133508487815586
0.0017111378555923565
0
0
0
0.0007407155390516671
0
0
0
0
0
0
0
0
0
0
0
0
0
0.0008649324474037633
0
0
0.0014466010753997653
0.0012011052628405803
0
0
0
0
0
0
0
0
0
0
0
0
0
0
0
0
0
0
0
0
0
0
0
0
0
0
0.0008156441598798035
0
0
0
0
0
0
0
0
0
0
0
0
0
0
0
0
0
0
0
0
0
0
0
0
0
0
0
0
0
0.0006667352561001003
0.0003374861803405425
0
0
0
0
0
0
0.0038139240864234654
0
0
0
0
0
0
0
0
0
0
0.0009689514056080002
0
0
0
0
0.0006501540420605488
0
0
0
0
0
0.002830843177639556
0
0
0
0
0
0
0
0
0
0
0
0
0.0009304324317808861
0
0
0
0
0
0
0
0
0
0
0.0009172706887195065
0
0
0
0
0
0
0
0
0
0
0
0
0
0
0
0
0
0
0
0
0
0
0
0
0
0
0
0
0
0
0
0
0
0
0.0050922926837060345
0
0.007004134922787889
0.008770903270196655
0
0
0
0
0
0
0
0
0
0
0
0
0
0
0
0
0
0.0009567707757035032
0
0
0
0
0
0
0
0
0
0
0
0.001525569634569386
0
0.0035301460444956785
0
0.0074998593810829475
0
0
0.0007523287405786637
0
0
0
0
0
0
0
0
0
0.0009593258300628222
0
0
0
0.0009584709089639292
0
0
0
0
0
0
0
0
0
0
0.0023079017796338226
0
0
0
0
0
0
0
0
0
0
0
0
0.0009412311858976272
0
0
0
0
0.0006984026710141271
0
0
0
0
0
0.0017642735976428606
0
0
0
0
0
0
0
0
0
0.0033517529800329154
0
0
0
0
0
0
0
0
0
0
0
0
0
0
0
0
0
0
0
0
0
0
0
0
0
0.004783689391118204
0
0
0.01564220212075771
0
0
0.0019379028112160004
0
0
0
0
0
0.0027308368634342407
0.0006191368896820281
0.0008364470998738777
0
0
0
0.0038650196005226944
0
0
0
0
0
0.0019361181844746902
0
0
0
0.0012461043450118139
0
0
0
0
0
0
0
0
0
0
0
0
0
0
0
0
0.003642229242184001
0
0
0
0
0.0008836935714691343
0.0006887065790312878
0
0
0
0
0
0.003248242345821969
0
0
0
0
0
0
0
0
0
0
0
0
0
0
0.0009068631120161514
0
0
0
0
0.003882986989278568
0
0.004723580993298439
0
0
0
0
0.0019432996662280299
0
0
0
0
0.0013423957959915417
0.0009743811023286144
0
0
0.001014382949592151
0
0
0.11278241213333762
0.0035470881424553517
0
0
0
0.0010314354421814514
0.0029204009424968606
0
0
0
0
0
0
0
0
0
0
0
0.0030175253799323174
0
0
0
0.0019472300049899792
0
0
0
0
0
0
0.0023205886750714212
0
0
0.0028721411285507203
0.002613618758683411
0
0
0.0011624015503610787
0
0
0.0007588941261596309
0
0
0
0
0
0.001189363918368723
0
0
0.0011460731494897976
0
0.000878854213768093
0
0
0
0
0
0
0.0010068478742928683
0
0
0
0
0
0.0008160961570458046
0
0
0
0
0
0
0.001901839468682691
0
0
0.0013867905647197906
0
0
0.0008339836666083591
0
0
0
0
0
0
0
0
0
0
0.0006826340592570496
0
0
0
0
0
0
0
0.005457549683514964
0
0
0.003519735111543833
0
0
0
0
0
0.0016084016779425987
0.0013755674003179366
0
0
0
0
0
0
0
0.0014175807625459765
0
0
0
0
0
0
0
0
0
0
0.0009484581025256871
0
0
0
0
0
0.0010658326305462906
0
0.0007574958878852512
0
0.0007748787557126758
0
0.006616764728652494
0
0
0
0
0
0
0.0009636499815138719
0.0012194852465089354
0
0
0
0
0
0
0
0
0
0
0.0017835742771037965
0
0
0
0
0
0
0
0
0
0.0008666261650059589
0
0
0
0
0
0
0
0
0
0
0
0
0
0
0.006437042755185627
0
0
0
0
0.0018388228060955472
0.0009334651335687504
0
0
0
0
0
0
0.0007278343589111751
0
0
0
0
0.0011298442100203141
0
0
0
0
0
0
0
0.001997070402230104
0.0009492756499400724
0
0.002792540122130904
0.0012687265844916085
0
0
0
0
0
0
0.0009698472811173219
0
0
0.004597057015238868
0.0011602943375357106
0.000980886384391732
0
0.014532327116574647
0
0
0
0
0.0009289313123574579
0
0.015548240506301853
0
0
0
0
0
0.0012461043450118139
0.0017964357024899615
0
0
0
0.019654200845870804
0
0.0011941902660394957
0
0
0.0037127380051814696
0
0
0.0010362104418329963
0.001542289235391256
0
0.008174008946544199
0.001182313605030891
0.0009008426357519807
0
0
0
0
0
0
0.0006843883011537306
0
0
0
0
0.002408331951545254
0
0
0.0028703123271105095
0
0
0.0007489489098727119
0
0.0013811088304324724
0.0033184660187182548
0.008253327083235217
0.0035082640995524644
0
0
0
0
0
0
0
0
0
0
0
0
0
0.00602408686541548
0
0.001182313605030891
0
0.0006794121212851665
0
0
0.005468230591275844
0
0
0
0
0
0
0.0009965042685477455
0
0
0
0
0
0
0
0
0
0
0
0
0
0
0
0
0.002190420005503198
0.005009794784120261
0
0
0
0
0
0
0
0
0
0
0
0
0
0
0
0
0
0
0
0
0
0
0
0
0
0
0
0
0
0
0
0
0
0
0
0
0
0
0
0
0
0
0
0.0013648788794496118
0
0
0
0
0
0
0
0
0.0016650369656752175
0
0
0
0
0
0
0
0
0
0.0015481735689754472
0
0.0011480504003161338
0.013502275669626708
0
0
0.0029500197902719845
0
0
0
0
0
0
0.0009095916139191607
0
0
0
0
0
0
0
0
0
0
0
0
0
0
0
0
0
0.0030258115870916806
0.003014221984402501
0.0007660190584564398
0.0008671935901301416
0
0.0010233161296640586
0
0
0
0
0
0
0
0
0
0
0
0
0
0
0
0
0
0
0
0
0
0
0.0007305992791059778
0
0
0
0
0
0
0
0
0
0
0
0
0
0
0
0
0
0
0
0
0
0.0006551776872492383
0
0
0
0
0
0.0031101204837248172
0
0
0
0
0
0.0022063943973805334
0
0
0
0
0
0
0
0
0
0
0
0
0
0
0
0
0
0
0.001955666013355525
0
0.00600969889898641
0
0
0
0
0
0.001067213659624921
0
0
0
0
0
0
0
0
0
0
0
0
0.0018205579089561605
0
0
0
0
0
0
0
0
0
0
0
0
0
0
0
0
0
0
0
0
0.0010859861078490966
0.007514031228204288
0
0.0007502947400954172
0
0
0
0
0
0.0022418336792697884
0
0.0009327031073117623
0
0.0006088424354567897
0
0
0
0
0
0
0
0
0
0
0
0
0
0
0
0
0
0
0
0
0
0
0
0
0
0
0
0
0
0
0
0
0
0
0
0
0
0
0
0
0
0
0
0
0
0
0.0010714084830118495
0
0
0
0
0
0
0
0
0
0
0
0
0
0
0
0
0
0
0
0
0
0
0
0
0
0
0
0
0
0
0
0
0
0
0
0
0
0
0.0008434921430533801
0
0.005812007751805393
0.0013233529457304988
0
0.0010486122997044166
0
0
0
0
0
0
0
0
0
0
0
0
0
0
0
0
0
0
0
0
0
0.006875018395831654
0
0
0
0
0
0
0
0
0
0
0
0
0
0
0
0
0
0
0
0
0
0
0
0
0
0
0
0
0.007224995854635763
0
0
0
0
0
0
0
0
0.0007794433168071827
0
0
0
0
0
0
0
0
0
0
0
0
0
0
0.002872857697065563
0
0
0
0
0
0
0
0
0
0
0
0
0
0
0
0
0
0
0
0
0
0
0
0
0
0.007939973793983387
0
0
0
0
0
0
0
0
0
0.003901577502212272
0
0
0
0
0
0
0
0
0
0
0
0
0
0
0.002110160164281137
0
0
0
0.0012146058356547844
0
0
0
0.0007986908082249171
0
0
0
0
0
0
0
0
0.0011114791908212029
0.0008434921430533801
0.0013152412845726467
0
0
0
0
0
0
0
0
0
0
0
0
0.0011941902660394957
0
0
0
0
0
0
0
0
0
0
0
0.00084918698539929
0
0
0
0
0
0
0
0
0
0
0.0011645287370654195
0
0
0.0007805991125828369
0
0
0
0
0
0.0013310317318431075
0
0
0
0
0
0
0
0
0
0
0
0
0
0
0
0
0
0
0.0008643707036384764
0
0
0
0
0
0
0
0
0.0028920070927614
0
0
0
0
0
0.0016849441324390424
0
0
0
0
0
0
0
0
0
0
0
0
0
0
0
0
0
0
0
0
0
0
0
0
0
0
0
0
0
0
0
0
0
0
0
0
0.0007387836776206527
0
0
0
0
0
0
0
0
0
0
0
0
0.0012119499878884014
0.0009342297561723442
0
0
0
0
0
0
0
0
0
0
0.006122926067639409
0
0
0
0
0
0
0
0.0013355655530544
0
0
0
0
0.0011602943375357106
0
0
0
0
0
0
0.0007802131855452413
0
0
0
0
0
0
0
0
0
0.0013701595117229946
0.002140002956592103
0
0
0
0
0
0
0
0.001252338538034048
0
0
0
0
0
0
0
0
0
0
0
0
0
0
0.004478117058737162
0
0.001973232958193323
0
0
0.0008988711749001555
0.001411075480482859
0
0
0
0.0011777335171423795
0
0
0
0
0
0
0
0
0
0
0
0
0
0
0
0
0.00519929785646276
0
0
0
0
0
0
0.009149248162323431
0
0
0.0016101213468436564
0
0
0
0
0
0
0
0
0
0
0
0
0
0
0
0
0
0
0
0
0
0
0.0008414566051337292
0.002423899975776803
0
0
0.0024983995886467586
0
0
0
0
0.0009734669808322868
0
0
0
0
0
0.0010047406614675002
0
0
0
0
0
0
0
0.0007904695036513578
0
0
0
0
0.0008315469812465886
0.0009837331437111477
0
0
0
0
0
0
0
0
0
0
0
0
0
0.001168844572327513
0
0
0
0
0.0009468318887642941
0
0
0
0
0
0.0008486632593341598
0
0
0.0012555218044146485
0
0
0
0
0
0
0.0007349691407336305
0
0
0
0
0
0
0
0.0025123202847969176
0.007055362630905468
0
0
0.001601223115219664
0.0010188050930121089
0
0
0
0
0
0
0
0
0
0
0.026497072730121494
0
0.0011015768557877787
0
0
0
0
0
0.001150045226935803
0
0
0
0
0
0
0
0.0029204009424968606
0
0
0
0
0
0
0
0
0
0
0
0
0
0
0
0
0.0009137475941182714
0
0
0
0
0
0
0
0
0
0
0
0
0
0.001301626825558008
0
0
0
0
0
0
0
0
0
0
0
0
0
0
0
0.001602434199270586
0.005313213467079388
0.001990991306580303
0
0
0.0010890188096369607
0
0
0
0
0
0
0
0
0
0
0
0.009200361815486424
0
0
0
0
0
0
0.0015867396050900475
0
0
0
0.0015697773975280238
0
0
0
0
0
0
0
0
0
0
0
0
0
0
0
0
0
0
0
0
0
0
0
0
0
0
0
0
0
0.004079158955522512
0
0
0
0
0
0
0
0
0
0
0
0
0
0
0
0
0
0
0
0
0
0.0017772791804455809
0
0
0
0
0
0
0.005162864295886587
0
0
0
0
0
0
0
0
0
0
0
0
0
0
0
0.0009304324317808861
0
0
0
0
0
0
0
0
0
0
0
0
0
0.0019762197869427037
0
0
0
0
0.0016127132676218806
0
0
0
0
0
0
0
0
0
0
0
0
0
0
0
0
0.004069110767860729
0
0.002429211671309569
0
0
0
0
0
0
0
0
0
0
0
0
0
0
0
0
0
0
0
0
0.0012400386644938785
0
0
0.0011800118769861897
0
0
0.001025606113994005
0
0
0
0
0.0015052976181759165
0
0
0
0
0
0
0
0
0
0
0
0
0
0
0
0
0
0
0
0
0
0
0
0
0
0
0
0
0
0
0
0
0.0009866164790966615
0
0
0
0.0013701595117229946
0.0012227673356931315
0
0
0
0
0
0
0
0
0
0
0
0
0
0.0027403190234459892
0
0
0
0
0.0012370662168390265
0
0
0
0
0.001060391963667926
0
0
0
0
0
0
0
0
0
0.0011540888771832624
0.003635849963665204
0
0
0
0
0
0
0
0
0
0
0
0
0
0
0.0007499575251303061
0
0
0
0
0
0
0
0
0
0
0
0
0
0
0
0
0
0
0
0
0
0
0.0024074729717098323
0
0
0
0
0
0
0
0
0
0.0011966429299829853
0
0
0
0
0
0
0
0
0
0.0008394393644316571
0
0.0007235999593814662
0
0
0
0
0.0015973816164498343
0
0
0.0007941318671676507
0
0
0
0.002702527907255942
0
0
0
0
0
0
0
0
0
0
0
0
0
0
0
0
0
0
0
0
0.001392619892907237
0
0.0008502381185483983
0
0
0.0015481735689754472
0
0
0
0
0
0
0
0
0
0.0007506324625324505
0
0
0
0
0
0.0015184901023983385
0
0
0
0
0.0013179552264292887
0
0
0
0
0
0
0
0
0
0
0
0
0
0
0
0
0
0
0
0
0
0.0009082232162826888
0.006589776132146444
0
0
0
0
0
0
0.0008156441598798035
0
0
0
0
0
0
0
0
0
0
0
0
0
0
0
0
0
0
0
0
0
0
0
0
0
0
0
0
0
0.0011218387154538693
0
0.0022096586520165655
0
0.0013179552264292887
0
0.0006779405322936585
0
0
0
0
0
0
0
0
0
0
0
0.0015603071464598
0
0
0
0
0
0
0
0
0
0
0
0
0
0
0
0
0
0
0.0010362104418329963
0
0
0
0
0
0
0
0
0
0
0.005670323050183906
0
0
0
0
0
0.0013449175944369334
0
0
0
0
0
0.001025606113994005
0
0
0
0
0
0
0
0
0
0
0
0
0
0
0
0
0
0
0
0
0
0
0
0
0
0
0
0
0
0
0
0
0
0
0
0
0
0
0
0
0
0
0
0
0
0
0
0
0
0
0
0
0
0.0012400386644938785
0
0
0
0
0
0
0
0
0
0
0.0009905194734215871
0
0
0
0
0
0
0
0
0
0
0
0.0014456694391514536
0
0
0
0
0
0
0
0
0
0
0.0015603071464598
0
0
0
0
0
0
0
0
0.0008450310052001793
0
0.0010644600481815158
0
0
0
0
0
0
0
0
0
0
0
0
0.0016921256141923826
0
0
0
0
0
0
0
0
0
0
0
0
0
0
0
0
0
0
0
0
0
0
0
0
0
0.0013867905647197906
0
0
0
0
0
0
0
0
0
0
0
0
0
0
0
0
0
0
0
0
0
0
0
0
0
0
0
0
0
0
0
0.0014267016975631171
0
0
0
0
0
0
0
0
0
0
0
0
0
0
0
0
0
0
0
0
0
0
0
0
0
0
0.002596486802448336
0
0.0018489745514221959
0
0
0
0
0
0
0
0
0.0009289313123574579
0
0.0012850199559960817
0
0
0
0
0
0
0
0
0
0
0
0
0
0
0
0
0
0
0
0.0007763899837605538
0
0
0
0
0
0
0
0
0
0
0.0010815125407708161
0
0
0
0
0
0
0
0
0.0015342151609585482
0
0.01216496920097487
0
0
0
0
0
0
0.0009827802059011272
0
0
0
0.001142170155164872
0
0
0
0.00408274533208297
0
0
0
0.0025655143705008714
0
0.002572812629419983
0
0
0
0
0
0
0
0
0
0
0
0
0
0
0
0.0011520579446159557
0
0
0
0
0
0
0
0
0
0
0
0
0
0
0
0
0
0
0
0
0
0
0
0
0
0
0
0
0
0
0
0
0
0
0
0
0
0
0
0
0
0
0
0.0055159859934513335
0
0
0
0
0
0.0007775301209312043
0
0
0
0
0
0.0011941902660394957
0
0
0
0
0
0.000952575952316575
0
0
0
0
0
0
0
0
0
0
0
0
0
0.0012370662168390265
0
0
0
0
0
0
0
0
0
0
0
0
0
0
0
0
0
0
0
0
0.001975171764811149
0
0
0
0
0
0
0
0
0
0.0008764731143264378
0
0
0.0018872287850930371
0
0
0
0.0051025290118145075
0
0
0
0
0
0
0
0
0
0
0
0
0
0
0
0
0
0
0
0
0
0
0
0
0
0
0
0
0.001225555154364262
0
0
0
0
0
0
0
0
0
0
0
0
0
0
0
0
0
0
0
0
0
0
0
0
0.01244905002061744
0
0
0
0
0
0
0
0
0
0
0
0
0
0
0
0
0
0
0
0
0
0
0
0
0
0
0
0
0
0
0
0
0
0
0
0.0011272035091822253
0
0
0.0011777335171423795
0.0056180638415277775
0
0
0
0
0
0
0
0
0
0.0008861529551741882
0
0
0
0
0
0
0
0
0
0
0
0
0
0.000874703723948487
0
0
0
0
0
0
0
0
0
0
0
0
0
0
0
0
0
0
0
0
0.0008550301123703393
0
0
0
0.0009689514056080002
0
0
0
0
0
0
0
0.0008571931798833035
0
0
0
0
0
0
0
0.001052470558353513
0
0.0008861529551741882
0
0
0
0.0030872565286085628
0
0
0
0
0
0
0.0018288956044556824
0
0.0020821785078295497
0
0
0
0
0
0
0
0
0
0
0
0
0
0
0
0
0
0
0
0
0
0
0
0
0
0
0
0
0
0
0
0
0
0
0
0
0
0
0
0.003450775440371948
0.0021181043191731484
0
0
0
0
0
0
0
0
0
0
0
0
0
0.005660474890203253
0
0
0
0
0
0
0
0
0
0
0.002033166258294096
0
0
0
0
0
0
0
0
0
0
0
0
0.003592871404979923
0
0
0
0
0
0
0
0.0011624015503610787
0
0
0
0
0
0
0
0
0.0009734669808322868
0
0
0
0
0
0
0
0
0
0
0
0
0.00499267600557526
0.0022096586520165655
0.0036279756101442046
0
0
0.0010079089472722097
0.0008486632593341598
0
0
0.0015867396050900475
0.001113172908423398
0.0036862909380986006
0
0
0
0
0
0
0
0
0
0
0
0
0
0
0.012172595395105812
0
0
0
0
0
0
0
0
0
0
0
0.0010967848619658376
0
0
0
0
0
0
0
0
0
0
0
0
0
0
0
0
0
0
0
0
0
0
0.0012620270864777663
0
0
0
0
0
0
0
0
0
0
0
0
0
0.0009444144522782279
0
0
0
0
0
0
0
0
0
0
0
0
0
0
0
0
0
0
0
0
0
0
0
0
0
0
0
0
0
0.0128262548318231
0
0
0
0
0
0
0
0
0
0
0
0
0
0
0
0
0
0
0
0
0
0
0
0
0
0
0
0
0
0
0
0
0
0
0
0
0
0
0
0
0
0
0
0
0
0
0
0
0
0
0
0
0
0
0
0
0
0
0
0
0
0
0
0
0
0
0
0
0
0
0
0
0
0
0
0
0
0
0.0008179133047640765
0.0016748801898646116
0
0
0
0
0
0
0
0
0
0
0.0008729481750972282
0
0
0
0
0
0
0
0
0
0
0
0
0
0
0
0
0
0
0
0
0
0
0
0
0
0
0
0
0
0
0
0
0
0
0
0
0
0
0
0
0
0
0
0
0
0
0
0
0
0
0
0
0
0
0
0
0
0
0
0
0
0
0
0
0
0
0
0
0
0
0
0
0
0
0
0
0
0
0
0
0
0
0
0
0
0
0
0
0
0
0
0
0
0
0
0.001340192861672608
0
0
0
0
0.0008943373536888631
0
0
0
0
0
0
0
0
0
0
0
0
0
0
0
0
0
0
0
0
0
0
0
0
0
0
0
0
0
0
0
0
0
0
0
0
0
0
0
0
0
0
0
0
0
0
0
0
0
0
0
0
0
0
0
0
0
0
0.0055829959067161695
0
0
0
0
0
0
0
0
0
0
0
0
0
0
0
0
0
0.001525713187791205
0
0
0
0
0
0
0
0
0
0
0
0
0
0
0
0
0
0
0
0
0
0
0
0
0
0
0
0
0
0
0
0
0
0
0
0
0
0
0
0
0
0
0
0
0
0
0
0.003657791208911365
0
0
0
0
0
0
0
0
0
0
0
0
0.003010595236351833
0
0
0
0
0.0010302574000166974
0
0
0
0
0
0
0
0
0
0
0
0
0
0.0018563690025907348
0
0
0
0
0
0
0
0
0
0
0
0
0
0
0
0
0
0
0
0
0
0
0
0
0
0.0029068542168240005
0
0
0
0
0
0
0
0
0
0.0019580168218936455
0
0
0
0
0
0
0
0
0
0
0
0
0
0
0
0
0
0
0
0
0
0
0
0
0
0
0
0
0
0
0
0
0
0
0
0
0
0
0
0
0
0
0
0
0
0
0
0
0
0
0
0
0
0
0
0
0
0
0
0
0
0
0
0
0
0
0
0
0
0
0
0
0
0
0
0
0
0.0028095069407831795
0
0
0
0
0
0
0
0
0
0.0015603071464598
0
0
0
0
0
0
0
0
0
0
0
0
0
0
0
0
0
0
0
0
0
0
0
0.001392619892907237
0.0010100462635898165
0
0
0
0
0
0
0
0
0
0
0
0
0
0
0
0.0023248031007221575
0
0
0
0
0
0
0
0
0
0
0.0022229583816424058
0
0
0
0
0
0
0
0
0
0
0
0
0
0
0
0
0
0
0
0
0
0
0
0
0.005468230591275844
0
0
0
0
0
0
0
0
0
0
0
0
0
0
0
0.0016621256060569021
0
0
0
0
0
0
0
0
0
0
0
0
0
0
0
0
0
0
0
0
0
0
0.0010314354421814514
0
0
0
0
0
0
0
0
0
0
0
0
0
0
0
0
0
0
0
0
0
0
0
0
0
0
0
0
0
0
0
0
0
0
0
0
0
0
0.0012491997943233793
0
0
0
0
0
0
0
0
0
0
0
0
0
0
0
0
0
0
0
0
0
0
0
0
0
0
0
0
0
0
0
0
0
0
0
0
0
0
0
0
0
0
0
0
0
0
0
0
0
0
0
0
0
0
0
0
0
0
0
0
0
0
0
0
0
0
0
0
0
0
0
0
0
0
0
0
0
0
0
0
0
0
0
0
0
0
0
0
0
0
0
0
0
0
0
0
0
0
0
0
0
0
0
0.0011966429299829853
0
0.0020136957485857366
0
0
0
0
0
0
0
0
0
0
0
0
0
0
0
0
0
0.0008604773826477644
0
0
0
0
0
0
0.001106473410409556
0
0
0
0
0
0
0
0
0
0
0
0
0
0
0
0
0
0
0
0
0
0.0008455463131580676
0
0
0
0
0
0
0
0
0
0
0
0
0
0
0
0
0
0
0
0
0
0
0
0
0
0
0
0
0
0
0
0
0
0
0
0
0
0
0
0
0
0
0
0
0
0
0
0
0
0
0
0
0
0
0
0
0
0
0
0
0
0
0
0
0
0
0
0
0
0
0
0
0
0
0
0.0010068478742928683
0
0
0
0
0
0.0008281794676429374
0
0
0
0
0
0
0
0
0
0
0
0
0
0
0
0
0
0
0.0015588866336143654
0.006260361475822041
0
0
0
0
0
0
0
0
0
0
0
0
0
0
0
0
0
0
0
0
0
0
0
0
0
0
0
0
0
0
0
0
0
0
0
0
0
0
0
0
0
0
0
0
0
0
0
0
0
0
0
0
0
0
0
0
0
0
0
0
0
0
0
0
0
0
0
0
0
0
0
0
0
0.0009165616312037146
0
0
0
0
0
0
0
0
0
0
0
0
0.0010068478742928683
0
0
0
0
0
0
0
0
0
0
0.0014244175550552755
0
0
0
0
0
0
0
0
0
0
0
0
0
0
0
0
0
0
0
0
0
0
0
0
0
0
0
0
0
0.0013755674003179366
0
0
0
0
0
0
0
0
0
0
0
0
0
0
0
0
0
0
0
0
0
0
0
0
0
0
0
0
0
0
0
0
0
0
0
0
0.0012721528574114443
0
0
0
0
0
0
0
0
0
0
0
0
0
0
0
0
0
0
0
0
0.0009924967242479234
0
0
0
0
0
0
0
0
0
0
0
0.0015481735689754472
0
0
0
0.0008179133047640765
0
0
0
0
0
0
0
0
0
0
0
0
0
0
0
0
0
0
0
0
0
0
0
0
0
0
0
0
0
0
0
0.0015366625065006826
0.004383457737216672
0
0
0
0
0
0
0
0
0
0.0008138452202504866
0
0.006015918305435639
0
0
0
0
0
0.0014047534703915897
0.0013648788794496118
0
0
0
0
0
0
0
0
0
0
0
0
0
0
0
0
0
0
0
0
0
0
0
0
0.001486585407911318
0
0
0
0
0
0
0
0.0018388228060955472
0
0
0
0
0
0
0
0
0
0
0
0
0
0
0
0
0
0
0
0
0
0
0
0
0
0
0
0
0
0
0
0
0.001340192861672608
0
0.001027919706825886
0
0.03707192045692885
0
0
0
0
0
0
0
0
0
0
0
0
0
0
0
0
0
0.0010630958098340332
0
0.0010511770878156427
0
0
0
0
0
0
0
0
0
0
0
0
0
0
0
0.0051755502321501915
0
0
0
0
0
0.002028765899184302
0
0
0
0
0
0
0
0
0
0
0
0
0
0
0
0
0
0
0
0
0
0
0
0
0
0
0
0
0
0
0
0
0
0
0
0
0
0
0
0
0
0
0
0
0
0
0
0
0
0
0
0
0
0
0
0.0023739782364993233
0
0
0
0
0
0
0
0
0
0
0
0
0
0
0
0
0
0
0
0
0
0
0
0
0
0
0
0
0
0
0
0
0
0
0
0
0
0
0
0
0
0
0
0
0
0
0
0
0
0
0
0
0
0
0
0
0
0
0
0
0
0
0
0
0
0
0
0
0
0
0
0
0
0
0
0
0
0
0
0
0
0
0.004577139563373615
0
0
0
0
0
0
0
0
0
0
0
0
0
0
0
0
0
0
0
0
0
0
0
0
0
0
0
0
0
0
0
0
0
0
0
0
0.007852871008177087
0
0.0025954476624661642
0
0
0
0
0
0
0
0
0
0
0
0
0
0
0
0
0
0
0
0
0
0
0
0
0
0
0
0
0
0
0
0
0.003881662674112644
0
0
0
0
0
0
0
0
0
0
0.003450135680807409
0
0
0
0
0
0
0
0
0
0
0
0
0
0
0
0
0
0
0
0
0
0
0
0
0
0
0
0
0
0
0
0
0
0
0
0
0
0
0
0
0
0
0
0
0.01783807209809652
0
0
0.0013648788794496118
0
0
0
0
0
0
0
0
0
0
0
0
0
0
0
0
0
0
0
0
0
0
0
0
0
0
0
0
0
0.0022882263349002616
0
0
0.0011165991813432339
0
0
0
0
0
0
0
0
0
0
0
0
0
0
0
0.001113172908423398
0
0
0
0
0
0
0
0
0
0
0
0
0
0
0
0
0
0
0
0
0
0
0
0
0
0
0
0
0
0
0
0
0
0.004274412960086688
0
0
0
0
0
0
0
0
0.0014175807625459765
0
0
0
0
0
0
0
0
0
0
0
0
0
0
0
0
0
0
0
0.002474132433678053
0
0
0
0
0
0
0
0
0.00412102960006679
0
0
0
0
0
0
0
0
0
0
0
0
0
0
0
0
0
0
0
0
0
0
0
0
0
0
0
0
0
0
0
0
0
0
0
0
0
0
0
0
0
0
0
0
0
0
0
0
0
0
0
0
0
0
0
0
0
0
0
0
0
0
0
0
0
0
0.0015052976181759165
0
0
0
0
0
0
0
0
0
0
0
0
0
0
0.0009895373426765694
0
0
0
0
0.0011991226957340144
0
0
0.0011869891182496616
0
0
0
0
0
0
0
0
0
0
0
0
0
0
0
0
0
0
0
0
0
0
0
0
0
0
0.0011031971986902667
0
0
0
0
0
0
0.014506946185661949
0
0
0
0
0
0
0
0.0017401048758515893
0
0
0
0
0
0
0
0
0
0
0
0
0
0
0
0
0
0
0
0
0
0
0
0
0
0
0
0
0
0
0
0
0
0
0
0
0
0
0
0
0
0
0
0
0.0014532775073012923
0
0
0
0
0
0
0
0
0
0
0
0
0
0
0
0
0
0
0
0
0
0
0
0
0
0
0.001252338538034048
0
0
0
0
0
0
0
0.0010267599289626806
0
0
0.0011031971986902667
0
0
0
0
0
0
0
0
0
0
0
0
0
0
0
0
0
0
0
0
0
0
0
0
0
0
0
0.0011624015503610787
0
0
0
0
0
0
0
0
0
0
0
0
0
0
0
0
0
0
0
0
0
0
0
0
0
0
0
0
0
0
0
0
0
0
0
0
0
0
0
0
0
0
0
0
0
0
0
0
0
0
0
0
0
0
0
0
0
0.0013811088304324724
0
0
0
0
0
0
0
0
0
0
0
0
0
0
0
0
0
0
0
0
0
0
0
0
0
0
0
0
0
0.042133506899656545
0
0
0
0
0
0
0
0
0
0
0.003974769533054072
0
0
0
0
0.0015867396050900475
0
0
0
0
0
0
0
0.0041267022009538095
0
0
0
0
0
0
0
0
0
0
0
0
0.0009895373426765694
0
0.004215086109252765
0
0
0
0
0
0
0
0
0
0
0
0
0
0
0
0.0011165991813432339
0
0
0
0
0
0
0
0
0
0
0
0
0
0
0
0
0
0
0
0
0
0
0
0
0
0
0
0
0
0
0
0
0
0
0
0
0
0
0
0
0
0
0
0
0
0
0
0
0
0
0
0
0
0
0
0
0
0
0
0
0
0
0
0
0
0
0
0
0
0
0
0
0
0
0
0
0
0
0
0
0
0
0
0
0
0
0
0
0.0009342297561723442
0
0
0
0
0
0
0.002938628158221142
0
0
0
0
0
0
0
0
0
0
0
0
0
0
0
0
0
0
0
0
0
0
0
0
0
0
0
0
0
0
0
0
0
0
0
0
0
0
0
0
0
0
0
0
0
0
0
0
0
0
0
0
0.002530703672859096
0
0
0
0
0
0.0020921529857401023
0
0
0
0
0
0
0.0024682652516460277
0
0
0.001515273327909048
0
0
0
0
0
0
0
0
0
0
0
0
0
0.004924947554606321
0
0
0
0
0
0
0
0
0
0
0
0
0
0
0
0
0
0
0
0
0
0
0
0
0
0
0
0
0
0
0
0
0
0
0
0
0
0
0
0
0
0
0
0
0
0
0
0
0
0
0
0
0
0
0
0
0
0
0
0
0
0
0
0
0
0
0
0.0011183321360321726
0
0
0
0
0
0
0
0
0
0
0
0
0
0
0
0
0
0
0
0
0
0
0
0
0
0
0
0.0054527533447180174
0
0
0
0
0
0
0
0
0
0
0
0
0
0
0
0
0
0
0
0.002955567264138039
0
0
0
0
0
0
0.0010374202373076096
0
0
0
0
0
0
0
0
0
0
0
0
0
0
0
0
0
0
0
0
0
0
0
0
0
0
0
0
0
0
0
0
0
0
0
0
0
0
0
0
0
0
0
0
0
0
0
0
0
0
0
0
0
0
0.0013096425532514726
0
0
0
0
0
0
0.004508814036728901
0
0
0
0
0
0
0.0046099875195020484
0
0
0
0
0.007303760944422489
0
0
0
0
0
0
0.002662063463686215
0
0
0
0
0
0
0
0
0
0
0
0
0
0
0.007699776898425067
0.002171972215698193
0.0007349691407336305
0
0
0
0
0
0
0
0
0
0
0
0
0
0
0
0
0.0038139240864234654
0.0010936461182551689
0
0
0
0
0
0
0
0
0
0
0
0
0
0
0
0.0011183321360321726
0
0
0
0
0
0
0
0
0
0
0
0
0
0
0
0
0
0
0
0
0.002432194089952346
0
0
0
0
0
0
0.006668875144927216
0
0.00712193470949797
0
0.004644520706926341
0
0
0
0
0
0.006506909930554009
0
0.011544814667253921
0.0022544070183644505
0
0
0
0
0
0.001204165975772627
0
0
0
0
0
0
0
0
0.004803669345658992
0
0
0
0
0
0
0
0
0.002474132433678053
0
0
0
0
0
0
0
0
0
0
0
0
0
0.002337689144655026
0
0
0.005538151642119558
0.0015481735689754472
0
0
0
0
0
0
0
0
0.01600607955247054
0
0.0013055989030040134
0.002862371858043674
0
0
0
0
0
0.0014611525790722238
0
0
0
0
0.003173479210180095
0
0
0
0
0
0
0
0
0
0
0
0
0
0
0.001411075480482859
0.004720047507944759
0
0.0013648788794496118
0
0
0
0
0
0
0
0
0
0
0
0
0.0024400274484994524
0
0
0.0012067307638838531
0
0
0
0
0
0
0.005627004785927661
0
0
0
0
0
0
0
0
0
0.0010486122997044166
0
0
0
0
0
0
0
0
0
0
0
0.0046411773501428425
0
0
0
0
0
0
0
0
0
0
0
0
0.0018969162050513741
0.0013449175944369334
0
0
0
0.006936830144019601
0
0
0
0
0
0
0
0
0
0
0
0
0
0
0
0
0
0
0
0
0
0
0
0
0
0
0
0
0
0
0
0
0
0.0010122041313410377
0
0.0022691241740300664
0.0032809383547655066
0
0.0021234796293377422
0.0012827571852504357
0
0
0
0
0
0
0
0
0
0
0
0
0
0
0.0014383108613186461
0
0
0
0
0
0
0
0
0
0
0
0
0
0
0
0
0.001486585407911318
0
0.0012200137242497262
0
0
0.0013265876951967476
0
0
0
0
0
0
0.0014383108613186461
0
0
0
0
0
0
0
0
0
0
0
0
0
0
0
0
0.011371912665305637
0
0
0
0
0
0
0
0
0
0
0
0
0
0
0
0.0011941902660394957
0
0.0009048382875997156
0
0
0
0
0
0
0
0
0
0
0
0
0
0
0
0
0
0
0
0
0
0
0
0
0
0
0
0
0
0
0
0
0
0
0
0
0
0.0014383108613186461
0
0
0
0
0
0
0
0
0
0
0
0
0
0
0
0
0
0
0
0
0
0
0
0
0
0
0
0
0
0
0
0
0
0
0
0
0.0013497439421077061
0
0
0
0
0
0
0
0
0.00482701622235481
0.0015481735689754472
0
0
0.0012312368886515802
0
0
0
0
0.008866701792414116
0
0
0
0
0
0
0
0
0
0
0
0.0013137604030423605
0
0.0011383338819693377
0
0.002572812629419983
0
0
0
0.0017158608225280102
0.0014242802605598187
0
0.0013986046880333951
0.0022195963207226757
0.001411075480482859
0
0
0
0
0
0
0
0
0
0
0
0
0
0
0
0
0
0
0
0.0009734669808322868
0
0
0
0
0
0
0
0
0
0
0
0
0
0
0
0
0
0.002689835188873867
0
0
0
0
0
0
0
0
0
0
0
0
0
0
0
0
0
0
0
0
0.0013355655530544
0
0
0
0
0.0026994878842154122
0
0
0
0
0.0029223051581444477
0
0
0
0
0
0
0
0
0
0
0
0
0
0
0
0
0
0
0
0
0
0
0
0
0
0
0
0
0
0
0
0
0
0
0
0
0
0
0
0.0013546763718022248
0
0
0
0
0
0
0
0
0
0
0
0
0
0
0
0
0
0
0
0
0
0
0
0
0
0
0
0
0.0027093527436044497
0
0
0
0
0
0
0
0
0
0
0
0
0
0
0
0
0
0
0
0
0
0
0
0
0
0
0.0010644600481815158
0
0
0
0
0.0023164134539483006
0
0
0
0
0
0
0
0
0
0
0
0
0
0
0
0
0
0
0
0
0
0
0
0
0
0
0
0
0
0
0
0
0
0
0
0
0
0
0
0
0
0.0013867905647197906
0
0
0
0
0
0
0
0
0
0
0
0
0
0
0
0
0.0033144879780248482
0.0013497439421077061
0
0
0
0
0
0
0
0
0
0
0
0
0
0
0
0
0
0
0.0013546763718022248
0
0
0
0
0
0
0
0
0
0
0
0
0
0
0
0
0.0012620270864777663
0
0
0
0
0
0
0
0
0
0
0
0
0
0.0010511770878156427
0
0
0
0
0
0
0
0
0
0
0
0
0
0
0
0
0
0
0
0
0
0
0
0
0
0
0
0
0
0
0
0
0
0
0
0
0
0
0
0
0
0
0
0
0
0
0
0
0
0
0
0
0.0012901157630832432
0
0
0
0
0
0
0
0
0
0
0
0.001052470558353513
0
0.0014175807625459765
0
0
0
0
0
0
0
0
0
0
0
0.004515892854527749
0
0
0
0
0
0
0
0
0
0
0
0
0
0
0
0
0
0
0
0
0
0
0
0
0
0
0
0
0
0
0
0.006185331084195133
0.00646943779018774
0
0
0.02730232641438767
0
0
0.0022195963207226757
0
0
0
0
0
0
0.00646943779018774
0
0
0
0
0
0
0
0.005654263193208905
0
0.011754780557748971
0
0
0
0
0
0
0
0
0
0.0011114791908212029
0
0
0
0
0
0
0.0024922086900236277
0
0
0
0
0
0
0
0
0
0
0
0
0
0
0
0
0
0.001515273327909048
0
0
0.0025583328887475317
0
0
0
0
0
0
0
0
0
0
0
0.0011480504003161338
0
0
0
0
0
0
0
0
0
0
0
0
0
0
0
0
0
0.001252338538034048
0
0
0.0023739782364993233
0
0
0.001601223115219664
0
0
0
0
0
0
0
0
0
0
0
0
0
0.0025954476624661642
0
0.001469314079110571
0
0.001616706255140434
0
0
0
0
0
0
0
0
0.0013055989030040134
0
0
0
0
0
0
0
0
0
0
0
0
0
0
0.006413785926252179
0.001486585407911318
0.0014242802605598187
0.0025240541729555327
0
0
0
0
0
0
0
0
0
0
0
0
0
0
0
0
0
0
0.0015481735689754472
0
0
0
0.0011966429299829853
0
0
0
0
0
0
0
0
0
0
0
0
0
0
0
0
0
0
0
0
0
0
0
0
0
0
0
0
0
0
0
0
0
0
0
0
0
0
0
0
0
0
0
0
0
0
0
0
0
0.0013055989030040134
0
0
0
0
0
0.017250678404037045
0
0
0
0
0
0
0
0
0
0
0
0
0
0
0
0
0
0
0
0
0
0
0
0
0
0
0
0
0
0.003173479210180095
0
0
0
0.0012200137242497262
0.0015481735689754472
0.001651300213809029
0
0
0.006963099464536184
0
0
0
0
0
0
0
0
0
0
0
0
0
0
0
0.001573134438614187
0
0
0
0
0
0
0
0
0
0.001515273327909048
0
0
0
0
0
0
0
0
0
0
0
0
0.0062412285858392
0.001016583129147048
0.012585075508913496
0
0.001601223115219664
0
0
0
0
0
0
0
0.0015366625065006826
0
0.001742293281158258
0
0
0
0
0
0
0
0
0.019846130675643673
0.001392619892907237
0.0014456694391514536
0
0
0
0
0
0
0
0
0
0
0
0
0
0
0.0010350071332285561
0
0.001692216182568893
0
0
0
0
0
0
0
0
0
0
0
0
0
0
0
0
0
0
0
0
0
0
0
0
0
0
0
0.0014611525790722238
0
0
0
0
0.021233385005783985
0
0
0
0
0
0
0
0
0.005782677756605814
0
0
0
0.0015052976181759165
0
0
0
0
0
0
0.00614665002600273
0
0
0
0.0014957465377408185
0.001469314079110571
0
0
0
0
0
0
0
0
0
0
0
0
0.0014175807625459765
0
0
0
0
0
0.001486585407911318
0
0
0
0
0
0
0
0
0
0
0
0
0
0
0
0
0
0
0
0
0
0
0
0
0
0
0.0013811088304324724
0
0
0
0
0
0
0
0
0
0
0
0
0
0
0.0014611525790722238
0
0
0.002265399397183255
0
0
0
0
0
0
0
0
0
0
0
0
0
0
0
0
0
0
0
0
0
0
0
0
0
0
0
0
0
0
0
0
0
0
0
0
0
0
0
0
0
0
0
0
0
0
0
0
0
0
0
0
0
0
0
0
0
0
0
0.0010550800821405686
0
0
0
0
0
0
0
0
0
0
0
0
0
0
0.0012312368886515802
0
0
0
0
0.0026444599120016184
0
0.002329057474130839
0
0
0
0
0
0
0
0
0
0
0
0
0
0.0013648788794496118
0
0
0.0013546763718022248
0
0
0.0013096425532514726
0
0
0
0
0
0
0
0
0
0
0
0
0.0014047534703915897
0
0
0
0
0
0
0
0
0
0
0
0
0
0
0
0
0
0
0
0
0
0
0
0
0
0
0
0
0
0
0
0
0
0
0
0
0
0.0013449175944369334
0.0015867396050900475
0
0
0
0
0
0
0
0
0
0
0.001469314079110571
0
0
0
0
0
0.0025583328887475317
0
0
0
0
0
0
0
0
0
0
0
0.0014532775073012923
0
0
0
0
0
0
0
0
0
0
0
0
0
0
0
0
0
0
0
0
0
0
0
0
0
0
0
0
0
0
0
0
0
0
0
0
0
0
0
0
0
0
0
0
0.0010350071332285561
0
0
0
0
0
0
0.010068176029230522
0
0
0
0
0
0
0
0
0
0
0
0
0
0
0
0
0
0
0
0
0
0
0
0
0
0
0
0
0
0
0
0
0
0
0
0
0
0
0
0.0024983995886467586
0
0
0
0
0
0
0
0
0
0
0
0
0
0
0
0
0
0
0
0
0
0
0
0
0
0
0
0
0
0
0
0
0
0
0
0
0.001601223115219664
0
0
0.0014611525790722238
0
0
0
0
0
0
0
0.0014957465377408185
0
0
0.003073325013001365
0
0
0
0
0
0
0
0
0
0
0
0
0
0
0.004953900641427087
0
0
0
0.0015867396050900475
0
0
0
0
0
0
0
0
0
0
0
0
0.025257108806954944
0.001392619892907237
0
0
0
0
0
0
0
0
0
0
0
0
0
0
0
0
0
0
0
0
0
0
0
0
0
0
0
0
0
0
0
0
0
0
0
0
0
0
0
0
0
0
0
0
0.0015603071464598
0
0
0
0
0
0
0
0
0
0
0
0
0
0.0014047534703915897
0
0
0
0
0
0
0
0
0.0012016301689382616
0
0
0
0
0
0
0
0
0.002822150960965718
0
0
0
0
0
0
0
0
0
0
0
0
0
0
0
0
0
0
0
0
0
0
0
0
0
0.0031206142929196
0
0
0
0.001411075480482859
0
0
0
0
0
0
0
0.030365145891369606
0.004515892854527749
0
0
0
0
0
0
0
0
0
0
0
0
0
0
0
0
0
0
0
0
0
0
0
0
0
0
0
0
0
0
0
0
0
0
0
0
0
0
0
0
0
0
0
0
0
0
0
0
0
0
0
0
0
0
0.0015052976181759165
0
0
0
0.0014611525790722238
0
0
0
0
0
0
0
0
0
0
0
0
0
0
0
0
0
0
0
0
0
0
0
0
0
0
0
0
0
0
0
0
0
0
0
0
0
0
0
0
0
0
0
0
0
0
0
0
0
0
0
0
0
0
0
0
0
0
0
0
0
0
0
0
0
0
0
0
0
0
0
0
0
0
0
0
0
0
0
0
0
0
0
0.001411075480482859
0
0
0
0
0.019257943604451114
0.001431185929021837
0.002226345816846796
0
0
0
0
0
0
0
0
0
0
0
0
0
0
0
0
0
0
0
0
0
0
0
0
0
0
0
0
0
0.001692216182568893
0
0
0
0
0.022377675008534322
0
0
0
0
0
0
0
0
0
0
0
0
0
0
0
0
0
0
0
0
0
0
0
0
0
0
0
0
0
0
0
0
0
0
0
0
0
0
0
0
0
0
0
0
0
0
0
0
0
0
0
0
0
0
0
0
0
0
0
0
0
0
0
0.00670096430836304
0
0
0
0
0
0
0
0
0
0
0
0.003302600427618058
0
0.0025512645059072537
0
0
0
0
0
0
0
0
0
0
0.0015052976181759165
0
0
0
0
0
0
0
0
0
0
0
0.0014957465377408185
0
0
0
0
0
0
0
0
0
0
0
0
0
0
0
0
0
0
0
0
0
0.0015603071464598
0
0
0
0
0
0
0.0027093527436044497
0
0
0
0
0
0
0
0
0
0
0
0
0
0
0
0
0
0
0
0
0
0
0
0
0
0
0
0
0
0
0
0
0
0
0
0
0
0
0
0
0
0
0
0
0
0
0
0
0
0
0
0
0
0
0
0
0
0
0
0
0
0
0
0
0
0
0
0
0
0
0
0
0
0
0
0
0
0
0
0
0
0
0
0
0
0
0
0
0
0
0
0
0
0
0
0
0
0
0
0
0
0
0
0
0
0
0
0
0.001515273327909048
0
0
0
0
0
0.0013546763718022248
0
0
0
0
0
0
0
0
0
0
0
0
0
0
0
0
0
0
0
0
0
0
0
0
0
0
0
0
0
0
0
0
0
0
0
0.001525713187791205
0
0
0
0.0015867396050900475
0.001651300213809029
0
0
0
0
0
0
0
0
0
0
0
0
0
0
0
0
0
0
0
0
0
0
0
0
0
0
0
0
0
0
0
0
0
0
0
0
0
0
0
0
0
0
0
0
0
0
0
0
0
0
0
0
0
0
0
0
0
0
0
0
0
0
0
0
0
0
0
0
0
0
0
0
0
0
0
0
0
0
0
0
0
0
0
0
0
0
0
0
0
0
0
0
0
0
0
0
0
0
0
0
0
0
0
0
0
0
0.0014532775073012923
0.0016708270039772581
0
0
0
0
0
0
0
0
0
0
0
0
0
0
0
0
0
0
0
0
0
0
0
0
0
0
0
0
0
0
0
0
0
0
0
0
0
0
0
0
0
0.0013355655530544
0
0
0
0
0
0
0
0
0
0
0
0
0
0
0
0
0
0
0
0
0
0
0
0
0
0
0
0
0
0
0
0
0
0
0
0
0
0
0
0
0
0
0
0.00980002384882338
0
0
0
0
0
0
0
0
0
0
0
0
0
0
0
0
0
0
0
0
0
0
0
0
0
0
0
0
0
0
0
0
0
0
0
0
0
0
0
0
0
0
0
0
0
0
0
0
0
0
0
0
0
0
0
0
0.0012977238312330821
0
0
0
0
0
0
0
0
0
0
0
0
0
0
0
0
0
0
0
0
0
0
0
0
0
0.0014242802605598187
0
0
0
0
0.0028095069407831795
0
0
0
0
0
0
0
0
0
0
0
0
0
0
0
0
0
0
0
0
0
0
0
0
0
0
0
0
0
0
0
0
0
0
0
0
0
0
0
0
0
0
0
0
0
0
0
0
0
0
0
0
0
0
0
0
0
0
0
0
0
0
0
0
0
0
0
0
0
0
0
0
0
0
0
0
0.0013546763718022248
0
0
0
0
0
0
0
0
0
0
0
0
0
0
0
0
0
0
0
0
0
0
0
0
0
0
0
0
0
0
0
0
0
0
0
0.0012283780408559272
0
0
0
0
0
0
0
0
0
0
0
0
0
0
0
0
0
0
0
0
0
0
0
0
0
0
0
0
0
0
0
0.0015481735689754472
0
0
0
0
0
0
0
0
0
0
0
0
0
0
0
0
0
0
0
0
0
0
0
0
0
0
0
0
0
0
0
0
0
0
0
0
0
0
0
0
0
0
0
0
0
0
0
0
0
0
0
0
0
0
0
0
0
0
0
0
0
0.0015867396050900475
0
0
0
0
0
0
0
0
0
0
0
0
0
0
0
0
0
0
0
0
0
0
0
0
0
0
0
0
0
0
0
0
0
0
0
0
0
0
0
0
0
0
0
0
0
0
0
0
0
0
0
0
0
0
0
0
0
0
0
0
0
0
0
0
0
0
0
0
0
0
0
0
0
0
0
0
0
0
0
0
0
0
0
0
0
0
0
0
0
0
0
0
0
0
0
0
0
0
0
0
0
0
0
0
0
0
0
0
0
0
0
0
0
0
0
0
0
0
0
0
0
0
0
0
0
0
0
0.0012119499878884014
0
0
0
0
0
0
0
0
0
0
0
0
0
0
0
0
0
0
0
0
0
0
0
0
0.001601223115219664
0
0
0
0
0
0
0
0
0
0
0.001486585407911318
0
0
0
0
0
0
0
0
0
0
0
0
0
0
0
0
0
0
0
0
0
0
0.001616706255140434
0
0
0
0
0
0.02039579477761256
0
0
0
0
0
0
0
0
0
0
0
0
0
0
0
0
0
0
0
0.0014611525790722238
0
0
0
0
0
0
0
0
0
0
0
0
0
0
0
0
0
0
0
0.004760218815270142
0
0
0
0
0
0
0
0
0
0
0
0
0
0
0
0
0
0
0
0
0
0
0
0
0
0
0
0
0
0
0
0
0
0
0
0
0
0
0
0
0
0
0
0
0
0
0
0
0
0
0
0
0
0
0.0074329270395565895
0
0
0
0
0
0
0
0
0
0
0
0
0
0
0
0
0
0
0
0
0
0
0
0
0
0
0
0
0
0
0
0
0
0
0
0
0
0
0
0
0
0
0
0
0
0
0
0
0
0
0
0
0
0
0
0
0
0
0
0
0
0
0
0
0
0
0
0
0
0
0
0
0
0
0
0
0
0
0
0
0
0
0
0
0
0
0
0
0
0
0
0
0
0
0
0
0
0
0
0
0
0
0
0
0
0
0
0
0
0
0
0
0
0
0
0
0
0
0
0
0
0
0
0
0
0
0
0
0
0
0
0
0
0
0
0
0
0
0
0
0
0
0
0
0
0
0
0
0
0
0
0
0
0
0
0
0
0
0
0
0
0
0
0
0
0
0
0
0
0
0
0
0
0
0
0.0015366625065006826
0
0
0
0
0
0
0
0
0
0
0
0
0
0
0
0
0
0
0
0
0
0
0
0
0
0
0
0
0
0
0
0
0
0
0
0
0
0
0
0
0
0
0
0
0
0
0
0
0
0
0
0
0
0
0
0
0
0
0
0
0.001486585407911318
0
0
0
0
0
0
0
0
0
0
0
0
0
0
0
0
0
0
0
0
0
0
0
0
0
0
0
0
0
0
0
0
0
0
0
0
0
0
0
0
0
0
0
0
0
0
0
0
0
0
0
0
0
0
0
0
0
0
0
0
0
0
0
0
0
0
0
0
0
0
0
0
0
0
0
0
0
0
0
0
0
0
0
0
0
0
0.022195181351068228
0
0
0
0
0
0
0
0
0
0
0
0
0
0
0
0
0
0
0
0
0
0
0
0
0
0
0
0
0
0
0
0
0
0
0
0
0
0
0
0
0
0
0
0
0
0
0
0
0
0
0
0
0
0
0
0
0
0
0
0
0
0
0
0
0
0
0
0
0
0
0
0
0
0
0
0
0
0
0
0
0
0
0
0
0
0
0
0
0
0
0
0
0
0
0
0
0
0
0
0
0
0
0
0
0
0
0
0
0
0
0
0
0
0
0
0
0
0
0
0
0
0
0
0
0
0
0
0
0
0
0
0
0
0
0
0
0
0
0
0
0
0
0
0
0
0
0
0
0
0
0
0
0
0
0
0
0
0
0
0
0
0.0013867905647197906
0
0
0
0
0
0
0
0
0
0
0
0
0
0
0
0
0
0
0
0
0
0
0
0
0
0
0
0
0
0
0
0
0
0
0
0
0
0
0
0
0
0
0
0
0
0
0
0.0013449175944369334
0
0
0.001486585407911318
0
0
0
0
0
0
0
0
0
0
0
0
0
0
0
0
0
0
0
0
0
0.0014242802605598187
0
0
0
0
0
0
0
0
0
0
0
0.0016333373081372298
0
0
0
0
0
0
0
0
0
0
0
0
0
0
0
0
0
0
0
0
0
0
0
0
0
0
0
0
0
0
0
0
0
0
0
0
0
0
0
0
0
0
0
0
0
0
0
0
0
0
0
0
0
0
0
0
0
0
0
0
0
0
0
0
0
0
0
0
0
0
0
0
0
0
0
0
0
0
0
0
0
0
0
0
0
0
0
0.001601223115219664
0
0
0
0
0
0
0
0
0
0
0.008466452882897154
0
0
0.0013986046880333951
0
0
0
0
0
0
0
0
0
0
0
0
0
0
0
0
0
0
0
0
0
0
0
0
0
0
0
0
0
0
0
0
0
0
0
0
0
0
0
0
0
0
0
0
0
0
0
0
0
0
0
0
0
0
0
0
0
0
0
0
0
0
0
0
0
0
0
0
0
0
0
0
0
0
0
0
0
0
0
0
0
0
0
0
0
0
0
0
0
0
0
0
0
0
0
0
0
0
0
0
0
0
0
0
0
0
0
0
0
0
0
0
0
0
0
0
0
0
0
0
0
0
0
0
0
0
0
0
0
0
0
0
0
0
0
0
0
0
0
0
0
0
0
0
0.0012430510119651847
0
0
0
0
0.001616706255140434
0
0
0
0
0
0
0
0
0
0
0
0
0.003233412510280868
0.001525713187791205
0
0
0
0
0
0
0
0
0
0
0
0
0
0
0
0
0
0
0
0
0
0
0
0
0
0
0
0
0
0
0
0
0
0
0
0
0
0
0
0
0
0
0
0
0
0
0
0
0
0
0
0
0
0
0
0
0
0
0
0
0
0
0
0
0
0
0
0
0
0
0
0
0
0
0
0.004359832521903877
0
0
0
0
0
0
0
0
0
0
0.0016333373081372298
0
0
0
0
0
0
0
0
0
0
0
0
0
0
0
0
0
0
0
0
0
0
0
0
0
0.001601223115219664
0
0
0
0
0
0
0
0
0
0
0
0
0
0
0
0
0
0
0
0
0
0
0
0
0
0
0
0
0
0
0
0
0
0
0
0
0
0
0
0
0
0
0
0
0
0
0
0
0
0
0
0
0
0
0
0
0
0
0
0
0
0
0
0
0
0
0
0
0
0
0
0
0
0
0
0
0
0
0
0
0
0
0
0
0
0
0
0
0
0
0
0
0
0
0
0
0
0
0
0.0015603071464598
0
0
0
0
0
0
0
0
0
0
0
0
0
0
0
0
0
0
0
0.001515273327909048
0
0
0
0
0
0
0
0
0
0
0
0
0
0
0
0
0
0
0
0
0
0.0040347527833108
0
0
0
0
0
0
0
0
0
0
0
0
0
0
0
0
0
0
0
0
0
0
0
0
0
0
0
0
0
0
0
0
0
0
0
0
0
0
0
0
0
0
0
0
0
0
0
0
0
0
0
0
0
0
0
0
0
0
0
0
0
0
0
0
0
0
0
0
0
0
0
0
0
0
0
0
0
0
0
0
0
0
0
0
0
0
0
0
0
0
0
0
0
0
0
0
0
0
0
0
0
0
0
0
0
0
0
0
0
0
0
0
0
0
0
0
0
0
0
0
0
0
0
0
0
0
0
0
0
0
0
0
0
0
0
0
0
0
0
0
0
0
0
0
0
0
0
0
0
0
0
0
0
0
0
0
0
0
0
0
0
0
0
0
0
0
0
0
0
0
0
0
0
0
0
0
0
0
0
0
0
0
0
0
0
0
0
0
0
0.0015366625065006826
0
0
0
0
0
0
0
0
0
0
0
0
0
0
0
0
0
0
0
0
0
0
0
0
0
0
0
0
0
0
0
0
0
0
0
0
0
0
0
0
0
0
0
0
0
0
0
0
0
0
0
0
0
0
0
0
0
0
0
0
0
0
0
0
0
0
0
0
0
0
0
0
0
0
0
0
0
0
0
0
0
0
0
0
0
0
0
0
0
0
0
0
0
0
0
0
0
0
0
0
0
0
0
0
0
0
0
0
0
0
0
0
0
0
0
0
0
0
0
0
0
0
0
0
0
0
0
0
0
0
0
0
0
0
0
0
0
0
0
0
0.013366616031818065
0
0
0
0
0
0
0
0
0
0
0
0
0
0
0
0
0
0
0
0
0
0
0
0
0
0
0
0
0
0
0
0
0
0
0
0
0
0
0
0
0
0
0
0
0
0
0
0
0
0
0
0
0
0
0
0
0
0
0
0
0
0
0
0
0
0
0
0
0
0
0
0
0
0
0
0
0
0
0
0
0
0
0
0
0
0
0
0
0
0
0
0
0
0
0
0
0
0
0
0
0.0014777836320690194
0
0
0
0
0
0
0
0
0
0
0
0
0
0
0
0
0
0
0
0
0
0
0
0
0
0
0
0
0
0
0
0
0
0
0
0
0
0
0
0
0
0
0
0
0
0
0
0
0
0
0
0
0
0
0
0
0
0
0
0
0
0
0
0
0
0
0
0
0.001601223115219664
0
0
0
0
0
0
0
0
0
0
0
0
0
0
0
0
0
0
0
0
0
0
0
0
0
0
0
0
0
0
0
0
0
0
0
0
0
0
0
0
0
0
0
0
0
0
0
0
0
0
0
0
0
0
0
0
0
0
0.0015366625065006826
0
0
0
0
0
0
0
0
0
0
0
0
0
0
0
0
0
0
0
0
0
0
0
0
0
0
0
0.001469314079110571
0
0
0
0
0
0
0
0
0
0
0
0
0
0
0
0
0
0
0
0
0
0
0
0
0
0
0
0
0
0
0
0
0
0
0
0
0
0
0
0
0
0
0
0
0
0
0
0
0
0
0
0
0
0
0
0
0
0
0
0
0
0
0
0
0
0
0
0
0
0
0
0
0
0
0
0
0
0
0
0
0
0
0
0
0
0
0
0
0
0
0
0
0
0
0
0
0
0
0
0
0
0
0
0
0
0
0
0.0015481735689754472
0
0
0
0
0
0
0
0
0
0
0
0
0
0
0
0
0
0
0
0
0
0
0
0
0
0
0
0
0
0
0
0
0
0
0
0
0
0
0
0
0
0
0
0
0
0
0
0
0
0
0
0
0
0
0
0
0
0
0
0
0
0
0
0
0
0
0
0
0
0
0
0
0
0
0
0
0
0
0
0
0
0
0
0
0
0
0
0
0
0
0
0
0
0
0
0
0
0
0
0
0
0
0
0
0
0
0
0
0
0
0
0
0
0
0
0
0
0
0
0
0
0
0
0
0
0
0
0
0
0
0
0
0
0
0
0
0
0
0
0
0
0
0
0
0
0
0
0
0
0
0
0
0
0
0
0
0
0
0
0
0
0
0
0
0
0
0
0
0
0
0
0.001651300213809029
0
0
0
0
0
0
0
0
0
0
0
0
0
0
0
0
0
0
0
0
0
0
0
0
0
0
0
0
0
0
0
0
0
0
0
0
0
0
0
0
0
0
0
0
0
0
0
0
0
0
0
0
0
0
0
0
0
0
0
0
0
0
0
0
0
0
0
0.0016333373081372298
0
0
0
0
0
0
0
0
0
0
0
0
0
0
0
0
0
0
0
0.0015481735689754472
0
0
0
0
0
0
0
0
0
0
0
0
0
0
0
0
0
0
0
0
0
0
0
0
0
0
0
0
0
0
0
0
0
0
0
0
0
0
0
0
0
0
0
0
0
0
0
0
0
0
0
0
0
0
0
0
0
0
0
0
0
0.001573134438614187
0
0
0
0
0
0.003384432365137786
0
0
0
0
0
0
0
0
0
0
0
0
0
0
0
0
0
0
0
0
0
0
0
0
0
0
0
0
0
0
0
0
0
0
0
0
0
0
0.0015603071464598
0.0031206142929196
0
0
0.010119686074060176
0
0
0
0
0
0
0
0
0
0
0
0
0
0
0
0
0
0
0
0
0
0
0
0
0
0
0.00614665002600273
0.0016333373081372298
0.0034317216450560203
0.006768864730275572
0.0016333373081372298
0
0
0
0
0
0
0
0
0
0
0
0
0
0
0
0
0
0
0
0
0
0
0
0
0
0
0.001601223115219664
0.003010595236351833
0
0.00674871971053853
0
0
0.011695789027840808
0
0
0
0
0.0041104785351689845
0.001515273327909048
0
0
0
0
0
0
0
0
0.0015481735689754472
0
0
0
0.0033416540079545163
0
0
0
0.005226879843474774
0.001651300213809029
0
0.001616706255140434
0
0.003146268877228374
0
0
0.0015867396050900475
0
0
0.0018477698586371032
0
0
0.0015867396050900475
0.003030546655818096
0
0
0
0.006292537754456748
0.007121401302799094
0
0.001601223115219664
0
0
0
0
0.0016708270039772581
0
0.0017158608225280102
0.0016708270039772581
0
0.005877256316442284
0
0.001525713187791205
0
0.0018477698586371032
0.0018068538898772394
0.0032666746162744596
0.0013867905647197906
0.0034317216450560203
0.001573134438614187
0.0016333373081372298
0.001411075480482859
0.001252338538034048
0.001692216182568893
0.003484586562316516
0.0017722599312086445
0.0034317216450560203
0.001692216182568893
0.001651300213809029
0
0
0
0
0
0
0
0
0
0
0
0
0
0
0
0
0
0
0
0
0
0
0
0
0
0
0
0
0
0
0
0
0
0
0
0
0
0
0
0
0
0
0
0
0
0
0
0
0
0
0
0
0
0
0
0
0
0
0
0
0
0
0
0
0
0
0
0
0
0
0
0
0
0
0
0
0
0
0
0
0
0
0
0
0
0
0
0
0
0
0
0
0
0
0
0
0
0
0
0
0
0
0
0
0
0
0
0
0
0
0
0
0
0
0
0
0
0
0
0
0
0
0
0
0
0
0
0
0
0
0
0
0
0
0
0
0
0
0
0
0
0
0
0
0
0
0
0
0
0
0
0
0
0
0
0
0
0
0
0
0
0
0
0
0
0
0
0
0
0
0
0
0
0
0
0
0
0
0
0
0
0
0
0
0
0
0
0
0
0
0
0
0
0
0
0
0
0
0
0
0
0
0
0
0
0
0
0
0
0
0
0
0
0
0
0
0
0
0
0
0
0
0
0
0
0
0
0
0
0
0
0
0
0
0
0
0
0
0
0
0
0
0
0
0
0
0
0
0
0
0
0
0
0
0
0
0
0
0
0
0
0
0
0
0
0
0
0
0
0
0
0
0
0
0
0
0
0
0
0
0
0
0
0
0
0
0
0
0
0
0
0
0
0
0
0
0
0
0
0
0
0
0
0
0
0
0
0
0
0
0
0
0
0
0
0
0
0
0
0
0
0
0
0
0
0
0
0
0
0
0
0
0
0
0
0
0
0
0
0
0
0
0
0
0
0
0
0
0
0
0
0
0
0
0
0
0
0
0
0
0
0
0
0
0
0
0
0
0
0
0
0
0
0
0
0
0
0
0
0
0
0
0
0
0
0
0
0
0
0
0
0
0
0
0
0
0
0
0
0
0
0
0
0
0
0
0
0
0
0
0
0
0
0
0
0
0
0
0
0
0
0
0
0
0
0
0
0
0
0
0
0
0
0
0
0
0
0
0
0
0
0
0
0
0
0
0
0
0
0
0
0
0
0
0
0
0
0
0
0
0
0
0
0
0
0
0
0
0
0
0
0
0
0
0
0
0
0
0
0
0
0
0
0
0
0
0
0
0
0
0
0
0
0
0
0
0
0
0
0
0
0
0
0
0
0
0
0
0
0
0
0
0
0
0
0
0
0
0
0
0
0
0
0
0
0
0
0
0
0
0
0
0
0
0
0
0
0
0
0
0
0
0
0
0
0
0
0
0
0
0
0
0
0
0
0
0
0
0
0
0
0
0
0
0
0
0
0
0
0
0
0
0
0
0
0
0
0
0
0
0
0
0
0
0
0
0
0
0
0
0
0
0
0
0
0
0
0
0
0
0
0
0
0
0
0
0
0
0
0
0
0
0
0
0
0
0
0
0
0
0
0
0
0
0
0
0
0
0
0
0
0
0
0
0
0
0
0
0
0
0
0
0
0
0
0
0
0
0
0
0
0
0
0
0
0
0
0
0
0
0
0
0
0
0
0
0
0
0
0
0
0
0
0
0
0
0
0
0
0
0
0
0
0
0
0
0
0
0
0
0
0
0
0
0
0
0
0
0
0
0
0
0
0
0
0
0
0
0
0
0
0
0
0
0
0
0
0
0
0
0
0
0
0
0
0
0
0
0
0
0
0
0
0
0
0
0
0
0
0
0
0
0
0
0
0
0
0
0
0
0
0
0
0
0
0
0
0
0
0
0
0
0
0
0
0
0
0
0
0
0
0
0
0
0
0
0
0
0
0
0
0
0
0
0
0
0
0
0
0
0
0
0
0
0
0
0
0
0
0
0
0
0
0
0
0
0
0
0
0
0
0
0
0
0
0
0
0
0
0
0
0
0
0
0
0
0
0
0
0
0
0
0
0
0
0
0
0
0
0
0
0
0
0
0
0
0
0
0
0
0
0
0
0
0
0
0
0
0
0
0
0
0
0
0
0
0
0
0
0
0
0
0
0
0
0
0
0
0
0
0
0
0
0
0
0
0
0
0
0
0
0
0
0
0
0
0
0
0
0
0
0
0
0
0
0
0
0
0
0
0
0
0
0
0
0
0
0
0
0
0
0
0
0
0
0
0
0
0
0
0
0
0
0
0
0
0
0
0
0
0
0
0
0
0
0
0
0
0
0
0
0
0
0
0
0
0
0
0
0
0
0
0
0
0
0
0
0
0
0
0
0
0
0
0
0
0
0
0
0
0
0
0
0
0
0
0
0
0
0
0
0
0
0
0
0
0
0
0
0
0
0
0
0
0
0
0
0
0
0
0
0
0
0
0
0
0
0
0
0
0
0
0
0
0
0
0
0
0
0
0
0
0
0
0
0
0
0
0
0
0
0
0
0
0
0
0
0
0
0
0
0
0
0
0
0
0
0
0
0
0
0
0
0
0
0
0
0
0
0
0
0
0
0
0
0
0
0
0
0
0
0
0
0
0
0
0
0
0
0
0
0
0
0
0
0
0
0
0
0
0
0
0
0
0
0
0
0
0
0
0
0
0
0
0
0
0
0
0
0
0
0
0
0
0
0
0
0
0
0
0
0
0
0
0
0
0
0
0
0
0
0
0
0
0
0
0
0
0
0
0
0
0
0
0
0
0
0
0
0
0
0
0
0
0
0
0
0
0
0
0
0
0
0
0
0
0
0
0
0
0
0
0
0
0
0
0
0
0
0
0
0
0
0
0
0
0
0
0
0
0
0
0
0
0
0
0
0
0
0
0
0
0
0
0
0
0
0
0
0
0
0
0
0
0
0
0
0
0
0
0
0
0
0
0
0
0
0
0
0
0
0
0
0
0
0
0
0
0
0
0
0
0
0
0
0
0
0
0
0
0
0
0
0
0
0
0
0
0
0
0
0
0
0
0
0
0
0
0
0
0
0
0
0
0
0
0
0
0
0
0
0
0
0
0
0
0
0
0
0
0
0
0
0
0
0
0
0
0
0
0
0
0
0
0
0
0
0
0
0
0
0
0
0
0
0
0
0
0
0
0
0
0
0
0
0
0
0
0
0
0
0
0
0
0
0
0
0
0
0
0
0
0
0
0
0
0
0
0
0
0
0
0
0
0
0
0
0
0
0
0
0
0
0
0
0
0
0
0
0
0
0
0
0
0
0
0
0
0
0
0
0
0
0
0
0
0
0
0
0
0
0
0
0
0
0
0
0
0
0
0
0
0
0
0
0
0
0
0
0
0
0
0
0
0
0
0
0
0
0
0
0
0
0
0
0
0
0
0
0
0
0
0
0
0
0
0
0
0
0
0
0
0
0
0
0
0
0
0
0
0
0
0
0
0
0
0
0
0
0
0
0
0
0
0
0
0
0
0
0
0
0
0
0
0
0
0
0
0
0
0
0
0
0
0
0
0
0
0
0
0
0
0
0
0
0
0
0
0
0
0
0
0
0
0
0
0
0
0
0
0
0
0
0
0
0
0
0
0
0
0
0
0
0
0
0
0
0
0
0
0
0
0
0
0
0
0
0
0
0
0
0
0
0
0
0
0
0
0
0
0
0
0
0
0
0
0
0
0
0
0
0
0
0
0
0
0
0
0
0
0
0
0
0
0
0
0
0
0
0
0
0
0
0
0
0
0
0
0
0
0
0
0
0
0
0
0
0
0
0
0
0
0
0
0
0
0
0
0
0
0
0
0
0
0
0
0
0
0
0
0
0
0
0
0
0
0
0
0
0
0
0
0
0
0
0
0
0
0
0
0
0
0
0
0
0
0
0
0
0
0
0
0
0
0
0
0
0
0
0
0
0
0
0
0
0
0
0
0
0
0
0
0
0
0
0
0
0
0
0
0
0
0
0
0
0
0
0
0
0
0
0
0
0
0
0
0
0
0
0
0
0
0
0
0
0
0
0
0
0
0
0
0
0
0
0
0
0
0
0
0
0
0
0
0
0
0
0
0
0
0
0
0
0
0
0
0
0
0
0
0
0
0
0
0
0
0
0
0
0
0
0
0
0
0
0
0
0
0
0
0
0
0
0
0
0
0
0
0
0
0
0
0
0
0
0
0
0
0
0
0
0
0
0
0
0
0
0
0
0
0
0
0
0
0
0
0
0
0
0
0
0
0
0
0
0
0
0
0
0
0
0
0
0
0
0
0
0
0
0
0
0
0
0
0
0
0
0
0
0
0
0
0
0
0
0
0
0
0
0
0
0
0
0
0
0
0
0
0
0
0
0
0
0
0
0
0
0
0
0
0
0
0
0
0
0
0
0
0
0
0
0
0
0
0
0
0
0
0
0
0
0
0
0
0
0
0
0
0
0
0
0
0
0
0
0
0
0
0
0
0
0
0
0
0
0
0
0
0
0
0
0
0
0
0
0
0
0
0
0
0
0
0
0
0
0
0
0
0
0
0
0
0
0
0
0
0
0
0
0
0
0
0
0
0
0
0
0
0
0
0
0
0
0
0
0
0
0
0
0
0
0
0
0
0
0
0
0
0
0
0
0
0
0
0
0
0
0
0
0
0
0
0
0
0
0
0
0
0
0
0
0
0
0
0
0
0
0
0
0
0
0
0
0
0
0
0
0
0
0
0
0
0
0
0
0
0
0
0
0
0
0
0
0
0
0
0
0
0
0
0
0
0
0
0
0
0
0
0
0
0
0
0
0
0
0
0
0
0
0
0
0
0
0
0
0
0
0
0
0
0
0
0
0
0
0
0
0
0
0
0
0
0
0
0
0
0
0
0
0
0
0
0
0
0
0
0
0
0
0
0
0
0
0
0
0
0
0
0
0
0
0
0
0
0
0
0
0
0
0
0
0
0
0
0
0
0
0
0
0
0
0
0
0
0
0
0
0
0
0
0
0
0
0
0
0
0
0
0
0
0
0
0
0
0
0
0
0
0
0
0
0
0
0
0
0
0
0
0
0
0
0
0
0
0
0
0
0
0
0
0
0
0
0
0
0
0
0
0
0
0
0
0
0
0
0
0
0
0
0
0
0
0
0
0
0
0
0
0
0
0
0
0
0
0
0
0
0
0
0
0
0
0
0
0
0
0
0
0
0
0
0
0
0
0
0
0
0
0
0
0
0
0
0
0
0
0
0
0
0
0
0
0
0
0
0
0
0
0
0
0
0
0
0
0
0
0
0
0
0
0
0
0
0
0
0
0
0
0
0
0
0
0
0
0
0
0
0
0
0
0
0
0
0
0
0
0
0
0
0
0
0
0
0
0
0
0
0
0
0
0
0
0
0
0
0
0
0
0
0
0
0
0
0
0
0
0
0
0
0
0
0
0
0
0
0
0
0
0
0
0
0
0
0
0
0
0
0
0
0
0
0
0
0
0
0
0
0
0
0
0
0
0
0
0
0
0
0
0
0
0
0
0
0
0
0
0
0
0
0
0
0
0
0
0
0
0
0
0
0
0
0
0
0
0
0
0
0
0
0
0
0
0
0
0
0
0
0
0
0
0
0
0
0
0
0
0
0
0
0
0
0
0
0
0
0
0
0
0
0
0
0
0
0
0
0
0
0
0
0
0
0
0
0
0
0
0
0
0
0
0
0
0
0
0
0
0
0
0
0
0
0
0
0
0
0
0
0
0
0
0
0
0
0
0
0
0
0
0
0
0
0
0
0
0
0
0
0
0
0
0
0
0
0
0
0
0
0
0
0
0
0
0
0
0
0
0
0
0
0
0
0
0
0
0
0
0
0
0
0
0
0
0
0
0
0
0
0
0
0
0
0
0
0
0
0
0
0
0
0
0
0
0
0
0
0
0
0
0
0
0
0
0
0
0
0
0
0
0
0
0
0
0
0
0
0
0
0
0
0
0
0
0
0
0
0
0
0
0
0
0
0
0
0
0
0
0
0
0
0
0
0
0
0
0
0
0
0
0
0
0
0
0
0
0
0
0
0
0
0
0
0
0
0
0
0
0
0
0
0
0
0
0
0
0
0
0
0
0
0
0
0
0
0
0
0
0
0
0
0
0
0
0
0
0
0
0
0
0
0
0
0
0
0
0
0
0
0
0
0
0
0
0
0
0
0
0
0
0
0
0
0
0
0
0
0
0
0
0
0
0
0
0
0
0
0
0
0
0
0
0
0
0
0
0
0
0
0
0
0
0
0
0
0
0
0
0
0
0
0
0
0
0
0
0
0
0
0
0
0
0
0
0
0
0
0
0
0
0
0
0
0
0
0
0
0
0
0
0
0
0
0
0
0
0
0
0
0
0
0
0
0
0
0
0
0
0
0
0
0
0
0
0
0
0
0
0
0
0
0
0
0
0
0
0
0
0
0
0
0
0
0
0
0
0
0
0
0
0
0
0
0
0
0
0
0
0
0
0
0
0
0
0
0
0
0
0
0
0
0
0
0
0
0
0
0
0
0
0
0
0
0
0
0
0
0
0
0
0
0
0
0
0
0
0
0
0
0
0
0
0
0
0
0
0
0
0
0
0
0
0
0
0
0
0
0
0
0
0
0
0
0
0
0
0
0
0
0
0
0
0
0
0
0
0
0
0
0
0
0
0
0
0
0
0
0
0
0
0
0
0
0
0
0
0
0
0
0
0
0
0
0
0
0
0
0
0
0
0
0
0
0
0
0
0
0
0
0
0
0
0
0
0
0
0
0
0
0
0
0
0
0
0
0
0
0
0
0
0
0
0
0
0
0
0
0
0
0
0
0
0
0
0
0
0
0
0
0
0
0
0
0
0
0
0
0
0
0
0
0
0
0
0
0
0
0
0
0
0
0
0
0
0
0
0
0
0
0
0
0
0
0
0
0
0
0
0
0
0
0
0
0
0
0
0
0
0
0
0
0
0
0
0
0
0
0
0
0
0
0
0
0
0
0
0
0
0
0
0
0
0
0
0
0
0
0
0
0
0
0
0
0
0
0
0
0
0
0
0
0
0
0
0
0
0
0
0
0
0
0
0
0
0
0
0
0
0
0
0
0
0
0
0
0
0
0
0
0
0
0
0
0
0
0
0
0
0
0
0
0
0
0
0
0
0
0
0
0
0
0
0
0
0
0
0
0
0
0
0
0
0
0
0
0
0
0
0
0
0
0
0
0
0
0
0
0
0
0
0
0
0
0
0
0
0
0
0
0
0
0
0
0
0
0
0
0
0
0
0
0
0
0
0
0
0
0
0
0
0
0
0
0
0
0
0
0
0
0
0
0
0
0
0
0
0
0
0
0
0
0
0
0
0
0
0
0
0
0
0
0
0
0
0
0
0
0
0
0
0
0
0
0
0
0
0
0
0
0
0
0
0
0
0
0
0
0
0
0
0
0
0
0
0
0
0
0
0
0
0
0
0
0
0
0
0
0
0
0
0
0
0
0
0
0
0
0
0
0
0
0
0
0
0
0
0
0
0
0
0
0
0
0
0
0
0
0
0
0
0
0
0
0
0
0
0
0
0
0
0
0
0
0
0
0
0
0
0
0
0
0
0
0
0
0
0
0
0
0
0
0
0
0
0
0
0
0
0
0
0
0
0
0
0
0
0
0
0
0
0
0
0
0
0
0
0
0
0
0
0
0
0
0
0
0
0
0
0
0
0
0
0
0
0
0
0
0
0
0
0
0
