0
0
-5.274469280663303e-07
0
0.005285287211195684
0
0.014535399451340452
0.0015280097405012036
0.001609866818562362
0.0013900908573207659
0.027963373271550428
0
0.0009890849143830054
0.0009736696155155691
0
0
0
0
0
0
0
0
0.03113125465702001
0
0.0011812864204526193
0
0
0
0
0
0
0.002596519702891887
0
0
0.0018944874283769785
0.0033988088860193986
0
0
0
0
0
0
0
0
0
0
0.0022147060882266624
0
0
0.0008266800817122688
0.0011065428759275907
0
0
0.004048751894536407
0.0021666213334621477
0
0
0.0019259253283937252
0.003169512082071733
0
0
0.0007167285832558542
0.002000824442171679
0
0
0
0
0
0.0010577344047112934
0.00491149469741383
0.0015414320338014876
0
0
0.005957479282354563
0
0
0
0
0
0
0
0
0
0
0.008519045300220752
0
0
0
0
0
0
0
0
0.0024893096411368813
0.016598623391130576
0
0
0.0032446666637124754
0
0
0.001053030187226405
0
0.0028476122138062763
0
0
0.003066806427808005
0
0.0012175875237425081
0
0
0
0
0
0
0
0
0
0
0
0.0015724043244495175
0
0
0
0
0.0012782384137047206
0
0.0031937909973797315
0
0
0.0008935604352884305
0.0010048527526836809
0
0
0.0013992871111876879
0
0
0
0
0.003968578503425123
0
0
0
0
0
0
0
0
0.001513487331263846
0
0
0
0.004785647496806577
0
0
0.0013187601019293976
0.002445126573480554
0
0
0
0
0
0
0
0
0
0.0015599381969841676
0.012770046563550238
0
0
0
0
0
0
0
0
0.0013135713206997436
0
0.0010780777906126999
0
0
0
0.0009324333643035484
0
0.0052655100612011944
0
0
0
0
0
0.001366081844215184
0
0.002074605304137712
0
0
0
0.017505343703247588
0
0
0.00812984576550713
0
0.00046360942134644273
0.007817521893203396
0
0.014561956786191047
0
0
0.0014709630057942573
0
0
0.003571410442442213
0
0.001609866818562362
0.0015620558611743874
0
0
0
0
0.002656371284888819
0
0
0
0
0
0.0009854101988035126
0
0
0.0019085820189971277
0
0
0
0
0
0.0020491227663227756
0
0
0.006181804464567734
0
0
0
0
0
0.000840969330108837
0
0
0.0010855220591316143
0.0012621357912986774
0
0
0
0
0
0
0
0
0.0010752220121143332
0
0
0
0
0
0
0
0
0
0.0012482704575660184
0.0010680933966153298
0
0
0
0
0
0
0
0
0.002766535833434857
0
0
0.0009065715989966871
0.005504319668975964
0
0.005461610147617819
0
0
0.0006392994282702062
0
0.000774331561040137
0
0
0.0009125128638641033
0
0
0
0
0
0
0
0.0013246404822069577
0.0010042937614712028
0
0.0005034851583523957
0
0.0023357950937026614
0
0
0
0.001682556838588151
0
0
0
0
0.002793758564782984
0
0
0
0
0.0020838578275405714
0
0.0014474253033877505
0
0
0
0
0
0.0025778092872207185
0
0
0.0010470974409585532
0
0
0
0.005721278537611508
0
0.003955098258004402
0.003947444267885041
0
0.002032554490498814
0
0
0.004180780128266804
0.0024031069617099945
0
0
0
0
0
0
0
0
0
0
0
0.0006375206231667063
0
0.0025416046563812877
0
0.0008259404468655381
0.0025475055055491484
0
0
0
0.000637372905857171
0
0.0009235406473335241
0
0
0
0.00496404620945834
0
0.0028423462180920773
0
0
0
0.0009492919188396821
0
0.013023653292991775
0
0
0
0
0
0
0.0008861840046561825
0.0027844889050861765
0
0
0
0
0
0
0
0.0018876734658996258
0
0.0013784172956531643
0.0013395449891904763
0
0
0
0
0.0033442609879812167
0
0.0006195045744298587
0
0.002194486404814886
0
0
0
0.0010766701102898212
0
0.002725055992233869
0
0
0
0.0007666748802893696
0
0
0
0
0
0
0
0
0
0
0.0020612841460848435
0
0
0
0.002661833919949248
0
0
0.003712977209254362
0
0.00539285334611837
0
0.0007306658072884685
0
0.0008761775476115384
0.002837307606470961
0
0
0
0
0
0
0
0.0011668889092780587
0
0
0
0.0014262818118783798
0
0
0.0031432578308283336
0
0
0
0.0016222662981310015
0.0010269801333986435
0
0
0.0021821156781093357
0.0035601408474725017
0
0
0.0006506846232372144
0
0
0
0
0.0012551160214611147
0.000954837071755844
0
0
0
0.010209792651982647
0
0
0.0027244304006711407
0
0
0
0
0.0008345571947770712
0.011684970243243895
0
0
0.0010550364656620134
0
0
0
0.002513011515490482
0.002036064942243823
0
0
0.004188389763834213
0
0
0
0
0
0
0.0013101655728866954
0
0.0007314954682716287
0.0006157924447243538
0.0020612841460848435
0
0.001585863680082464
0
0
0.004108883556439997
0
0
0.0005922449001861036
0.006540341281150778
0
0
0
0
0
0
0
0
0
0
0
0
0
0.0017615566090668198
0.0008139196583031571
0.002471700759663266
0.004889880662803854
0.039650483103772775
0
0.00043851502482717184
0.03930020032691957
0.004683762758826323
0.0027886531288399976
0
0.00034458796477317133
0.0005474371715586874
0.0005665229893612027
0
0
0
0
0
0.0008447014556096147
0.0015520703397598052
0.0016217120799649294
0
0
0.0007099265249414795
0
0
0.0015267815385062876
0
0.0007530919431210883
0.0021650794748953855
0
0
0.0007993307309189906
0
0
0
0
0
0
0
0
0
0
0.0005233629803883862
0.0018618423801928902
0.0016777655963661987
0
0.000550977351691925
0.0010590933339074467
0.0008428290814376423
0.00128588051095971
0.0007508546066969632
0.0020752383143723798
0.009607999541053881
0
0
0
0
0
0.0006716054718969397
0
0
0
0
0
0.0008876435957277454
0.0004810620250273304
0.0009022945820212484
0
0
0
0
0
0
0
0
0
0.0008378973376838751
0.0010273382857131455
0
0
0
0
0.0014764482899910691
0
0.0019750080772024327
0
0.000732953406344471
0
0
0.002450136773735104
0
0
0.0021884703138857083
0.0016461577781766525
0.005125079582074712
0.0011521858522506485
0.0008434517951760286
0
0
0.0053748742983057455
0
0
0
0
0
0.001460503821266463
0.0009161400287864499
0
0.0043848866089790444
0.0015952158322688592
0.0010925342719335408
0
0.001072317754752461
0
0.0017864288475957404
0.0010200819591485327
0
0
0.007589705125337965
0
0
0
0
0.0017833955077535305
0
0
0.001134620860564816
0.0013054760581578235
0
0
0
0
0
0
0
0
0.0008969452884172069
0
0
0
0
0.0011257833594915097
0
0.0026202340756134577
0
0
0
0.0015816564590749155
0
0.0005867821064492265
0
0.001517025826791144
0
0.00188950922294335
0.0021264215093137486
0.000851356693316822
0.0016969695322789744
0
0.0013674777314567673
0.002952474881727518
0
0
0
0.007810984424470799
0
0
0
0.0016862805251950082
0
0.0025416046563812877
0
0
0
0
0
0.0005376980039407099
0
0
0
0
0
0
0
0.0010203902809366586
0
0
0
0
0
0
0
0
0
0.0008880097033713487
0.0027819502950989805
0
0
0
0
0
0
0.0038381789193590306
0.0007837088132737687
0
0
0.002811625310181066
0
0.0021621211614380694
0
0.002285015135308886
0.0010432119954739353
0
0
0
0
0.003912283000943437
0
0.0008611516418566592
0
0
0
0
0
0
0
0.0012045894760246958
0
0
0.0013443550628813882
0.004154988313569102
0
0
0
0.0008872779733164161
0
0
0
0
0.001984548213539018
0
0.002704252678571988
0
0
0
0
0
0
0
0
0
0
0
0
0
0.002847875756519046
0
0
0
0
0.004109787193707941
0
0.0012843350611531803
0.0012045894760246958
0
0
0
0
0
0
0.000689030499890804
0
0.010420289841930393
0
0
0.0008265261414994907
0
0
0
0
0
0
0.002392808722931498
0.0008042875851704045
0
0
0.00436090793775499
0
0
0
0.005184277226821877
0
0
0
0
0
0
0
0
0
0
0
0
0
0.001577039493739458
0.0009619290322276253
0.0014533488066255588
0.00047215715639083595
0
0
0.0014547437854062239
0
0
0
0
0
0
0.0011057350801264628
0.0014955050211646836
0
0
0
0
0
0
0
0
0
0
0
0
0
0
0
0
0
0
0
0
0
0
0
0.001053030187226405
0
0
0
0
0
0
0.0016340353648984815
0.0010412896039384615
0
0
0.002449888563116554
0
0
0
0
0.0025748693351432847
0
0
0.0013301045599386516
0
0
0
0.001134620860564816
0
0
0
0
0
0
0.0037487135324280295
0
0.0015744911098187436
0
0
0
0
0
0
0
0
0
0
0
0
0
0
0
0
0.0010203902809366586
0
0
0
0
0
0
0
0
0.005440809549014507
0
0
0
0
0.0007245216319480208
0
0
0
0
0
0
0
0
0
0
0
0
0
0
0
0.000851677649803249
0
0
0.003521686652613855
0
0
0.025508374509735223
0
0
0.0018107970960686676
0
0
0
0
0
0
0
0
0
0
0
0
0
0.001140962796626802
0
0
0
0
0
0
0
0
0
0
0
0.0006372252676042676
0.002724317585700747
0
0
0
0
0
0
0
0
0.0008575196531167131
0
0
0
0.0006638574171825674
0.0014186538032354805
0.0017516536022640714
0
0
0
0
0
0
0
0
0.0016000135543962713
0
0
0
0
0
0
0.0009653020602468143
0.0027939182948466226
0
0
0
0
0
0
0.0030545726244423986
0
0
0
0
0
0.0014531090460237924
0
0
0
0
0
0
0
0
0
0
0.0041818703778203304
0
0
0
0.0011867136158241673
0.0009113143301802383
0
0.0023559261984958113
0
0
0.0009761797517514625
0
0
0
0
0
0
0
0
0
0
0.001231228427304986
0.001895886715829157
0
0
0
0
0
0
0.0032747556174379674
0
0
0.0018100172738357591
0
0
0
0
0
0
0
0.0006922548984450618
0
0
0.0007455578922537585
0.0011258066261354087
0
0
0
0.0025483162708622876
0
0
0
0
0
0.0008300666658502606
0.005238220614400057
0
0.0007051652388331955
0
0
0
0
0
0
0
0
0
0
0
0
0
0
0
0
0
0
0
0
0
0
0
0
0
0
0
0
0
0
0
0
0
0
0
0
0
0
0
0
0
0
0
0.0008675399581808607
0
0
0.0019942562200992273
0
0.005488632685041715
0
0
0
0
0
0
0
0
0
0
0
0
0
0.0007325360657671937
0
0
0
0
0
0
0
0
0.0011106177220849183
0
0
0
0
0.0008007939126624536
0.0010337312662313954
0
0
0
0
0.0019248167512958248
0
0
0
0.0009955006004972859
0
0
0.002122288724911455
0
0
0
0.0019179941088620328
0
0
0.016501405251585676
0.0010156946429864709
0
0
0
0
0.0006370777083234209
0
0
0
0.0021650794748953855
0
0
0
0.0010645969991265772
0
0
0
0.0011802979297098868
0.008126143590435066
0
0
0
0.0033821547410868243
0
0
0
0
0
0
0.001876171164718805
0.0017864288475957404
0
0
0
0
0
0
0
0
0.0011541015687617688
0
0.0017243010799985333
0
0
0
0.01715932016682584
0
0
0
0
0.0019433556459423176
0
0
0
0
0
0.001087025398377839
0
0
0
0.0008108560399824647
0
0
0
0
0
0
0
0
0.000898843864864915
0
0
0.0009797327621966104
0.0013183660860014673
0
0
0
0
0.0009350276975526459
0.001049718477958316
0
0
0
0
0
0.0016431738618207848
0
0
0
0.002527122876477875
0
0
0
0
0
0.0068978713916245885
0.0010985694287048739
0
0
0
0.0008768803812884483
0.0031551021866977405
0
0
0
0.0009105181909004769
0
0.0009971281100496136
0
0
0
0
0
0
0
0
0
0
0
0
0
0
0
0.0022146724349866036
0
0
0
0
0
0
0
0
0
0
0
0
0
0.0016842567680655626
0
0
0
0
0
0
0
0
0
0
0
0
0
0
0
0
0
0
0
0
0.0016977161236985095
0
0
0
0
0
0
0.00108328230066582
0
0
0
0
0
0
0
0
0
0
0.0006719400529797562
0
0
0
0.0016391571316866466
0
0
0
0
0.0010059741447521415
0
0
0.002812939982748076
0.0011155883442925535
0.0009896138926255632
0
0
0
0
0
0
0
0.002023301038573943
0.0011910751623142755
0
0
0
0
0
0
0
0
0
0
0
0
0
0
0
0
0
0
0
0
0
0
0
0
0.0019335207306581243
0
0
0
0.002174050796755678
0
0
0
0
0
0
0
0
0
0
0
0
0
0
0
0
0
0
0
0
0
0
0
0
0
0
0
0
0
0.0051542054011999095
0
0
0
0
0
0
0.0013068013596194352
0
0
0
0.006259656882370785
0
0.0023481197654627835
0
0.001641732442595974
0
0
0
0
0
0
0
0
0
0
0.0008611516418566592
0
0
0
0
0
0
0
0
0
0
0
0
0
0
0
0
0
0.003750586643664102
0
0.005207281911483391
0.0012469214961055516
0.005268078565849161
0
0.0014865525810393173
0
0
0
0
0
0
0
0
0
0
0
0
0
0
0
0
0.0012442432025532866
0.00665630422856015
0
0
0
0
0
0
0
0.008510905100729639
0
0
0
0
0
0
0
0
0
0
0
0
0.001157000321202711
0
0
0
0
0.0008585054626314344
0
0
0
0
0
0
0
0
0
0
0
0
0
0
0
0.0010300283640708049
0
0
0
0
0
0
0
0
0
0
0
0
0.001368358201361286
0
0
0
0
0
0
0
0
0
0
0
0
0.005040264810283203
0
0
0.0011310613006100829
0
0
0
0.0010192088569940375
0
0
0
0
0
0
0.0010281953867691033
0
0
0
0.008551875644654462
0
0.0010477503692372472
0
0
0
0
0
0
0
0
0
0
0
0
0
0
0
0
0
0
0
0
0
0
0
0
0.0008954357794853466
0
0
0
0
0.0010862727046804035
0.0008465866251485293
0
0
0
0
0
0
0.0033004373630222943
0.004851159206460384
0
0
0
0
0
0
0
0
0
0
0
0
0
0
0
0
0
0.0035798462119086827
0
0.003870947476990868
0
0
0
0
0.002388784362127476
0
0
0
0
0.001650128459845051
0
0
0
0
0
0
0.03257129823046107
0
0
0.0021114169615573403
0
0.0025357662512334052
0.005983129471156786
0
0
0
0
0
0.0016408750079201803
0
0
0
0
0
0.0018546335300659873
0
0
0
0.005585103293392867
0
0
0
0
0
0
0.005705127247513519
0.0007991962514267049
0.0009294371603224161
0
0
0
0
0
0
0
0
0
0
0.0009026806731535031
0
0
0
0
0
0
0
0
0
0
0
0
0
0
0.001237659069751454
0
0
0
0
0.0011155883442925535
0
0
0
0
0
0.0010209828957058419
0
0.0011689098858551823
0
0
0
0
0
0
0
0
0
0
0
0
0
0
0
0
0
0
0
0
0
0
0
0
0
0
0
0
0
0
0
0
0
0.0009885569485396167
0
0
0
0
0
0.0013833894248879261
0
0.0010825397374476927
0
0
0.0012708023281906438
0
0
0
0
0
0
0
0.001087025398377839
0
0
0
0
0
0
0
0
0
0
0.0009525130304705333
0
0.004880160600972499
0
0
0
0
0
0.0015170468912185792
0.0011845584324485002
0.0007495208632336298
0
0
0
0
0
0
0
0
0
0
0.0021924433044895222
0
0
0
0
0
0
0
0
0
0
0
0
0
0
0.0018537892695524604
0
0.0024284239640323963
0
0
0
0
0
0
0
0.001978169828766011
0
0
0
0
0
0
0
0
0
0
0
0
0
0
0
0
0
0.007638681903221478
0
0
0
0
0
0
0
0
0
0
0.0008581764678769178
0
0
0
0
0
0
0
0
0
0
0.005650892706180523
0
0
0
0.012504616480557142
0
0
0
0
0.0011418808076868504
0
0.0072809678498344625
0
0
0
0
0
0
0.0011041265503855544
0
0
0
0.012750982838427632
0.0014186538032354805
0
0
0
0.002281925593253604
0
0
0
0.0018958457470078449
0
0
0
0
0
0
0
0
0
0
0
0
0
0
0
0
0
0
0
0
0
0.0009206389910049116
0
0
0
0.0010145331167695484
0.006468755101078254
0
0
0
0
0.0007890310761523009
0
0
0
0
0
0
0
0
0.001851264211882164
0
0.0029066976132511176
0
0.0008351614930887454
0
0
0
0
0
0
0
0
0
0
0
0
0
0
0
0
0
0
0
0
0
0
0
0
0
0
0
0.02771211172722192
0
0
0
0.003317893655441618
0
0.005033296789098596
0
0
0
0
0
0
0
0
0
0
0
0
0
0
0
0
0
0
0
0
0
0
0
0.0009411777436103599
0.0011139214989253916
0
0
0
0
0
0
0
0
0
0
0
0
0
0
0
0
0
0
0
0
0
0
0
0
0
0
0
0
0
0
0
0
0
0
0
0
0
0.002719714796990061
0
0
0
0
0.0011521858522506485
0
0
0
0
0
0
0
0
0
0
0
0
0
0
0
0
0
0
0
0.013947948033186754
0.0012350687965514983
0
0
0
0
0
0
0
0
0
0
0
0
0
0
0
0
0
0
0
0
0
0
0
0
0
0
0
0.0011428018838980265
0
0
0
0
0
0
0
0
0
0
0
0
0
0.0012469214961055516
0
0
0.001051038394681995
0
0.0015637829331380403
0
0
0
0.0038860186971373073
0
0
0.003272318563913317
0
0
0
0
0
0
0.009492669523185324
0
0
0
0
0
0
0
0
0
0
0
0
0
0
0
0
0.002488486405106573
0
0
0
0.003693685281914957
0
0
0
0
0
0
0
0
0
0
0.003307582036521359
0
0
0
0
0
0
0
0.011189525575598137
0
0
0
0
0
0
0
0
0
0
0
0
0
0
0
0
0
0
0
0
0
0.0030788527037129477
0
0
0
0
0
0
0
0.0018371698160599868
0
0
0
0.0007484143151435739
0
0
0
0
0
0
0
0
0
0
0
0
0
0
0
0.0011689098858551823
0
0
0
0
0
0
0
0
0
0
0
0
0
0
0
0
0
0
0
0
0
0
0
0
0
0
0
0
0
0.00143148691099683
0.0026340392829245804
0
0
0
0
0
0
0
0
0
0
0
0
0
0
0
0
0
0
0.0013240483546487687
0
0
0
0
0
0
0
0
0
0
0
0
0
0
0.0012693388655065905
0
0
0
0
0.0010368554453643757
0
0.008573232510470014
0
0
0
0
0
0
0
0
0
0
0
0
0
0
0
0
0
0
0
0
0
0
0
0
0
0
0
0
0
0
0
0.00128588051095971
0
0
0
0
0
0
0
0
0
0
0
0
0
0
0
0
0
0
0
0
0
0
0
0
0
0
0
0
0
0
0.0019162479556925826
0
0.0010639030061342333
0
0
0
0
0
0
0
0
0
0
0
0
0
0
0
0
0
0
0
0
0
0
0
0
0
0
0
0.0014016348876478007
0
0
0
0
0
0
0
0
0
0
0.019520288676408263
0
0
0
0
0
0
0
0
0
0.0027405602916032133
0
0
0
0
0
0
0
0
0.001232502619265343
0
0
0
0
0
0
0
0
0
0
0
0
0
0.0009817837907448912
0
0
0
0
0
0
0
0
0
0
0.002425123516160985
0
0
0
0
0
0
0
0
0
0
0
0
0
0.0019504859807672418
0
0
0
0
0
0
0
0
0
0
0.0031315673436738507
0
0
0.0019248167512958248
0
0
0
0
0
0
0
0
0.0013581019246049402
0
0.0019190894596795153
0
0
0
0
0
0.003272318563913317
0
0
0
0
0
0
0
0
0
0
0
0
0
0
0
0
0
0
0.002125040471952028
0
0
0
0
0
0
0
0
0.0011849915958937745
0
0
0
0
0
0
0
0
0
0
0.023599971167041246
0
0
0
0
0
0
0
0
0
0
0
0
0.0012429137442261284
0
0
0
0
0
0
0.001224944281558277
0
0
0
0
0
0
0
0
0
0
0
0.004540717334451901
0
0
0
0
0
0
0
0
0
0
0
0
0
0.0011483938740700595
0
0
0
0
0
0
0
0
0
0
0.004300888048457333
0
0
0
0
0
0
0
0.003283464885191948
0
0
0
0
0.0014262818118783798
0
0
0
0
0
0
0.0019181406647115007
0
0
0
0
0
0
0
0
0
0
0
0
0
0
0
0
0
0
0
0
0
0
0
0
0
0
0
0.0011301785412361047
0
0
0
0
0
0
0
0
0
0
0
0
0
0
0.001509973117256279
0
0
0
0
0
0
0
0
0
0
0
0.0036419442968269565
0
0
0
0
0
0.002556476827409441
0
0
0
0
0
0
0.003748878143569031
0
0.014021219391661573
0
0
0
0
0.0016361592819566584
0
0
0
0
0
0
0
0
0
0
0
0
0
0
0
0
0
0
0
0.0029795581495341886
0
0
0
0
0
0
0
0.021539266096164432
0
0
0
0
0
0
0
0
0
0
0
0
0
0.0009716778229711588
0
0
0
0
0.00204434391637782
0
0
0
0
0
0
0
0
0
0
0
0
0
0
0.001436792114287282
0
0
0
0
0
0
0
0
0
0
0
0
0
0
0
0
0
0
0
0
0
0
0
0
0
0
0
0
0.007205912121690616
0.007433780307384772
0
0
0
0
0
0
0
0
0
0
0
0
0
0
0.005846130451621218
0
0
0
0
0
0
0
0.001413683181027845
0
0.0024938429922111032
0
0
0
0
0
0.0023932517884627143
0
0
0
0
0
0
0
0
0
0
0
0
0
0
0
0
0
0
0
0
0
0
0.0009456561223032932
0
0
0
0
0
0
0
0
0
0
0
0.0009802440914791824
0
0
0
0
0
0
0
0
0
0
0
0
0.003265610925421483
0
0
0
0
0
0
0.0016591611051122589
0
0
0
0
0
0
0
0
0
0
0
0
0
0
0
0
0
0
0
0
0
0
0
0
0
0
0
0
0
0
0
0
0
0
0
0
0
0.0011740280673436644
0
0
0
0
0
0
0.0007787337087473401
0.0027985742223753758
0
0
0
0
0
0
0
0
0
0
0
0
0
0
0
0
0
0
0
0
0
0
0
0
0
0.010923525555952425
0
0
0
0
0
0
0.0063464064282677595
0
0
0
0
0
0
0
0
0
0
0
0
0
0
0
0
0
0
0
0
0
0
0
0
0
0
0
0
0
0.007287753410165535
0
0
0
0
0
0
0
0
0.0011025273455071197
0
0
0
0
0
0
0.0010855220591316143
0
0
0
0.0014740112364664188
0
0.005001919332851699
0
0.0014930437527386812
0
0
0
0
0
0
0
0
0
0
0
0
0
0
0
0
0
0
0
0
0
0
0
0.0014505194272690927
0
0
0
0
0
0
0
0
0
0
0
0
0
0
0
0
0
0
0
0
0
0
0
0
0
0
0
0
0
0
0
0
0
0
0
0
0
0
0
0
0.003638369404845288
0
0.001210421872320919
0
0
0
0
0
0
0.0012188001062178292
0
0
0
0
0
0
0
0
0
0
0
0
0
0
0.0015206529826854351
0.0016652242517933003
0
0
0.0012607174741951135
0
0
0
0.0015206529826854351
0
0
0
0
0
0
0
0
0
0
0
0
0
0
0
0
0
0
0
0
0
0
0
0
0
0
0
0
0
0
0
0
0.003469104739879514
0
0
0
0
0
0
0
0
0
0
0
0
0.000986455132132323
0
0
0
0
0
0
0
0
0
0.0014709630057942573
0
0
0
0
0
0
0
0
0
0.007223115215269586
0
0
0
0
0
0
0.0009817837907448912
0
0
0
0
0
0
0
0
0
0
0
0
0
0
0
0
0
0
0
0
0
0
0
0
0
0
0
0
0
0.006270887265519993
0
0
0
0
0
0
0
0
0
0
0
0
0
0
0
0
0
0
0
0
0
0
0
0
0
0
0
0
0
0
0
0
0
0
0
0
0
0
0
0
0
0
0
0
0
0.00111642555910501
0.0016200851004052168
0
0
0
0
0
0
0
0
0
0
0
0
0
0
0
0
0
0
0
0
0
0
0
0
0
0
0
0
0
0
0
0
0
0
0
0
0
0
0.0027162038492098803
0
0
0
0
0
0
0
0
0.006750814499507399
0
0
0
0
0
0
0
0
0
0
0
0
0
0
0
0
0
0
0
0
0
0
0
0
0
0.005095011011098297
0
0
0
0
0
0
0
0
0
0
0
0
0
0
0
0.001506503108371628
0
0
0
0
0
0
0.0012607174741951135
0
0.002206651578201199
0
0
0
0
0
0
0
0
0
0
0
0
0
0
0
0
0
0
0
0
0
0
0
0
0
0
0
0
0
0
0
0
0
0
0
0
0
0
0
0
0.001381191309122636
0
0
0
0
0
0
0.002239600121484853
0
0
0
0
0
0
0
0
0
0
0
0
0
0
0
0
0
0
0
0
0
0
0
0
0
0
0
0
0
0
0
0
0
0
0
0
0
0.0019179941088620328
0
0
0
0
0
0
0
0
0.0010387470783922755
0
0
0
0
0
0
0
0
0
0
0
0
0
0.0023238006183170577
0.0010400154119781042
0
0
0
0
0
0
0
0
0.0012337827239705848
0
0
0
0
0
0
0
0
0
0
0
0
0
0
0
0.0026375202038587953
0
0
0
0
0
0
0
0
0
0
0
0
0
0
0
0
0
0
0
0
0
0
0
0
0
0
0
0
0
0
0
0
0.0017537607625768966
0
0
0
0
0
0
0
0
0
0
0
0
0
0
0
0
0
0
0
0
0
0
0
0
0
0
0
0
0
0
0
0
0
0
0
0
0
0
0
0.000789799851574971
0
0
0
0
0
0
0
0
0
0
0
0
0
0
0
0
0
0
0
0
0
0
0
0
0
0
0
0
0
0
0
0
0
0
0
0
0
0
0
0.0056577622818465845
0
0.0023005666953652636
0
0
0
0
0
0
0.0012080740958608062
0
0
0
0
0
0
0
0.008029887205412067
0
0
0.0017864288475957404
0
0
0
0
0
0
0.003586520330394253
0
0
0
0
0
0
0
0
0
0
0
0
0
0
0
0
0
0
0
0
0
0
0
0
0
0
0
0.0010659902448606651
0
0
0
0
0
0
0
0
0
0
0
0
0
0
0
0
0
0
0
0
0
0
0
0
0
0
0
0
0
0
0
0
0
0
0
0
0
0
0
0
0
0
0
0
0
0
0
0
0
0
0
0
0
0
0
0
0
0
0
0
0
0
0
0
0
0
0
0
0
0
0
0
0
0
0
0
0
0
0
0
0
0
0
0
0
0
0
0
0
0
0
0
0
0.0023198597148619514
0
0
0
0
0
0
0
0
0
0
0
0
0
0
0
0
0
0
0
0
0
0
0
0
0
0
0
0
0
0
0
0
0
0
0
0
0
0
0
0
0
0
0
0
0
0
0
0
0
0
0
0
0
0
0
0
0
0
0
0
0
0
0
0
0
0
0
0
0
0
0
0
0
0
0
0
0
0
0
0
0
0
0
0
0
0
0
0
0
0
0
0
0
0
0
0
0
0.013811913091226358
0
0
0
0
0
0
0
0
0
0
0
0
0
0
0
0
0
0
0
0
0
0
0
0
0
0
0
0
0
0
0
0
0
0
0
0
0
0
0
0
0
0
0
0
0.001051038394681995
0
0
0
0
0
0
0
0
0
0
0
0.0021073946535503448
0
0
0
0
0
0
0
0.0025874807216680023
0
0
0
0
0
0
0
0
0.0015433393546128756
0
0
0
0
0
0
0
0
0
0
0
0
0
0
0
0
0
0
0
0
0
0
0
0
0
0
0
0
0
0
0
0
0
0
0
0
0
0
0
0
0
0
0
0
0
0.0021209179810065377
0.0013018307374118
0
0
0
0
0
0
0
0
0
0
0
0
0
0.009277453282113358
0
0
0
0
0
0
0
0
0
0
0.008747382334994407
0
0
0
0
0
0
0
0
0
0
0
0
0
0
0
0
0
0.0012693388655065905
0
0
0
0
0
0
0
0
0
0
0
0.0023932517884627143
0
0
0
0
0
0
0
0
0
0
0
0
0.002454881575817198
0
0
0.002830223535713804
0
0.006194816922820643
0.010432119954739354
0
0.031819704390599245
0.0019504859807672418
0
0
0
0
0
0
0
0
0
0
0
0
0
0
0
0
0.0012469214961055516
0
0
0
0
0
0
0
0
0
0
0
0
0
0
0
0
0
0
0
0
0
0
0
0
0
0
0
0
0
0
0
0
0
0
0.0015513359165089452
0
0
0
0
0
0
0
0
0
0.0018165527902067726
0
0
0
0
0
0
0
0.001968289710736227
0
0
0
0
0
0.010337202986607457
0
0
0
0
0
0
0
0
0
0
0
0
0
0
0
0
0
0
0
0.011824922385642152
0
0
0
0
0
0
0
0
0
0
0
0
0
0
0
0
0
0
0
0
0
0
0
0
0
0
0
0
0
0
0
0
0
0
0
0
0
0
0
0
0
0
0
0
0
0
0
0
0
0
0
0.0014040028169419775
0
0
0
0
0
0
0
0
0
0
0
0
0
0
0
0
0
0
0
0
0
0
0
0
0
0
0
0.0010294160173843737
0
0
0
0
0
0
0
0
0
0
0
0
0
0
0
0
0
0
0
0
0
0
0
0
0
0
0
0
0
0
0
0
0
0
0
0
0
0
0
0
0
0
0
0.0013443550628813882
0
0
0
0
0
0
0
0
0
0
0
0
0
0
0
0
0
0
0
0
0
0
0
0
0
0
0
0
0
0
0
0
0
0
0
0
0
0
0
0
0
0
0
0
0
0
0
0
0
0
0
0
0
0
0
0
0
0
0
0
0
0
0.001647420521824315
0
0
0
0
0
0
0
0
0
0
0
0
0
0
0
0
0
0
0
0
0
0
0
0
0
0
0
0
0
0
0
0
0
0
0
0
0
0
0
0
0
0
0
0
0
0
0
0
0
0
0
0
0
0.0013135713206997436
0
0.001609866818562362
0
0
0
0
0
0
0
0
0
0
0
0
0
0
0
0
0
0
0
0
0
0
0
0
0
0
0
0
0
0
0
0
0
0
0
0
0
0
0
0
0.0023439387712657625
0
0
0
0
0
0
0
0
0
0
0
0
0
0
0
0
0
0
0
0
0
0
0
0
0
0
0
0
0
0
0
0
0.001124077077717865
0
0
0
0
0
0
0
0
0
0
0
0
0
0
0
0
0
0
0
0
0
0
0
0.004004817183372889
0
0
0.001647420521824315
0
0
0
0
0.001140962796626802
0
0
0
0
0
0
0
0
0
0
0
0
0
0
0
0
0
0
0
0
0.004413303156402398
0
0
0
0
0.0011910751623142755
0
0
0
0
0
0
0
0
0
0
0
0
0
0
0
0
0
0
0
0
0
0
0
0
0
0
0
0
0
0
0
0
0
0
0
0
0
0
0
0
0
0
0
0
0
0
0
0
0
0
0
0
0
0
0
0
0
0
0
0
0
0
0
0
0
0
0
0
0
0
0
0
0
0
0
0
0
0
0
0
0
0
0
0
0
0
0
0
0
0
0
0
0
0
0
0
0
0.0019179941088620328
0
0
0
0
0
0
0
0
0
0
0
0
0
0
0
0
0
0
0
0
0
0
0
0
0.0012415906622224061
0
0
0
0
0
0
0
0
0
0
0.0018503741204391403
0
0
0
0.0014161572968851583
0
0
0
0
0
0
0
0
0
0
0
0.004098828640799404
0
0
0
0
0
0
0
0
0
0
0
0
0
0
0
0
0
0
0
0
0
0
0
0
0.013443550628813881
0
0
0
0
0
0
0
0
0
0
0
0
0
0
0
0
0
0
0
0
0
0
0
0
0
0
0
0
0
0
0
0
0
0
0
0
0
0
0.0012678831256167026
0
0
0
0
0
0
0
0
0
0
0
0
0
0
0
0
0
0
0
0
0
0
0
0
0
0
0
0
0
0
0
0
0
0
0
0
0
0
0.00307113615641654
0.001796109211681608
0
0
0
0
0
0
0
0
0
0
0
0
0
0
0
0
0
0
0
0
0
0
0
0
0
0
0
0
0
0
0
0.001968289710736227
0
0
0
0
0
0
0
0
0
0
0
0
0
0
0
0
0
0
0
0
0
0
0
0
0
0
0
0
0
0
0
0
0
0
0
0
0
0
0
0
0
0
0
0
0
0
0
0
0
0.0027082077072498436
0
0
0
0
0
0
0
0
0
0
0
0
0
0
0
0
0
0
0
0
0
0
0
0
0
0
0
0
0
0
0
0
0
0
0
0
0
0
0
0
0
0
0
0
0
0
0
0
0
0
0
0.0013152900930447464
0
0
0
0
0
0
0
0
0
0
0
0
0
0
0
0
0
0.0010393805162571997
0
0
0
0
0
0
0
0
0
0
0
0
0
0
0
0
0
0
0
0
0
0
0
0
0
0
0
0
0
0
0
0
0
0
0
0
0
0
0
0
0
0
0
0
0
0
0
0
0
0
0
0
0
0
0
0
0
0
0
0
0
0
0
0
0
0
0
0
0
0
0
0
0.0028127824960870527
0
0
0
0
0
0
0
0
0.002036064942243823
0
0
0
0
0
0
0
0
0
0
0
0
0
0
0
0
0
0
0
0.007695495375520832
0.001671423660304213
0
0
0
0
0
0
0
0
0
0
0
0
0
0
0
0
0
0.0017047003465907274
0
0.002007765805533654
0
0
0
0
0
0
0
0
0
0.0014016348876478007
0
0
0
0
0
0
0
0
0
0
0
0
0
0
0
0
0
0
0
0
0.001719222755828085
0
0
0
0
0
0
0
0
0
0
0
0
0
0
0
0
0
0
0
0
0
0
0
0.0009053985480343338
0
0
0
0
0
0
0
0
0
0
0
0
0
0
0
0
0
0
0
0
0
0.001750953000090016
0
0
0.0014802106449773313
0
0
0
0
0
0
0
0
0
0
0
0
0.002029846552478078
0
0
0
0
0
0
0
0
0
0
0
0
0
0
0
0
0
0
0
0
0
0
0
0
0
0
0
0
0
0
0
0
0
0
0
0
0
0
0
0
0
0
0
0
0
0
0
0
0
0
0.006255131732552161
0
0
0
0
0
0
0
0
0
0
0.001381191309122636
0
0
0
0
0
0
0
0
0
0.007320108253653098
0
0
0
0
0
0
0
0
0
0
0
0
0
0.001585863680082464
0
0.001005412878904476
0
0
0
0
0
0
0
0
0
0
0
0
0
0
0
0
0
0
0
0
0
0
0
0
0
0
0
0
0
0
0
0
0
0
0
0
0
0
0
0
0
0
0
0
0
0
0
0
0
0
0
0
0
0
0
0
0
0
0.003283464885191948
0
0
0
0
0
0
0
0
0
0
0
0
0
0
0
0
0
0
0
0
0
0
0
0
0
0.0011301785412361047
0
0
0
0
0
0
0.0029667267773056272
0
0
0
0
0
0
0
0
0
0
0
0
0
0
0
0
0
0
0
0
0
0
0
0
0
0
0
0.0012635614382389374
0
0.003179325951359903
0
0
0
0
0
0
0
0
0
0
0
0
0
0
0
0
0
0
0
0.0025843007466518643
0
0
0
0
0
0
0
0
0
0
0
0
0
0
0
0.007952500632572846
0
0
0
0
0
0
0
0
0
0.001968289710736227
0
0
0
0
0
0
0
0
0
0
0
0
0
0
0
0
0
0
0
0
0
0
0
0
0
0
0
0
0
0
0
0
0
0
0
0
0
0
0
0
0
0
0
0
0
0
0
0
0
0
0
0
0
0
0
0
0
0
0
0
0
0
0
0
0
0
0
0
0
0
0
0
0
0
0
0
0
0
0
0
0
0
0
0
0
0
0
0
0
0
0
0
0
0
0
0
0
0
0
0
0
0
0
0
0
0
0
0
0
0
0
0
0
0
0
0
0
0
0
0
0
0
0
0
0
0
0
0
0
0
0
0
0
0
0
0
0
0
0
0
0
0
0
0
0
0
0
0
0
0
0
0
0
0
0
0
0
0
0
0
0
0
0
0
0
0
0
0
0
0
0
0.02620120082901694
0
0.0015952158322688592
0
0
0
0
0
0.004343156319216367
0
0
0
0
0
0
0
0
0
0
0
0
0
0
0
0
0
0
0
0
0
0
0
0
0
0
0
0
0
0
0
0
0
0
0
0
0
0.00282736636205569
0
0
0
0
0
0
0
0
0
0
0
0
0
0
0
0
0
0
0
0
0
0
0
0
0
0
0
0
0
0
0
0
0.0013601229011820637
0
0
0
0
0
0
0
0
0
0
0
0
0
0
0
0
0
0
0
0
0
0
0
0
0
0
0
0
0
0
0
0
0
0.0015637829331380403
0
0
0
0
0
0
0
0.0017267810935351513
0
0
0
0
0
0
0
0
0
0
0
0
0
0
0
0
0
0
0
0
0
0.001368358201361286
0
0
0
0
0
0
0
0
0
0
0
0
0
0
0
0
0
0
0
0
0
0
0
0
0
0
0
0
0
0
0
0
0
0
0
0
0
0
0
0
0
0
0
0
0
0
0
0
0
0
0
0
0
0
0
0
0
0
0
0
0
0
0.0030413059653708703
0
0
0
0
0
0
0
0
0.006332175137206073
0
0
0
0
0
0
0
0
0
0
0
0
0
0
0
0
0
0
0
0
0
0
0
0
0
0
0
0
0
0
0
0
0
0
0
0
0
0
0
0
0
0
0
0
0
0
0
0
0
0
0
0
0
0
0
0
0
0
0
0
0
0
0
0
0
0
0
0
0
0
0
0
0
0
0
0
0
0
0
0.0018626366756310945
0
0
0
0
0
0
0
0
0
0
0
0
0
0
0
0
0
0
0
0
0
0
0
0
0
0
0
0
0
0
0
0
0
0
0
0
0
0
0
0
0
0
0
0.010190022022196593
0
0
0
0
0
0
0
0
0
0
0
0
0
0
0
0
0
0
0
0
0
0
0.003048613676681226
0
0
0
0
0
0
0
0
0
0
0
0
0
0
0
0
0
0
0
0
0.0012593064119422112
0
0
0
0.0013900908573207659
0
0
0
0
0
0
0
0
0
0
0
0
0
0
0
0
0
0
0
0
0
0
0
0
0
0
0
0
0
0
0
0
0
0
0
0
0
0
0.0014770935262865914
0
0
0
0
0
0
0
0
0
0
0
0
0
0
0
0
0
0
0
0
0
0
0
0
0
0
0
0
0
0
0
0
0
0
0
0
0
0
0
0
0
0
0
0
0
0
0
0
0
0
0
0
0
0
0
0
0
0
0
0
0
0
0
0
0
0
0
0
0
0
0
0
0
0
0
0
0
0
0
0
0
0
0
0
0
0
0
0
0
0
0
0
0
0
0
0
0
0
0
0
0
0
0
0
0
0
0
0
0
0
0
0
0
0
0
0
0
0
0
0.011585108583167995
0
0
0
0
0
0
0
0
0
0
0.0009771902366504245
0
0
0
0
0
0
0
0
0
0
0
0
0.003381808737002331
0.001653228358844407
0
0
0
0
0
0
0
0
0
0
0
0
0
0
0
0
0
0
0
0
0
0
0
0
0
0
0
0
0
0
0
0
0
0
0
0
0
0
0
0
0
0
0
0
0
0
0
0
0
0
0
0
0
0
0
0
0
0
0
0
0
0
0
0
0
0
0
0
0
0
0.001734552369939757
0
0
0
0
0
0
0
0
0
0
0
0
0
0
0
0
0
0
0
0
0
0
0
0
0
0
0
0
0.0017267810935351513
0
0
0
0
0
0
0
0
0
0
0
0
0
0
0
0
0
0
0
0
0
0
0
0
0
0
0
0
0
0
0.0019030790133391978
0
0
0
0
0
0
0
0
0
0
0
0
0
0.0015394263518564739
0
0
0
0
0
0
0
0
0
0
0
0
0
0
0
0
0
0
0
0
0
0
0
0
0
0
0
0
0
0
0
0
0
0.004666268510176607
0
0
0
0
0
0.00128588051095971
0
0
0
0
0
0
0
0
0
0
0
0
0
0
0
0
0
0
0
0
0
0
0
0.001513487331263846
0
0
0
0
0
0
0
0
0
0
0
0
0
0
0
0
0
0
0
0
0
0
0
0
0
0
0
0
0
0
0
0
0
0
0
0
0
0
0
0
0
0
0
0
0
0
0.00153556807820827
0
0
0
0
0
0
0
0
0
0
0
0
0
0
0
0
0
0
0
0
0.00687350068711636
0
0
0
0
0
0
0
0
0
0
0
0
0
0
0
0
0
0
0
0
0
0
0
0
0
0
0
0
0
0
0
0
0
0
0
0
0
0
0
0
0.001585863680082464
0
0
0
0
0
0
0
0
0
0
0
0
0
0.0012752398834324711
0
0
0
0
0
0
0
0
0
0
0
0
0
0
0
0
0
0
0
0
0
0
0
0
0
0
0
0
0
0
0
0
0
0
0
0
0
0
0
0
0
0
0
0
0
0
0
0
0
0
0
0
0
0
0
0
0
0
0
0
0
0.0027712103927812395
0
0
0
0
0
0
0
0
0
0
0
0
0
0
0
0
0
0
0
0
0.0014211731090460387
0
0.0012496260478563437
0
0
0
0
0
0
0
0
0
0
0.004056379017857982
0
0
0
0
0
0
0
0
0
0
0
0
0
0
0.0017047003465907274
0
0
0
0
0
0
0
0
0
0
0
0
0
0
0
0
0
0
0
0.0013001935689925406
0
0
0
0
0.0029604212899546627
0
0
0
0
0
0
0
0
0
0
0.006961806699205919
0
0
0
0
0
0.01594535262871195
0
0
0
0
0
0.0017507842320150491
0.005465104854399205
0
0.011672769127548673
0
0
0
0
0.0019337619471627083
0
0.0037007482408782807
0.014664032053151047
0
0.004730454635152503
0.013856051963906196
0.004683783110093968
0.0014740112364664188
0
0.0035185459308807207
0
0
0
0
0
0
0
0
0
0
0
0
0
0
0
0
0
0
0
0.0015206529826854351
0.0014930437527386812
0.0023691168648970005
0
0
0
0
0
0
0
0
0
0
0
0.011494336914298256
0
0
0
0.0019030790133391978
0.0015905001265145693
0.003915403542756819
0
0
0
0
0
0
0.004540461993791538
0
0
0.0017592729654403603
0
0
0
0
0
0
0
0
0
0
0
0
0
0
0
0
0
0
0
0
0
0
0
0
0
0
0
0
0
0
0
0.00143148691099683
0
0
0
0
0
0
0
0
0
0
0
0
0.0029667267773056272
0
0
0
0
0
0
0
0
0
0
0
0
0
0
0
0
0
0
0
0
0
0
0
0
0
0
0
0
0.019967945366297316
0
0
0.0075153810315153015
0
0
0
0
0
0
0
0
0
0.002331767892333496
0.001653228358844407
0
0
0
0.005684692436184155
0
0
0
0
0
0
0
0
0
0
0
0
0
0
0
0
0
0
0
0
0
0
0
0
0
0
0.005802077709076371
0
0
0
0
0
0
0.0012442432025532866
0
0
0.004033065188644164
0
0
0.006307272846870005
0
0
0
0
0
0
0
0
0
0
0
0
0
0
0
0
0
0
0
0
0
0
0
0
0
0
0
0
0
0
0
0
0
0
0
0
0
0.00420415357872798
0
0
0
0
0
0
0
0
0
0
0
0
0
0
0
0
0
0
0
0
0
0
0.04447808148667254
0
0
0
0
0
0
0
0
0
0
0
0
0
0
0
0
0
0
0
0
0
0
0
0
0
0
0
0
0
0
0
0
0
0
0
0
0
0
0
0
0
0
0
0
0
0
0
0
0
0
0
0
0
0
0
0
0
0
0
0
0
0
0
0
0
0
0
0
0
0
0
0
0
0
0
0
0
0
0
0
0
0
0
0
0
0
0
0
0
0
0
0
0
0
0
0
0
0
0
0
0
0
0
0
0
0
0
0
0
0
0.0018165527902067726
0
0
0
0
0
0
0
0
0
0
0
0
0
0.0013992871111876879
0
0.003162607745295295
0.007081787578259321
0
0
0.008436828496755656
0
0.0013405500085000544
0
0
0
0
0
0
0
0
0
0
0
0
0.02007765805533654
0
0
0
0
0
0
0
0
0.0009050086369178796
0
0
0
0
0
0
0
0
0
0
0
0
0
0
0
0
0
0
0
0
0
0
0
0
0
0
0
0
0
0
0
0
0
0
0
0
0
0
0
0
0
0
0
0
0
0
0
0
0
0
0
0
0
0
0.0016842567680655626
0
0
0
0
0
0
0
0
0
0
0
0
0
0
0
0
0
0
0
0
0
0
0
0
0
0
0
0
0
0
0
0
0
0
0
0
0
0
0
0
0
0
0
0
0
0
0
0
0
0
0
0
0
0
0
0
0
0
0
0
0
0
0
0
0
0
0
0
0
0
0
0
0
0
0
0
0
0
0
0
0
0
0
0
0
0
0
0
0
0.0028176010781387796
0.003925435013542208
0
0
0
0
0
0
0
0.0014770935262865914
0
0
0
0
0
0
0
0
0
0
0
0
0
0
0
0
0
0
0
0
0
0
0
0
0
0
0
0
0.001671423660304213
0
0
0
0
0
0
0
0
0
0
0
0
0
0
0
0
0
0
0
0
0
0
0
0
0
0
0
0.011614127735785811
0
0
0
0
0
0
0
0
0
0
0
0
0
0
0
0
0
0
0
0
0
0
0
0
0
0
0
0
0
0
0
0
0
0
0
0.0015513359165089452
0
0
0
0
0
0
0.0015724043244495175
0
0
0
0
0
0
0
0
0
0
0
0
0
0
0
0
0
0.002053849690957976
0
0
0
0
0
0
0
0
0
0
0
0
0
0
0
0
0
0
0
0
0
0
0
0
0
0
0
0
0
0
0
0
0
0
0
0
0
0
0
0
0
0
0
0
0
0
0
0
0
0
0
0
0
0
0
0
0
0
0
0
0
0
0
0
0
0
0
0
0
0
0
0
0
0
0
0
0
0
0
0
0
0
0
0
0.0018273722972835399
0
0
0
0
0
0
0
0
0
0
0
0
0
0
0.0060826119307417405
0
0
0
0.013424459752001263
0
0
0.002728419642797308
0
0
0
0
0
0
0.01749550139166026
0.0019030790133391978
0
0
0
0
0
0
0.0013900908573207659
0.0018165527902067726
0.0187843014661871
0
0.0017047003465907274
0
0
0
0
0
0
0.0017425489318358266
0.0013662762135998013
0
0
0
0
0.001968289710736227
0
0.009190578142961614
0
0
0
0
0
0
0
0
0
0
0
0.002109207124188914
0
0
0
0
0
0
0
0
0
0
0
0
0
0.0017592729654403603
0
0
0
0
0
0
0
0
0
0
0
0
0
0
0
0
0
0
0
0
0
0
0
0
0.0015394263518564739
0
0
0
0
0
0
0
0
0
0
0
0
0
0
0
0
0
0
0
0.0015952158322688592
0
0
0
0
0
0
0
0.0013386669836530475
0
0
0
0
0
0
0
0
0
0
0.003250679549759782
0
0
0
0
0.001513487331263846
0
0
0
0
0
0
0.0031026718330178903
0
0
0
0
0
0
0
0
0
0
0
0
0
0
0
0
0
0
0
0
0
0
0
0
0
0
0
0
0
0
0
0
0.0018061416652459875
0
0
0
0
0
0
0
0
0
0
0
0
0
0
0
0
0
0
0
0
0
0
0
0
0
0
0
0
0
0
0
0
0.004977483315336776
0
0
0
0
0
0
0
0
0
0
0
0
0.012723148629250607
0
0
0
0
0
0
0
0
0
0
0
0
0
0
0
0
0
0
0
0
0
0
0
0
0
0
0
0
0.002053849690957976
0.01170291588460345
0.01160257168297625
0.0017047003465907274
0
0.0014996913531742841
0.0019030790133391978
0
0.005709237040017593
0
0.020542391976147798
0.002053849690957976
0
0
0
0
0
0
0
0
0
0
0
0
0
0
0
0
0
0
0
0
0
0
0
0
0
0
0
0
0
0
0
0
0
0
0
0
0
0
0
0
0
0
0
0
0
0.0017592729654403603
0
0
0
0
0
0
0
0
0
0
0
0
0.0019179941088620328
0
0
0
0
0
0
0
0
0
0.0019179941088620328
0
0
0
0
0
0
0
0
0
0
0.0020801421543522724
0.006847463992049266
0
0
0
0
0
0
0
0.001796109211681608
0
0
0
0
0
0
0
0
0
0
0
0
0
0.003592218423363216
0
0
0
0.010095409434416114
0
0.001888929139025391
0
0
0
0
0.0073094891891341595
0
0
0
0
0
0
0
0
0
0
0
0
0.002178535242335371
0.0018165527902067726
0.0019873222270084894
0
0.001647420521824315
0
0.005666787417076173
0
0
0
0
0.0018061416652459875
0
0
0
0
0
0
0.0031536364234350024
0
0
0
0
0
0
0
0
0
0
0
0
0
0
0
0
0
0
0
0
0
0.003219733637124724
0
0.005813395226502235
0
0
0
0
0
0
0
0
0
0
0
0
0
0
0
0
0
0
0
0
0
0
0
0
0
0.00329484104364863
0
0
0
0
0
0
0
0
0
0
0
0
0
0
0
0
0
0.0012664350274412147
0
0
0.001968289710736227
0.003974644454016979
0
0
0
0
0
0
0
0
0
0
0
0
0
0
0
0
0
0
0
0
0
0
0
0
0
0
0
0
0
0
0
0
0
0
0
0
0
0
0
0
0
0
0
0
0
0
0
0
0
0
0
0
0
0
0
0
0
0
0
0
0
0
0
0
0
0
0
0
0
0
0
0
0.0021416989960941235
0
0.00430238027865903
0
0
0.0017425489318358266
0
0
0
0
0
0
0
0
0
0
0
0
0
0
0
0
0
0
0
0
0
0.0017267810935351513
0
0.0016149286499191058
0
0
0
0
0
0
0
0
0
0
0
0.0015724043244495175
0
0
0
0
0
0
0
0
0
0
0.0019504859807672418
0
0
0
0
0
0
0
0
0
0
0
0
0
0
0
0
0
0.001888929139025391
0
0
0
0
0
0
0
0
0
0
0
0
0
0
0
0
0
0
0
0
0
0
0
0
0
0
0
0
0
0
0
0
0
0
0
0
0
0
0
0
0
0
0
0
0
0
0
0.001609866818562362
0
0
0
0
0
0
0
0
0
0
0
0
0.0018626366756310945
0
0
0
0
0
0
0
0
0
0
0
0
0
0
0
0
0
0
0
0
0
0
0
0
0
0
0
0.0015813038726476476
0
0
0
0
0
0
0
0
0
0
0
0
0
0
0
0
0
0
0
0
0
0
0
0
0
0
0
0
0
0
0
0
0.002007765805533654
0
0
0
0
0
0
0
0
0
0
0
0
0
0
0
0
0
0
0
0
0
0
0
0
0
0
0
0
0
0
0
0
0
0
0.001796109211681608
0
0
0
0
0
0
0
0
0
0
0
0
0
0
0
0
0
0
0
0
0.0015170468912185792
0
0
0
0
0.010149232762390388
0
0
0
0
0
0
0
0.002007765805533654
0
0
0
0
0
0
0
0
0.016934772691228773
0.0017118659980123166
0
0
0
0
0
0
0
0
0
0
0
0
0
0
0
0
0
0
0
0
0
0
0
0
0
0.0019030790133391978
0
0
0
0
0
0
0
0
0
0
0
0
0
0
0
0
0
0
0
0
0
0
0
0
0
0
0
0
0
0.0033183222102245178
0
0
0
0
0
0
0
0
0
0
0.0017507842320150491
0
0
0.0018386335371511965
0
0
0
0
0
0
0.001734552369939757
0
0
0
0
0
0
0
0
0
0
0
0
0
0
0
0
0
0
0
0
0
0
0
0
0
0
0
0
0
0
0
0
0
0
0
0
0
0.004479131258216043
0
0
0
0
0
0
0
0
0
0
0
0
0
0
0
0
0
0
0
0
0
0
0
0
0
0
0
0
0
0
0
0
0
0
0
0
0
0
0
0
0
0
0
0
0
0
0
0
0
0
0
0
0
0
0
0
0
0
0
0
0
0
0
0
0
0
0
0
0
0.0019873222270084894
0
0
0
0
0
0
0
0
0.003974644454016979
0
0
0
0
0
0
0
0
0
0
0
0
0
0
0
0
0
0
0.0016591611051122589
0
0
0
0
0
0
0
0
0
0
0
0
0.001671423660304213
0
0
0
0
0
0
0
0
0
0
0
0
0
0
0
0
0
0
0
0
0
0
0
0
0
0
0
0
0
0
0
0
0.003469104739879514
0
0
0
0
0.003381808737002331
0
0.001368358201361286
0
0
0
0
0
0
0
0
0
0
0.001719222755828085
0
0
0
0
0
0
0
0
0
0
0
0
0
0
0
0
0
0
0
0
0
0
0
0.001719222755828085
0
0
0
0
0
0
0
0
0
0
0
0
0
0
0
0
0
0
0
0
0
0
0
0
0
0
0
0
0
0
0
0
0
0
0
0
0
0
0
0
0
0
0
0
0
0
0
0
0
0
0
0
0
0
0
0
0
0
0
0
0
0
0
0
0
0
0
0
0
0
0
0
0
0.018889291390253908
0.0033555311927323975
0.008119386209912312
0.007401496481756561
0
0
0
0
0
0
0
0
0.0014802106449773313
0
0
0
0
0
0
0
0
0
0
0
0
0
0
0
0
0
0
0
0
0
0
0
0
0
0
0
0
0
0
0
0
0
0
0
0
0
0
0
0
0
0
0
0.0016652242517933003
0
0
0
0
0
0
0
0
0
0
0
0
0
0
0
0
0
0
0
0
0
0
0
0
0
0
0
0
0
0
0
0
0
0
0
0
0
0
0
0
0
0
0
0
0
0
0
0
0
0
0
0
0
0
0
0
0
0
0
0
0
0
0
0
0
0
0
0
0
0
0
0
0
0
0
0
0
0
0
0
0
0.007949288908033958
0
0
0
0
0
0
0
0
0
0
0
0
0
0
0
0
0
0
0
0
0
0
0
0
0
0
0
0
0
0
0
0
0
0
0
0
0
0
0
0
0
0
0
0
0
0
0
0
0
0
0
0
0
0
0
0
0
0
0
0
0
0
0
0
0
0
0
0
0
0
0
0
0
0
0
0
0
0
0
0
0
0
0
0.0015554228367255357
0
0
0
0
0
0
0
0
0
0
0
0
0
0
0
0
0
0
0
0
0
0
0
0
0
0
0
0
0
0
0
0
0
0
0
0
0
0
0
0
0
0
0
0
0
0
0
0
0
0
0
0
0
0
0
0
0
0
0
0
0
0
0
0
0
0
0
0
0
0
0
0
0
0
0
0
0
0
0
0
0
0
0
0
0
0
0
0
0
0
0
0
0
0
0
0
0
0.002053849690957976
0
0
0
0
0
0
0
0
0
0
0
0
0
0
0
0
0
0
0
0
0
0
0
0
0
0
0
0
0
0
0
0
0
0
0
0
0
0
0
0
0
0
0
0
0
0
0
0
0
0
0
0
0
0
0
0
0
0
0
0
0
0
0
0
0
0
0
0
0
0
0
0
0
0
0
0
0
0
0
0
0
0
0
0
0
0.01003882902766827
0
0
0.005961966681025469
0
0
0
0
0
0
0
0
0.001796109211681608
0
0
0
0
0
0
0
0
0
0
0
0
0
0
0
0
0
0
0
0
0
0
0
0
0
0
0
0
0
0
0
0
0
0.002029846552478078
0
0
0
0
0
0
0
0
0
0
0.0031904316645377183
0
0
0
0
0
0
0
0
0
0
0
0
0
0
0
0
0
0
0
0
0
0
0
0
0
0
0
0
0
0
0.0017267810935351513
0
0
0
0
0
0
0
0
0
0
0
0
0
0
0
0
0
0
0
0
0
0
0
0
0
0
0
0
0
0
0
0
0
0
0
0
0
0
0
0
0
0
0
0
0
0
0
0
0
0
0
0
0
0
0
0
0
0
0
0
0
0
0
0
0
0
0
0
0
0
0
0
0
0
0
0
0
0
0
0
0
0
0
0
0
0
0
0
0
0
0
0
0
0
0
0
0
0
0
0
0
0
0
0
0
0
0
0
0
0
0
0
0.001509973117256279
0
0
0
0
0
0
0
0
0
0
0
0.0017864288475957404
0
0
0
0
0
0
0
0
0
0
0
0
0
0
0
0
0
0
0
0.005709237040017593
0
0
0
0.0016000135543962713
0
0
0
0
0
0
0
0
0
0
0
0
0
0
0
0
0
0
0
0
0
0
0
0
0
0
0
0
0
0.003725273351262189
0
0
0
0
0
0
0
0
0
0
0
0
0
0
0
0
0
0
0
0
0
0
0
0
0
0
0
0
0
0
0
0
0
0
0
0
0
0
0
0
0
0
0
0
0
0
0
0
0
0
0
0
0
0
0
0
0
0
0
0
0
0
0
0
0
0
0
0
0
0
0
0
0
0
0
0
0
0
0
0
0
0
0
0
0
0
0
0
0
0
0
0
0
0
0
0
0
0
0
0
0
0
0
0
0
0
0
0
0
0
0
0
0
0
0
0.0019873222270084894
0
0
0
0
0
0
0
0
0
0
0
0
0
0
0
0
0
0
0
0
0
0
0
0
0
0
0
0
0
0
0
0
0
0
0
0
0
0
0
0
0
0
0
0
0
0
0
0
0.002029846552478078
0
0
0
0
0
0
0
0
0
0
0
0
0
0
0
0
0
0
0
0
0
0
0
0
0
0
0
0
0
0
0
0
0
0
0
0
0
0
0
0
0
0
0
0
0
0
0
0
0
0
0
0
0
0
0
0.020057083923650555
0
0
0
0
0
0
0
0
0
0
0
0
0
0
0
0
0
0
0
0.007184436846726432
0
0
0
0
0
0
0
0
0
0
0
0
0
0
0
0
0
0
0
0
0
0
0
0
0
0
0
0
0
0
0
0
0
0
0
0
0
0
0
0
0
0
0
0
0
0
0
0
0
0
0
0
0
0
0
0
0
0
0
0
0
0
0
0
0
0
0
0
0
0
0.0017770766954093456
0
0
0
0.009136861486417699
0
0
0
0
0
0
0
0
0
0
0
0
0
0
0
0
0
0
0
0
0
0
0
0
0
0
0
0
0
0
0
0
0
0
0
0.0016777655963661987
0
0
0
0
0
0
0
0
0
0
0
0
0
0
0
0
0
0
0
0
0
0
0
0
0
0
0
0
0
0
0
0
0
0
0
0
0
0
0
0
0
0
0
0
0
0
0
0
0
0
0
0
0
0
0
0
0
0
0
0
0
0
0
0
0
0
0
0
0
0
0
0
0
0
0
0
0
0
0
0
0
0
0
0
0
0
0
0
0
0
0
0
0
0
0.007555716556101564
0
0
0
0
0
0
0
0
0
0
0
0
0
0
0
0
0
0
0
0
0
0
0
0
0
0
0
0
0
0
0
0
0
0
0
0
0
0
0
0
0
0
0
0
0
0
0
0
0
0
0
0
0
0
0
0
0
0
0
0
0
0
0
0
0
0
0
0
0
0
0
0
0
0
0
0
0
0
0
0
0
0
0
0
0
0
0
0
0
0
0
0
0
0
0
0
0
0
0
0
0
0
0
0
0
0
0
0
0
0
0
0
0
0
0
0
0
0
0
0
0
0
0
0
0
0
0
0
0
0
0
0
0
0
0
0
0
0
0
0
0
0
0
0
0
0
0
0
0
0
0
0
0
0
0
0
0
0
0
0
0
0
0
0
0
0
0.001968289710736227
0
0
0
0
0
0
0
0
0
0
0
0
0
0
0
0
0
0
0
0
0
0
0
0
0
0.03209792392709453
0
0
0
0
0
0
0
0
0
0
0
0
0
0
0
0
0
0
0
0
0
0
0
0
0
0
0
0
0.004942261565472944
0
0
0
0
0
0
0
0
0
0
0
0
0
0
0
0
0
0
0
0
0
0
0
0
0
0
0
0
0
0
0
0
0
0
0
0
0
0
0
0
0
0
0
0
0
0
0
0
0
0
0
0
0
0
0
0
0
0
0
0
0
0
0
0
0
0
0
0
0
0
0
0
0
0
0
0
0
0
0
0
0
0
0
0
0
0
0
0
0
0
0
0
0
0
0
0
0
0
0
0
0
0
0
0
0
0
0
0
0
0
0
0
0
0
0
0
0
0
0
0
0
0
0
0
0
0
0
0
0
0
0
0
0
0
0
0
0
0
0
0
0
0
0
0
0
0
0
0
0
0
0
0
0
0
0
0
0
0
0
0
0
0
0
0
0
0
0
0
0
0
0
0
0
0
0
0
0
0
0
0
0
0
0
0
0
0
0
0
0
0
0
0
0
0
0
0
0
0
0
0
0
0
0
0
0
0
0
0
0
0
0
0
0
0
0
0
0
0
0
0
0
0
0
0
0
0
0
0
0
0
0
0
0
0
0
0
0
0
0
0
0
0
0
0
0
0
0
0
0
0
0
0
0
0
0
0
0
0.001888929139025391
0
0
0
0
0
0
0
0
0
0
0
0
0
0
0
0
0
0
0
0
0
0
0
0
0
0
0
0
0
0
0
0
0
0
0
0
0
0
0
0
0
0
0
0
0
0
0
0.003936579421472454
0
0
0
0
0
0
0
0
0
0.009841448553681133
0
0
0
0
0
0
0
0
0
0
0
0
0
0
0
0
0
0
0
0
0
0
0
0
0
0
0
0
0
0
0
0
0
0
0
0
0
0
0
0
0
0
0
0
0
0
0
0
0
0
0
0
0
0
0
0
0
0
0
0
0
0
0
0
0
0
0
0
0
0
0
0
0
0
0
0
0
0
0
0
0
0
0
0
0
0
0
0
0
0
0
0
0
0
0
0
0
0
0
0
0
0
0
0
0
0
0
0
0
0
0
0
0
0
0
0
0
0
0
0
0
0
0
0
0
0
0
0
0
0
0
0
0
0
0
0
0
0
0
0
0
0
0
0
0
0
0
0
0
0
0
0
0
0
0
0
0
0
0
0
0
0.0036547445945670797
0
0
0
0
0
0
0
0
0
0
0.0019504859807672418
0
0
0
0
0
0
0
0
0
0
0
0
0
0
0
0
0
0
0
0
0
0
0
0
0
0
0
0
0
0
0
0
0
0
0
0
0
0
0
0
0
0
0
0
0
0
0
0
0
0
0
0
0
0
0
0
0
0
0
0
0
0
0
0
0
0
0
0
0
0
0
0
0
0
0
0
0
0
0
0
0
0.0060232974166009624
0
0
0
0
0
0
0
0
0
0
0
0
0
0
0
0
0
0
0
0
0
0
0.0019337619471627083
0
0
0
0
0.003554153390818691
0
0
0
0
0
0
0
0
0
0
0
0
0
0
0
0
0
0
0
0
0
0
0
0
0
0
0
0
0
0
0
0
0
0
0
0
0
0
0
0
0
0
0
0
0
0
0
0
0
0
0
0
0
0
0
0
0
0
0
0
0
0
0
0
0
0
0
0
0
0
0
0
0
0
0
0
0
0
0
0
0
0
0
0
0
0
0
0
0
0
0
0
0
0
0
0
0
0
0
0
0
0
0
0
0
0
0
0
0
0
0
0
0
0
0
0
0
0.005587910026893283
0
0
0
0
0
0
0
0
0
0
0
0
0
0
0
0
0
0
0
0
0
0.003306456717688814
0
0
0
0
0
0
0
0
0
0
0
0
0
0
0
0
0
0
0
0
0
0
0
0.0017047003465907274
0
0
0
0
0
0
0
0
0
0
0
0
0
0
0
0
0
0
0
0
0
0
0
0
0
0
0
0
0
0
0
0
0
0
0
0
0
0
0
0
0
0
0
0
0
0
0
0
0
0
0
0
0
0
0
0
0
0
0
0
0
0
0
0
0
0
0
0
0
0
0
0
0
0
0
0
0
0
0
0
0
0
0
0
0
0
0
0
0
0
0
0
0
0
0
0
0
0
0
0
0
0
0
0
0
0
0
0
0
0
0
0
0
0
0
0
0
0
0
0
0
0
0
0
0
0
0
0
0
0
0
0
0
0
0
0
0
0
0
0
0
0
0
0
0
0
0
0
0
0
0
0
0
0
0
0
0
0
0
0
0
0
0
0
0
0.001888929139025391
0
0
0
0
0
0
0
0
0
0
0
0
0
0
0
0
0
0
0
0
0
0
0
0
0
0
0
0
0
0
0
0
0
0
0
0
0
0
0
0
0
0
0
0
0
0
0
0
0
0.002109207124188914
0.0017425489318358266
0
0
0
0
0
0
0
0
0
0
0
0
0
0
0
0
0
0
0
0
0
0
0
0
0
0
0
0
0
0
0
0
0
0
0
0
0
0
0
0
0
0
0
0
0
0
0
0
0
0
0
0
0
0
0
0
0
0
0
0
0
0
0
0
0
0
0
0
0
0
0
0
0
0
0
0
0
0
0
0
0
0
0
0
0
0
0
0
0
0
0
0
0
0
0
0
0
0
0
0
0
0
0
0
0
0
0
0
0
0
0
0
0
0
0
0
0
0
0
0
0
0
0
0
0
0
0
0
0
0
0
0
0
0
0
0
0
0
0
0
0
0
0
0
0
0
0
0
0
0
0
0
0
0
0
0
0
0
0
0
0
0
0
0
0
0
0
0
0
0
0
0
0
0
0
0
0
0
0
0
0
0
0
0
0
0
0
0
0
0
0
0.001647420521824315
0
0
0
0
0
0
0
0
0
0
0
0
0
0
0
0
0
0
0
0
0
0
0
0
0
0
0
0
0
0
0
0
0
0
0
0
0
0
0
0
0
0
0
0
0
0
0
0
0
0
0
0
0
0
0
0
0
0
0
0
0
0
0
0
0
0
0
0
0
0
0
0
0
0
0
0
0
0
0
0
0
0
0
0
0
0
0
0
0.0018386335371511965
0
0
0
0
0
0
0
0
0
0
0
0
0
0
0
0
0
0
0
0
0
0
0
0
0
0
0
0
0
0
0
0
0
0
0
0
0
0.003777858278050782
0
0
0
0
0
0
0
0
0
0
0
0
0
0
0
0
0
0
0
0
0
0
0
0
0
0
0
0
0
0
0
0
0
0
0
0
0
0
0
0
0
0
0
0
0
0
0
0
0
0
0
0
0
0
0
0
0
0
0
0
0
0
0
0
0
0
0
0
0
0
0
0
0
0
0
0
0
0
0
0
0
0
0
0
0
0
0
0
0
0
0
0
0
0
0
0
0
0
0
0
0
0
0
0
0
0
0
0
0
0
0
0
0
0
0
0
0
0
0
0
0
0
0
0
0
0
0
0
0
0
0
0
0
0
0
0
0
0
0
0
0
0
0
0
0
0
0
0
0
0
0
0
0.001625339774879891
0
0
0
0
0
0
0
0
0
0
0
0
0
0
0
0
0
0
0
0
0
0
0
0
0
0
0
0.001875469783392444
0
0
0
0
0
0
0
0
0
0
0
0
0
0
0
0
0
0
0
0
0
0
0
0
0
0
0
0
0
0
0.001609866818562362
0
0
0
0
0
0
0
0
0
0
0
0
0
0
0
0
0
0
0
0
0
0
0
0
0
0
0
0
0
0
0
0
0
0
0
0
0
0
0
0
0
0
0
0
0
0
0
0
0
0
0
0
0
0
0
0
0
0
0
0
0
0
0
0
0
0
0
0
0
0
0
0
0
0
0
0
0
0
0
0
0
0
0
0
0
0
0
0
0
0
0
0
0
0
0
0
0
0
0
0
0
0
0
0
0
0
0
0
0
0
0
0
0
0
0
0
0
0
0
0
0
0
0
0
0
0
0
0
0
0
0
0
0
0
0
0
0
0
0
0
0
0
0
0
0
0
0
0
0
0
0
0
0
0
0
0
0
0
0
0
0
0
0
0
0
0
0
0
0
0
0
0
0
0
0
0
0
0
0
0
0
0
0
0
0
0
0
0
0
0
0
0
0
0
0
0
0
0
0
0
0
0
0
0
0
0
0.003725273351262189
0
0
0
0
0
0
0
0
0
0
0
0
0
0
0
0
0
0
0
0
0
0
0
0
0
0
0
0
0
0
0
0
0.0019337619471627083
0
0
0
0
0
0
0
0
0
0
0
0
0
0
0
0
0
0
0
0
0
0
0
0
0
0
0
0
0
0
0
0
0
0
0.0021416989960941235
0.0039009719615344836
0
0
0
0
0.001968289710736227
0
0
0
0
0
0
0
0
0
0
0
0
0
0.0017770766954093456
0
0
0
0
0
0
0
0
0
0
0
0
0
0
0
0
0
0
0
0
0
0
0
0
0
0
0.001888929139025391
0
0
0
0
0
0
0
0
0
0
0
0
0
0
0
0
0
0
0
0
0
0
0
0.002007765805533654
0.013326357406829758
0.015249746696347597
0.013628131018074922
0.018721279389170453
0.027256262036149843
0.0022713551696791536
0.015746317685889816
0.0018503741204391403
0
0
0
0
0
0
0
0
0
0.0067370270722622505
0
0
0
0
0
0
0
0.002053849690957976
0
0.0019030790133391978
0
0
0
0.004107699381915952
0
0
0
0.019275290964847112
0
0.002029846552478078
0
0
0.0038675238943254166
0
0
0
0
0
0
0
0
0
0.003725273351262189
0.00642509698828237
0
0
0
0
0
0
0
0
0
0
0
0
0
0
0
0
0
0
0
0.004542710339358307
0.00888423827121984
0
0
0
0
0
0
0
0
0
0
0
0.012480852926113634
0
0.003750939566784888
0.0017680312270443826
0.001875469783392444
0.008215398763831904
0
0
0
0
0
0
0
0
0
0
0
0
0
0
0
0
0
0
0
0
0
0
0
0
0
0
0
0
0
0
0
0
0
0
0
0
0
0
0
0
0
0
0
0
0
0
0
0
0
0
0
0
0
0
0
0
0
0
0
0
0
0
0
0
0
0
0
0
0
0
0
0
0
0
0
0
0
0
0
0
0
0
0
0
0
0
0
0
0
0
0
0
0
0
0
0
0
0
0
0
0
0
0
0
0
0
0
0
0
0
0
0
0
0
0
0
0
0
0
0
0
0
0
0
0
0
0
0
0
0
0
0
0
0
0
0
0
0
0
0
0
0
0
0
0
0
0
0
0
0
0
0
0
0
0
0
0
0
0
0
0
0
0
0
0
0
0
0
0
0
0
0
0
0
0
0
0
0
0
0
0
0
0
0
0
0
0
0
0
0
0
0
0
0
0
0
0
0
0
0
0
0
0
0
0
0
0
0
0
0
0
0
0
0
0
0
0
0
0
0
0
0
0
0
0
0
0
0
0
0
0
0
0
0
0
0
0
0
0
0
0
0
0
0
0
0
0
0
0
0
0
0
0
0
0
0
0
0
0
0
0
0
0
0
0
0
0
0
0
0
0
0
0
0
0
0
0
0
0
0
0
0
0
0
0
0
0
0
0
0
0
0
0
0
0
0
0
0
0
0
0
0
0
0
0
0
0
0
0
0
0
0
0
0
0
0
0
0
0
0
0
0
0
0
0
0
0
0
0
0
0
0
0
0
0
0
0
0
0
0
0
0
0
0
0
0
0
0
0
0
0
0
0
0
0
0
0
0
0
0
0
0
0
0
0
0
0
0
0
0
0
0
0
0
0
0
0
0
0
0
0
0
0
0
0
0
0
0
0
0
0
0
0
0
0
0
0
0
0
0
0
0
0
0
0
0
0
0
0
0
0
0
0
0
0
0
0
0
0
0
0
0
0
0
0
0
0
0
0
0
0
0
0
0
0
0
0
0
0
0
0
0
0
0
0
0
0
0
0
0
0
0
0
0
0
0
0
0
0
0
0
0
0
0
0
0
0
0
0
0
0
0
0
0
0
0
0
0
0
0
0
0
0
0
0
0
0
0
0
0
0
0
0
0
0
0
0
0
0
0
0
0
0
0
0
0
0
0
0
0
0
0
0
0
0
0
0
0
0
0
0
0
0
0
0
0
0
0
0
0
0
0
0
0
0
0
0
0
0
0
0
0
0
0
0
0
0
0
0
0
0
0
0
0
0
0
0
0
0
0
0
0
0
0
0
0
0
0
0
0
0
0
0
0
0
0
0
0
0
0
0
0
0
0
0
0
0
0
0
0
0
0
0
0
0
0
0
0
0
0
0
0
0
0
0
0
0
0
0
0
0
0
0
0
0
0
0
0
0
0
0
0
0
0
0
0
0
0
0
0
0
0
0
0
0
0
0
0
0
0
0
0
0
0
0
0
0
0
0
0
0
0
0
0
0
0
0
0
0
0
0
0
0
0
0
0
0
0
0
0
0
0
0
0
0
0
0
0
0
0
0
0
0
0
0
0
0
0
0
0
0
0
0
0
0
0
0
0
0
0
0
0
0
0
0
0
0
0
0
0
0
0
0
0
0
0
0
0
0
0
0
0
0
0
0
0
0
0
0
0
0
0
0
0
0
0
0
0
0
0
0
0
0
0
0
0
0
0
0
0
0
0
0
0
0
0
0
0
0
0
0
0
0
0
0
0
0
0
0
0
0
0
0
0
0
0
0
0
0
0
0
0
0
0
0
0
0
0
0
0
0
0
0
0
0
0
0
0
0
0
0
0
0
0
0
0
0
0
0
0
0
0
0
0
0
0
0
0
0
0
0
0
0
0
0
0
0
0
0
0
0
0
0
0
0
0
0
0
0
0
0
0
0
0
0
0
0
0
0
0
0
0
0
0
0
0
0
0
0
0
0
0
0
0
0
0
0
0
0
0
0
0
0
0
0
0
0
0
0
0
0
0
0
0
0
0
0
0
0
0
0
0
0
0
0
0
0
0
0
0
0
0
0
0
0
0
0
0
0
0
0
0
0
0
0
0
0
0
0
0
0
0
0
0
0
0
0
0
0
0
0
0
0
0
0
0
0
0
0
0
0
0
0
0
0
0
0
0
0
0
0
0
0
0
0
0
0
0
0
0
0
0
0
0
0
0
0
0
0
0
0
0
0
0
0
0
0
0
0
0
0
0
0
0
0
0
0
0
0
0
0
0
0
0
0
0
0
0
0
0
0
0
0
0
0
0
0
0
0
0
0
0
0
0
0
0
0
0
0
0
0
0
0
0
0
0
0
0
0
0
0
0
0
0
0
0
0
0
0
0
0
0
0
0
0
0
0
0
0
0
0
0
0
0
0
0
0
0
0
0
0
0
0
0
0
0
0
0
0
0
0
0
0
0
0
0
0
0
0
0
0
0
0
0
0
0
0
0
0
0
0
0
0
0
0
0
0
0
0
0
0
0
0
0
0
0
0
0
0
0
0
0
0
0
0
0
0
0
0
0
0
0
0
0
0
0
0
0
0
0
0
0
0
0
0
0
0
0
0
0
0
0
0
0
0
0
0
0
0
0
0
0
0
0
0
0
0
0
0
0
0
0
0
0
0
0
0
0
0
0
0
0
0
0
0
0
0
0
0
0
0
0
0
0
0
0
0
0
0
0
0
0
0
0
0
0
0
0
0
0
0
0
0
0
0
0
0
0
0
0
0
0
0
0
0
0
0
0
0
0
0
0
0
0
0
0
0
0
0
0
0
0
0
0
0
0
0
0
0
0
0
0
0
0
0
0
0
0
0
0
0
0
0
0
0
0
0
0
0
0
0
0
0
0
0
0
0
0
0
0
0
0
0
0
0
0
0
0
0
0
0
0
0
0
0
0
0
0
0
0
0
0
0
0
0
0
0
0
0
0
0
0
0
0
0
0
0
0
0
0
0
0
0
0
0
0
0
0
0
0
0
0
0
0
0
0
0
0
0
0
0
0
0
0
0
0
0
0
0
0
0
0
0
0
0
0
0
0
0
0
0
0
0
0
0
0
0
0
0
0
0
0
0
0
0
0
0
0
0
0
0
0
0
0
0
0
0
0
0
0
0
0
0
0
0
0
0
0
0
0
0
0
0
0
0
0
0
0
0
0
0
0
0
0
0
0
0
0
0
0
0
0
0
0
0
0
0
0
0
0
0
0
0
0
0
0
0
0
0
0
0
0
0
0
0
0
0
0
0
0
0
0
0
0
0
0
0
0
0
0
0
0
0
0
0
0
0
0
0
0
0
0
0
0
0
0
0
0
0
0
0
0
0
0
0
0
0
0
0
0
0
0
0
0
0
0
0
0
0
0
0
0
0
0
0
0
0
0
0
0
0
0
0
0
0
0
0
0
0
0
0
0
0
0
0
0
0
0
0
0
0
0
0
0
0
0
0
0
0
0
0
0
0
0
0
0
0
0
0
0
0
0
0
0
0
0
0
0
0
0
0
0
0
0
0
0
0
0
0
0
0
0
0
0
0
0
0
0
0
0
0
0
0
0
0
0
0
0
0
0
0
0
0
0
0
0
0
0
0
0
0
0
0
0
0
0
0
0
0
0
0
0
0
0
0
0
0
0
0
0
0
0
0
0
0
0
0
0
0
0
0
0
0
0
0
0
0
0
0
0
0
0
0
0
0
0
0
0
0
0
0
0
0
0
0
0
0
0
0
0
0
0
0
0
0
0
0
0
0
0
0
0
0
0
0
0
0
0
0
0
0
0
0
0
0
0
0
0
0
0
0
0
0
0
0
0
0
0
0
0
0
0
0
0
0
0
0
0
0
0
0
0
0
0
0
0
0
0
0
0
0
0
0
0
0
0
0
0
0
0
0
0
0
0
0
0
0
0
0
0
0
0
0
0
0
0
0
0
0
0
0
0
0
0
0
0
0
0
0
0
0
0
0
0
0
0
0
0
0
0
0
0
0
0
0
0
0
0
0
0
0
0
0
0
0
0
0
0
0
0
0
0
0
0
0
0
0
0
0
0
0
0
0
0
0
0
0
0
0
0
0
0
0
0
0
0
0
0
0
0
0
0
0
0
0
0
0
0
0
0
0
0
0
0
0
0
0
0
0
0
0
0
0
0
0
0
0
0
0
0
0
0
0
0
0
0
0
0
0
0
0
0
0
0
0
0
0
0
0
0
0
0
0
0
0
0
0
0
0
0
0
0
0
0
0
0
0
0
0
0
0
0
0
0
0
0
0
0
0
0
0
0
0
0
0
0
0
0
0
0
0
0
0
0
0
0
0
0
0
0
0
0
0
0
0
0
0
0
0
0
0
0
0
0
0
0
0
0
0
0
0
0
0
0
0
0
0
0
0
0
0
0
0
0
0
0
0
0
0
0
0
0
0
0
0
0
0
0
0
0
0
0
0
0
0
0
0
0
0
0
0
0
0
0
0
0
0
0
0
0
0
0
0
0
0
0
0
0
0
0
0
0
0
0
0
0
0
0
0
0
0
0
0
0
0
0
0
0
0
0
0
0
0
0
0
0
0
0
0
0
0
0
0
0
0
0
0
0
0
0
0
0
0
0
0
0
0
0
0
0
0
0
0
0
0
0
0
0
0
0
0
0
0
0
0
0
0
0
0
0
0
0
0
0
0
0
0
0
0
0
0
0
0
0
0
0
0
0
0
0
0
0
0
0
0
0
0
0
0
0
0
0
0
0
0
0
0
0
0
0
0
0
0
0
0
0
0
0
0
0
0
0
0
0
0
0
0
0
0
0
0
0
0
0
0
0
0
0
0
0
0
0
0
0
0
0
0
0
0
0
0
0
0
0
0
0
0
0
0
0
0
0
0
0
0
0
0
0
0
0
0
0
0
0
0
0
0
0
0
0
0
0
0
0
0
0
0
0
0
0
0
0
0
0
0
0
0
0
0
0
0
0
0
0
0
0
0
0
0
0
0
0
0
0
0
0
0
0
0
0
0
0
0
0
0
0
0
0
0
0
0
0
0
0
0
0
0
0
0
0
0
0
0
0
0
0
0
0
0
0
0
0
0
0
0
0
0
0
0
0
0
0
0
0
0
0
0
0
0
0
0
0
0
0
0
0
0
0
0
0
0
0
0
0
0
0
0
0
0
0
0
0
0
0
0
0
0
0
0
0
0
0
0
0
0
0
0
0
0
0
0
0
0
0
0
0
0
0
0
0
0
0
0
0
0
0
0
0
0
0
0
0
0
0
0
0
0
0
0
0
0
0
0
0
0
0
0
0
0
0
0
0
0
0
0
0
0
0
0
0
0
0
0
0
0
0
0
0
0
0
0
0
0
0
0
0
0
0
0
0
0
0
0
0
0
0
0
0
0
0
0
0
0
0
0
0
0
0
0
0
0
0
0
0
0
0
0
0
0
0
0
0
0
0
0
0
0
0
0
0
0
0
0
0
0
0
0
0
0
0
0
0
0
0
0
0
0
0
0
0
0
0
0
0
0
0
0
0
0
0
0
0
0
0
0
0
0
0
0
0
0
0
0
0
0
0
0
0
0
0
0
0
0
0
0
0
0
0
0
0
0
0
0
0
0
0
0
0
0
0
0
0
0
0
0
0
0
0
0
0
0
0
0
0
0
0
0
0
0
0
0
0
0
0
0
0
0
0
0
0
0
0
0
0
0
0
0
0
0
0
0
0
0
0
0
0
0
0
0
0
0
0
0
0
0
0
0
0
0
0
0
0
0
0
0
0
0
0
0
0
0
0
0
0
0
0
0
0
0
0
0
0
0
0
0
0
0
0
0
0
0
0
0
0
0
0
0
0
0
0
0
0
0
0
0
0
0
0
0
0
0
0
0
0
0
0
0
0
0
0
0
0
0
0
0
0
0
0
0
0
0
0
0
0
0
0
0
0
0
0
0
0
0
0
0
0
0
0
0
0
0
0
0
0
0
0
0
0
0
0
0
0
0
0
0
0
0
0
0
0
0
0
0
0
0
0
0
0
0
0
0
0
0
0
0
0
0
0
0
0
0
0
0
0
0
0
0
0
0
0
0
0
0
0
0
0
0
0
0
0
0
0
0
0
0
0
0
0
0
0
0
0
0
0
0
0
0
0
0
0
0
0
0
0
0
0
0
0
0
0
0
0
0
0
0
0
0
0
0
0
0
0
0
0
0
0
0
0
0
0
0
0
0
0
0
0
0
0
0
0
0
0
0
0
0
0
0
0
0
0
0
0
0
0
0
0
0
0
0
0
0
0
0
0
0
0
0
0
0
0
0
0
0
0
0
0
0
0
0
0
0
0
0
0
0
0
0
0
0
0
0
0
0
0
0
0
0
0
0
0
0
0
0
0
0
0
0
0
0
0
0
0
0
0
0
0
0
0
0
0
0
0
0
0
0
0
0
0
0
0
0
0
0
0
0
0
0
0
0
0
0
0
0
0
0
0
0
0
0
0
0
0
0
0
0
0
0
0
0
0
0
0
0
0
0
0
0
0
0
0
0
0
0
0
0
0
0
0
0
0
0
0
0
0
0
0
0
0
0
0
0
0
0
0
0
0
0
0
0
0
0
0
0
0
0
0
0
0
0
0
0
0
0
0
0
0
0
0
0
0
0
0
0
0
0
0
0
0
0
0
0
0
0
0
0
0
0
0
0
0
0
0
0
0
0
0
0
0
0
0
0
0
0
0
0
0
0
0
0
0
0
0
0
0
0
0
0
0
0
0
0
0
0
0
0
0
0
0
0
0
0
0
0
0
0
0
0
0
0
0
0
0
0
0
0
0
0
0
0
0
0
0
0
0
0
0
0
0
0
0
0
0
0
0
0
0
0
0
0
0
0
0
0
0
0
0
0
0
0
0
0
0
0
0
0
0
0
0
0
0
0
0
0
0
0
0
0
0
0
0
0
0
0
0
0
0
0
0
0
0
0
0
0
0
0
0
0
0
0
0
0
0
0
0
0
0
0
0
0
0
0
0
0
0
0
0
0
0
0
0
0
0
0
0
0
0
0
0
0
0
0
0
0
0
0
0
0
0
0
0
0
0
0
0
0
0
0
0
0
0
0
0
0
0
0
0
0
0
0
0
0
0
0
0
0
0
0
0
0
0
0
0
0
0
0
0
0
0
0
0
0
0
0
0
0
0
0
0
0
0
0
0
0
0
0
0
0
0
0
0
0
0
0
0
0
0
0
0
0
0
0
0
0
0
0
0
0
0
0
0
0
0
0
0
0
0
0
0
0
0
0
0
0
0
0
0
0
0
0
0
0
0
0
0
0
0
0
0
0
0
0
0
0
0
0
0
0
0
0
0
0
0
0
0
0
0
0
0
0
0
0
0
0
0
0
0
0
0
0
0
0
0
0
0
0
0
0
0
0
0
0
0
0
0
0
0
0
0
0
0
0
0
0
0
0
0
0
0
0
0
0
0
0
0
0
0
0
0
0
0
0
0
0
0
0
0
0
0
0
0
0
0
0
0
0
0
0
0
0
0
0
0
0
0
0
0
0
0
0
0
0
0
0
0
0
0
0
0
0
0
0
0
0
0
0
0
