0
0
-8.323299701546463e-09
0
0
0
0
0
0
0
0
0
0
0
0
0
0
0
0
0
0
0
0.00042108192525316056
0.01863539558037493
0
0
0
0
0
0
0
0
0
0
0
0
0
0
0
0
0
0
0
0.0007287484017600411
0
0
0
0
0.0011213913774591202
0
0
0
0
0
0
0
0
0
0
0
0
0
0
0
0
0
0
0
0
0
0
0
0
0
0
0
0
0
0.0007773544083896978
0
0
0
0
0
0
0
0
0
0
0
0.0014663264154826888
0
0
0.0004713862743102541
0.0007253506177335159
0
0
0
0
0
0
0
0
0
0
0
0
0
0
0
0.0013069353190250871
0
0
0
0
0
0
0
0
0
0
0
0.03795186505281106
0
0.0007261580080989831
0
0
0
0
0
0
0
0
0
0
0
0
0
0
0
0
0
0
0
0
0
0
0
0
0
0
0
0
0
0
0.03333740979357596
0
0
0
0
0
0
0
0
0
0
0
0
0
0
0
0
0
0.00025535930097022946
0
0
0
0.0006124482041954297
0
0
0
0
0
0
0
0
0
0
0
0
0
0
0
0
0
0
0
0
0.0004198642404291625
0
0
0
0
0.00017601154141097923
0
0
0
0.04130121420242757
0
0
0
0
0
0
0.0008932715367700204
0
0
0
0
0
0
0
0
0
0
0
0
0
0
0
0
0
0.00038803061317035275
0
0
0
0
0
0
0
0
0.0004777486007905554
0.0006567326786165777
0
0
0
0
0
0
0
0
0
0
0
0
0
0
0
0
0
0
0
0
0
0
0
0
0
0
0
0
0
0
0
0
0
0
0
0
0
0
0
0
0
0
0
0
0
0
0
0
0
0
0
0
0
0
0
0
0
0
0
0
0
0
0
0
0
0
0
0.00031742281138813093
0
0
0
0
0
0
0
0
0
0
0
0
0
0
0
0
0
0
0
0
0
0
0
0
0
0
0
0
0
0
0
0.000574061079590732
0
0
0
0
0
0
0
0
0
0
0
0
0
0
0
0
0
0
0
0
0
0
0
0
0
0
0
0
0
0
0
0.00023120760454422887
0
0
0
0
0
0
0
0
0
0.00044867958971309666
0
0
0
0
0
0
0
0
0
0
0
0
0
0
0
0.00035193607307761136
0
0
0
0
0.0038024352105800793
0
0
0
0
0
0
0
0
0
0
0
0
0
0
0
0
0
0
0
0
0
0
0
0
0.0007031051759675632
0
0
0
0
0
0
0
0
0
0
0
0
0
0
0
0
0
0
0
0
0
0.00035713241299961484
0
0
0
0
0
0
0
0
0
0
0
0
0
0
0
0
0
0
0
0
0
0
0
0
0
0
0
0
0
0.03745436712964798
0.04902016376320175
0
0
0
0
0
0
0
0.0017350106759835113
0
0
0
0
0
0
0
0
0
0
0
0.0004155572907827384
0
0
0
0
0
0
0.00025935856260939576
0
0
0
0.0006192534384415079
0
0
0
0
0
0
0
0
0
0
0
0
0
0
0
0
0
0
0
0.00012455860876026467
0.001653789620633982
0
0
0
0
0
0
0
0
0
0
0
0
0.0008817199469721508
0
0
0
0
0
0
0
0
0
0
0
0
0
0
0
0
0
0
0
0
0
0
0
0
0
0
0
0
0
0
0
0
0
0
0
0
0
0
0
0
0
0
0
0
0
0
0
0.0005125870333532401
0
0
0
0
0
0
0
0
0
0
0.0002918117290166237
0
0
0
0
0
0
0
0
0
0
0
0
0
0
0
0
0
0
0
0
0
0
0
0
0
0
0
0
0
0
0
0
0
0
0
0
0
0
0
0
0
0
0
0
0
0
0
0
0
0
0
0
0
0
0
0
0
0
0
0
0
0
0
0
0
0
0
0
0
0
0
0
0
0
0
0
0
0
0
0
0
0
0
0
0
0
0
0
0
0
0
0
0
0
0
0
0
0
0
0
0
0
0
0
0
0
0
0
0
0
0
0
0
0
0
0.0005044718969943801
0
0
0
0
0
0
0
0
0
0
0
0
0
0
0
0
0
0
0
0
0
0
0
0
0
0
0
0
0
0
0
0
0
0
0
0
0
0
0.0005908252418775471
0
0
0
0
0
0
0
0
0
0
0
0
0
0
0
0
0
0
0
0
0
0
0
0
0
0
0
0
0
0
0
0
0
0
0
0
0
0
0
0
0
0
0
0
0
0
0
0
0
0
0
0
0.0007078286553545946
0
0
0
0
0
0
0
0
0
0
0
0
0
0
0
0
0
0
0
0
0
0
0
0
0
0
0
0
0
0
0
0
0
0
0
0
0
0
0
0
0
0
0
0
0
0
0
0
0
0
0
0
0
0
0
0
0
0
0
0
0
0
0
0
0
0
0
0
0
0
0
0
0
0
0
0
0
0
0
0
0
0
0
0
0
0
0
0
0
0
0
0
0
0
0
0
0
0
0
0
0
0
0
0
0
0
0
0
0
0
0
0
0
0
0
0
0
0
0
0
0
0
0
0.00038087077027025074
0
0
0
0
0
0
0
0
0
0
0.000483831919845914
0
0
0
0
0
0
0
0
0
0
0
0
0
0
0
0
0
0
0
0
0
0
0
0
0
0
0
0
0
0
0
0
0
0
0
0
0
0
0
0
0
0
0
0
0.04335641405528593
0
0
0
0
0
0.0009951017564969846
0
0
0
0
0
0
0
0
0
0
0
0
0
0
0
0
0
0
0
0
0
0
0
0
0
0
0
0
0
0
0
0
0
0
0
0
0
0
0
0
0
0
0
0
0
0
0
0
0
0
0
0
0
0
0
0
0
0
0
0
0
0
0
0
0
0
0
0
0
0
0
0
0
0
0
0
0
0
0
0
0
0
0
0
0
0
0
0
0
0
0
0
0
0
0
0
0
0
0
0
0
0
0
0
0
0
0
0
0
0
0
0
0
0
0
0
0
0
0
0
0
0
0
0
0
0
0
0
0
0
0
0
0
0
0
0
0
0
0
0
0
0
0
0
0
0
0.00034645028614944045
0
0
0
0
0
0
0
0
0
0
0
0
0
0
0
0
0
0
0
0
0
0
0
0
0
0
0
0
0
0
0
0
0
0
0
0
0
0
0
0
0
0
0
0
0
0
0
0
0
0
0
0
0
0
0
0
0
0
0
0
0
0
0
0
0
0
0
0
0
0
0.0002744825248268238
0
0
0
0
0
0
0
0
0
0
0
0
0
0
0
0
0.049828394012516423
0
0
0
0
0
0.0008861896198194024
0
0
0
0
0.0011040063025451968
0.0006083834920698573
0
0
0
0
0
0
0
0
0
0
0
0
0.0010044057668133345
0
0
0
0
0
0
0
0
0.00037447712441273463
0
0
0
0
0
0
0.0005702151136110865
0
0
0
0
0
0
0
0
0
0
0
0
0
0
0.0005598044147724076
0
0
0
0
0
0
0
0
0
0
0.0009644602645991375
0
0
0
0
0
0
0
0
0
0
0
0
0
0
0
0
0.00041937980341777355
0
0
0
0
0
0
0
0
0
0
0
0
0
0
0
0
0
0
0
0
0
0
0
0
0
0
0
0
0
0
0
0
0
0
0
0
0
0
0
0
0
0
0
0
0
0
0
0
0
0
0
0
0
0
0
0
0.000465596662150454
0.0002356744114711577
0
0
0
0
0
0
0
0
0
0
0
0
0
0
0
0
0
0
0
0
0
0
0
0
0
0
0
0
0
0
0
0
0
0
0
0
0
0
0
0
0
0
0
0
0
0
0
0
0
0
0
0
0
0
0
0
0
0
0
0
0
0
0
0
0
0
0
0
0
0.002146208624019988
0
0
0
0
0
0
0
0
0
0
0
0
0
0
0
0
0
0
0
0
0
0
0
0
0
0
0
0
0
0
0
0
0
0
0
0
0
0
0
0
0
0
0
0
0
0
0
0
0
0
0
0
0
0
0
0
0
0
0
0
0
0
0
0
0
0
0
0
0
0
0
0
0
0
0
0.00044824285394955187
0
0
0
0
0
0
0
0
0
0
0
0
0
0
0
0
0
0
0
0
0
0
0
0
0
0
0
0
0
0
0
0
0
0
0
0
0
0
0
0
0
0
0
0
0
0
0
0
0
0
0
0
0
0
0
0
0
0
0
0
0
0
0
0
0
0
0
0
0
0
0
0
0
0
0
0
0
0
0
0
0
0
0
0
0
0
0
0
0
0
0
0
0
0
0
0
0
0
0
0
0
0
0
0
0
0
0
0
0
0
0
0
0
0
0
0.04039061521043989
0
0.04039893862368393
0
0
0
0
0
0
0
0
0
0
0
0
0
0
0
0
0
0
0
0
0
0
0
0
0
0
0
0
0
0
0
0
0
0
0
0
0
0
0
0
0
0
0
0
0.03558369079039377
0
0
0
0
0
0
0
0
0
0
0
0
0
0
0
0
0
0
0
0
0
0.00045326526157004373
0
0
0
0
0
0
0
0
0
0
0
0
0
0
0
0
0
0
0
0
0
0
0
0
0
0
0
0
0
0
0.0009994302616707891
0
0
0
0
0
0
0
0
0
0
0
0
0
0
0
0
0
0
0
0
0
0
0
0
0
0
0
0
0
0
0
0
0
0
0
0
0
0
0
0
0
0
0
0
0
0
0
0
0
0
0
0
0
0
0
0
0
0
0
0
0
0
0
0
0
0
0
0
0
0
0
0
0
0
0
0
0
0
0
0.0036643429707315257
0
0
0
0
0
0
0
0
0.0017236467577706784
0
0
0
0.0006430508525845164
0
0
0
0
0
0
0
0
0
0
0
0
0
0
0
0
0
0
0
0
0
0
0
0
0
0.03310968263137729
0
0
0
0
0
0
0
0
0
0
0
0
0
0
0
0
0
0
0
0
0
0
0
0
0
0.02682587638221559
0
0
0
0
0
0
0
0
0
0
0
0
0
0
0
0
0.0008558335320243145
0
0
0
0
0
0.000810260393051109
0
0
0
0
0
0
0
0
0
0
0
0
0
0
0
0
0
0
0
0
0
0
0
0
0
0
0
0
0
0
0
0
0
0
0
0
0
0
0
0
0
0
0
0
0
0
0
0
0
0
0
0
0
0
0
0
0
0
0
0
0
0
0
0
0
0
0
0
0
0.0015643535930422866
0
0
0
0
0
0
0
0
0
0
0
0
0
0
0
0
0
0
0
0
0
0.0013101833325137398
0
0
0
0
0
0
0
0
0
0
0
0
0
0
0
0
0
0.0020762340002046173
0
0
0
0
0
0.0021791971931123238
0
0
0
0
0
0
0
0
0
0
0
0
0
0
0
0
0
0.0006328107559323843
0.0009644602645991375
0
0
0
0
0
0
0
0
0
0
0
0
0
0
0
0
0
0
0
0
0
0
0
0
0
0
0
0
0
0
0
0
0
0
0
0
0
0
0
0
0
0
0
0
0
0
0
0.04828179761391468
0
0
0
0
0
0
0
0
0
0
0
0
0
0
0
0.0016047865183271722
0
0
0
0
0
0
0
0
0
0
0
0
0
0
0
0
0
0
0
0
0
0
0
0
0
0
0.0006492174939868902
0
0
0
0
0
0
0
0
0
0
0
0
0
0
0
0
0
0
0
0
0
0
0
0
0
0
0
0
0
0
0
0
0
0
0
0
0
0
0
0
0
0
0
0
0.0007909904179477028
0
0
0.000920358641117209
0
0
0
0.0004552289482062487
0
0
0
0
0
0
0
0
0
0
0
0
0
0
0
0
0
0
0
0
0
0
0
0
0
0
0
0
0
0
0
0
0
0
0
0
0
0
0
0
0
0
0
0
0
0
0
0
0
0
0
0
0
0
0.000425168765459247
0
0
0
0
0
0
0
0
0
0
0
0
0
0
0
0
0
0
0
0
0
0
0
0
0
0
0
0
0
0
0
0
0
0
0
0
0
0
0
0
0
0
0
0
0
0
0
0
0
0
0
0
0
0
0
0
0
0
0
0
0
0
0
0
0
0
0
0
0
0
0
0
0
0
0
0
0
0
0
0
0
0
0
0
0
0
0
0
0
0
0
0
0
0
0
0
0
0
0
0
0
0
0
0
0
0
0
0
0
0
0
0
0
0
0
0
0
0
0
0
0
0
0
0
0
0
0
0
0
0
0
0
0
0
0
0
0
0
0
0
0
0
0
0
0
0
0
0
0
0
0
0
0
0
0
0
0
0
0
0
0
0
0
0
0
0
0
0
0
0
0
0
0
0
0
0
0
0
0
0
0
0
0
0
0
0
0
0
0
0
0
0
0
0
0
0
0
0.0007692566164222445
0
0
0
0
0
0
0
0
0
0
0
0
0
0
0
0
0
0
0
0
0
0
0
0
0
0
0
0
0
0
0
0
0.0006295408705752362
0
0
0
0
0
0
0
0
0
0
0
0
0
0
0
0
0
0
0.0011080569942456121
0
0
0
0
0
0
0
0
0
0
0
0
0
0
0
0
0
0
0
0
0
0
0
0
0
0
0
0
0
0
0
0
0
0
0
0
0
0
0
0.0008322364691063747
0
0
0
0
0
0
0
0
0
0
0
0
0
0
0
0
0
0
0
0
0
0
0
0
0
0
0
0
0.0006079801063943875
0.04468991040094265
0
0
0
0
0
0
0
0
0
0
0
0
0.0007060903185738466
0
0
0
0
0
0
0
0
0
0
0
0
0
0
0
0
0
0
0
0
0
0
0
0
0
0
0
0
0
0
0.0006205575950529312
0
0
0
0
0
0
0
0
0
0
0
0
0
0
0
0
0
0
0
0
0
0
0
0
0
0
0
0
0
0
0
0
0
0
0
0
0
0
0
0
0
0
0
0
0
0
0
0
0
0
0
0
0
0
0
0
0
0
0
0
0
0
0
0
0
0
0
0
0
0
0
0
0
0
0
0
0
0
0
0
0
0
0
0
0
0
0
0
0
0
0
0
0
0
0
0
0
0
0
0
0
0
0
0
0
0
0
0
0
0
0
0
0
0
0
0
0
0
0
0
0
0
0
0
0
0
0
0
0
0
0
0
0
0
0
0.0006797945254017661
0
0
0
0
0
0
0
0
0
0
0
0
0
0
0
0
0
0
0
0
0
0
0
0
0
0
0
0
0
0
0
0
0
0
0
0
0
0
0.0006611946240924142
0
0
0
0
0
0
0
0
0
0
0
0
0
0
0
0
0
0.002657943422893562
0.001603420336564392
0
0
0
0
0
0
0
0
0
0
0
0
0
0
0
0
0
0
0
0
0
0
0
0
0
0
0
0
0
0
0
0
0
0
0
0
0
0
0
0
0
0
0
0
0
0
0
0
0
0
0
0
0
0
0
0
0.0009899294590040545
0
0
0.045126514533984134
0
0
0
0
0
0
0
0
0
0
0
0
0
0
0
0
0
0
0
0
0
0
0
0
0
0
0
0
0.0015209740842320317
0
0
0
0.0007386305732013728
0
0
0
0
0
0
0
0
0
0
0
0
0
0
0
0
0
0
0
0
0
0
0
0
0
0
0
0
0
0
0
0
0
0
0
0
0
0
0
0
0
0
0
0
0
0
0
0
0
0
0
0
0
0
0
0
0
0
0
0
0
0
0
0.0011531411616882985
0
0
0
0
0
0
0
0
0
0
0
0
0
0
0
0
0
0
0
0.0019368559023323576
0
0
0
0
0
0
0
0
0
0
0
0
0
0
0
0
0
0
0
0
0
0
0
0
0
0
0
0
0
0
0
0
0
0
0
0
0
0
0
0
0
0
0
0
0
0
0
0
0
0
0
0
0
0
0
0.0007194525896371107
0
0
0
0
0
0
0
0
0
0
0
0
0
0
0
0
0
0
0
0
0
0
0
0
0
0
0
0
0
0
0
0
0
0
0
0
0
0
0
0
0
0
0
0
0
0
0
0
0
0
0
0
0
0
0
0
0
0
0
0
0
0
0
0
0
0
0
0
0
0
0
0
0
0
0
0
0
0
0
0
0
0
0
0
0
0
0
0
0
0
0
0
0
0
0
0
0
0
0
0
0
0
0
0
0
0
0
0
0
0
0.001471746098012092
0
0
0
0
0
0
0
0
0
0
0
0
0
0
0
0
0
0
0
0
0
0
0
0
0.0016264347445113648
0
0
0
0
0
0
0
0
0
0
0
0
0
0
0
0
0
0
0
0
0
0
0
0
0
0
0
0
0
0
0
0
0
0
0
0
0
0
0
0.0019818896515422643
0
0.0011080569942456121
0
0
0
0
0
0
0
0
0
0
0
0
0
0
0
0
0
0
0
0
0
0
0
0
0
0
0
0
0
0
0
0
0
0
0
0
0
0
0
0
0
0
0
0
0
0
0
0
0
0
0
0
0
0
0
0
0
0
0
0
0
0
0
0
0
0
0
0
0
0
0
0
0
0
0
0
0
0
0
0
0
0
0
0
0
0
0
0
0
0
0
0
0
0
0
0
0
0
0
0
0
0
0
0
0
0
0
0
0
0
0
0
0
0
0
0
0
0
0
0
0
0
0
0
0
0
0
0
0
0
0
0
0
0
0
0
0
0
0
0
0
0
0
0
0
0
0
0
0
0
0
0
0
0
0
0
0
0
0
0
0
0
0
0
0
0
0
0
0
0
0
0
0
0
0
0
0
0
0
0
0
0
0
0
0
0
0
0
0
0
0
0
0
0
0
0
0
0
0
0
0
0
0
0
0
0
0
0
0
0
0
0
0
0
0
0
0
0
0
0
0
0
0
0
0
0
0
0
0
0
0
0.0006830126107240837
0
0
0
0
0
0
0
0
0
0
0
0
0
0
0
0
0
0
0
0
0
0
0
0
0
0
0
0
0
0
0
0
0
0
0
0
0
0
0
0
0
0
0
0
0
0
0
0
0
0
0
0
0
0
0
0
0
0
0
0
0
0
0
0
0
0
0
0
0
0
0
0
0
0
0
0
0
0
0
0
0
0
0
0
0
0
0
0
0
0
0
0
0
0
0
0
0
0
0
0
0
0
0
0
0
0
0
0
0
0
0
0
0
0
0
0
0
0
0
0
0
0
0
0
0
0
0
0
0
0
0
0
0
0
0
0
0
0
0
0
0
0
0
0
0
0
0
0
0
0
0
0
0
0
0
0
0
0
0
0.0008883737866518407
0
0
0
0
0
0
0
0
0
0
0
0
0
0
0
0
0
0
0
0
0
0
0
0
0
0
0
0
0
0
0
0
0
0
0.000707604487342337
0
0
0
0
0
0
0
0
0
0
0
0
0
0
0
0
0
0
0
0
0
0
0
0
0.0014372684627780134
0
0
0
0
0
0
0
0
0
0
0
0
0
0
0
0
0
0
0
0
0
0
0
0
0
0
0
0
0
0
0
0
0
0
0
0
0
0
0
0
0
0
0
0
0
0
0
0
0
0
0
0
0
0
0
0
0
0
0
0
0
0
0
0
0
0
0
0
0
0
0
0
0
0
0
0
0
0
0.0006572835236420353
0
0
0
0
0
0
0
0
0
0
0.0008193041663814094
0
0
0
0
0
0
0
0
0
0
0
0
0
0
0
0
0
0
0
0
0
0
0
0
0
0
0
0
0
0
0
0
0
0
0
0
0
0
0
0
0
0
0
0
0
0
0
0
0
0
0
0
0.0011181711646166468
0
0
0
0
0
0
0
0
0
0
0
0
0
0
0
0
0
0
0
0
0
0
0
0
0
0
0
0
0
0
0
0
0
0
0
0
0
0
0
0
0
0
0
0
0
0
0
0
0
0
0
0
0
0
0
0
0
0
0
0
0
0
0
0
0
0
0
0
0
0
0
0
0.0028380056007290613
0
0
0
0
0
0
0
0
0
0
0.002443303428249151
0
0
0
0.0007367868431309157
0
0
0
0
0
0
0
0
0
0
0
0
0
0
0
0
0.0005970873187152847
0
0
0
0
0
0
0
0
0
0
0
0
0.00213088166895396
0
0
0
0
0
0
0
0
0
0
0
0
0
0
0
0
0
0
0
0
0
0
0
0
0
0
0
0
0
0
0
0
0
0
0
0
0
0
0
0
0
0
0
0
0
0
0
0
0
0
0
0
0
0
0
0
0
0
0
0
0
0
0
0
0
0
0
0
0
0
0
0.0018990474121933151
0
0
0
0
0
0
0
0
0
0
0
0
0
0
0
0
0.0007414374885072073
0
0
0
0
0
0
0
0
0
0
0
0
0
0
0
0
0
0
0
0
0
0
0
0
0
0
0
0
0
0.001216683726820435
0
0
0
0
0
0
0
0
0
0.0010203566670342937
0
0
0
0
0
0
0
0.0005926411978675781
0
0.0006455908635901352
0
0
0
0
0
0
0
0
0
0
0
0
0
0
0
0
0
0
0
0
0
0
0
0
0
0
0
0
0
0
0
0
0
0
0
0
0
0
0
0
0
0
0
0.0005253685735807123
0
0
0
0
0
0
0
0
0
0
0
0
0
0
0
0
0
0
0.0010319705162983154
0
0
0
0
0
0
0
0
0
0
0
0
0
0
0
0
0
0
0
0
0
0
0
0
0
0
0
0
0
0
0
0
0
0
0
0
0
0
0
0
0
0
0
0
0
0
0
0
0
0
0
0
0
0
0
0
0
0
0
0
0
0
0
0
0
0
0
0
0
0
0
0
0
0
0
0
0
0
0
0
0
0
0
0
0
0
0
0
0
0.0012208322875224531
0
0
0
0
0
0
0
0.0018527737877438355
0
0
0.000681073840656297
0
0
0
0
0
0
0
0
0
0
0
0
0
0
0
0
0
0
0
0
0
0
0
0
0
0
0
0
0
0
0
0
0
0
0
0
0
0
0
0
0
0
0
0
0
0
0
0
0
0
0
0
0
0
0
0
0
0
0
0
0
0
0
0
0
0
0
0
0
0
0
0
0
0
0
0
0
0
0
0
0
0
0
0
0
0
0
0
0
0
0
0
0
0
0
0
0.0015043646091840734
0
0
0
0
0
0
0
0
0
0
0
0
0
0
0
0
0
0
0
0
0
0
0
0
0
0
0
0
0
0
0
0
0
0
0
0
0
0.0011080569942456121
0
0
0
0
0
0
0
0
0
0
0
0
0
0
0
0
0
0
0
0
0
0
0
0
0
0
0
0
0
0
0
0
0
0
0
0
0
0
0
0
0
0
0
0
0
0
0
0
0
0
0
0
0
0
0
0
0
0
0
0
0
0
0
0
0
0
0
0
0
0
0
0
0
0
0
0
0
0
0
0
0
0
0
0
0
0
0
0
0
0
0
0
0
0
0
0
0
0
0
0
0
0
0
0
0
0.0011080569942456121
0
0
0
0
0
0
0
0
0
0
0
0
0
0
0
0
0
0
0
0
0
0
0
0
0
0
0
0
0
0
0
0
0
0
0
0
0
0
0
0
0
0
0
0
0
0
0
0
0
0
0
0
0
0
0
0
0
0
0
0
0
0
0
0
0
0.00213088166895396
0
0
0
0
0
0
0
0
0
0
0
0
0
0
0
0
0
0
0
0
0
0
0
0
0
0
0
0
0
0
0
0
0
0
0
0
0
0
0
0
0
0
0
0
0
0
0
0
0
0
0
0
0
0
0
0
0
0
0
0
0
0
0
0.0019892157470786874
0
0
0
0
0
0
0
0
0
0
0
0
0
0
0
0
0
0
0
0
0
0
0
0
0
0
0
0
0
0
0
0
0
0
0
0
0
0
0
0
0
0
0
0
0
0
0
0
0
0
0
0
0
0
0
0
0
0
0
0
0
0
0
0
0
0
0
0
0
0
0
0
0
0
0
0
0
0
0
0
0
0
0
0
0
0
0
0
0
0
0
0
0
0
0
0
0
0
0
0
0
0
0
0
0
0
0
0
0
0
0
0
0
0
0
0
0
0
0
0
0
0
0
0.029631299911666426
0.0010445144291134755
0.0007703881393768732
0
0
0
0
0
0
0
0
0
0
0
0
0
0
0
0
0
0
0
0
0
0
0
0
0
0
0
0
0
0
0
0
0
0
0
0
0
0
0
0.05216259305977621
0
0
0
0
0
0
0
0
0
0
0
0
0
0
0
0
0
0
0
0
0
0
0
0
0
0
0
0
0
0
0.0007749977437032003
0
0
0
0
0
0
0
0.0009994302616707891
0
0
0
0
0
0
0
0
0
0
0
0
0
0
0
0.0009644602645991375
0
0
0
0
0
0
0
0
0
0
0
0
0
0
0
0
0
0
0
0
0
0
0
0
0
0
0
0
0
0.0009174292988492021
0
0
0
0
0
0
0
0
0.0026508734288340696
0
0
0
0
0
0
0
0
0
0
0
0
0
0
0
0.0018466875674469849
0
0
0
0
0
0
0
0
0
0
0
0
0
0
0
0
0
0
0
0
0
0
0
0
0
0
0
0
0
0
0
0
0
0
0
0
0
0.0012017825472742322
0
0
0
0.0016417270699053256
0
0
0
0
0
0
0
0
0
0
0.0009810826521999571
0
0
0
0
0
0
0
0
0
0
0
0
0
0
0
0
0
0
0
0
0
0
0
0
0
0
0.0009605905556835489
0
0
0
0
0
0
0
0
0
0
0
0
0
0
0
0
0
0
0
0
0
0
0
0
0
0
0
0
0
0
0
0
0
0
0
0
0
0
0
0
0
0
0
0
0
0
0
0
0
0
0
0
0
0
0
0
0
0
0
0
0
0
0
0
0
0
0
0
0
0
0
0
0
0
0
0
0
0
0
0
0
0
0
0
0
0
0
0
0
0
0
0
0
0
0
0
0
0
0
0
0
0
0
0
0
0
0
0
0
0
0.0009391870867906245
0
0
0
0
0
0
0
0
0
0
0
0
0
0
0
0
0
0
0
0
0
0
0
0
0
0
0
0
0
0
0
0
0
0
0
0
0
0.0010203566670342937
0
0
0
0
0
0
0
0
0.004406513632146157
0
0
0
0
0
0
0
0
0
0
0
0
0
0
0
0.0038890363307683656
0
0
0
0
0
0
0
0
0.002029714644267218
0
0
0
0
0
0
0
0
0
0
0
0
0
0
0
0
0
0
0
0
0
0
0
0
0
0
0
0
0
0
0
0
0
0
0
0
0
0
0
0
0
0
0
0
0
0
0
0
0
0
0
0
0
0
0
0
0
0
0
0
0
0
0
0
0
0
0
0
0
0
0
0
0
0
0
0
0
0
0
0
0
0
0
0
0
0
0
0
0
0
0
0
0
0
0
0
0
0
0
0
0
0
0
0
0
0
0
0
0
0
0
0
0
0
0
0
0
0
0
0
0
0
0
0
0
0
0
0
0
0.0011080569942456121
0
0
0
0
0
0
0
0
0
0
0
0
0
0
0
0
0
0
0
0
0
0
0
0
0
0
0
0
0
0
0
0
0
0
0
0
0
0
0
0
0
0
0
0
0
0
0
0
0
0
0
0
0
0
0
0
0
0
0
0
0
0
0
0
0.0022811944977462768
0
0
0
0
0
0
0
0
0
0
0
0
0
0
0
0
0
0
0
0
0
0
0
0
0
0
0
0.0009460018669096871
0
0
0
0
0
0
0
0
0
0
0
0.0008618233788853392
0
0
0
0
0
0
0
0.002604153883082681
0
0
0
0
0
0
0
0
0
0
0
0
0
0
0
0
0
0
0
0
0
0
0
0
0
0
0
0
0
0
0
0
0
0
0
0
0
0
0
0
0
0
0
0
0
0
0
0
0
0
0
0
0
0
0
0
0
0
0
0
0
0
0
0
0
0
0
0
0
0
0
0
0
0
0
0
0
0
0
0
0
0
0
0
0
0
0
0
0
0
0
0
0
0
0
0
0
0
0
0
0
0
0
0
0
0
0
0
0
0
0
0
0
0
0
0
0
0
0
0
0
0
0
0
0
0
0.00216225087708967
0
0
0
0
0
0
0
0
0
0
0
0
0
0
0
0
0.001970773339925284
0
0
0
0
0
0
0
0
0
0
0
0
0
0
0
0
0
0
0
0
0
0
0
0
0
0
0
0
0
0
0
0
0
0
0
0
0
0
0
0
0
0
0
0
0
0
0
0
0
0
0
0
0
0
0
0
0
0
0
0
0
0
0
0
0
0
0
0
0
0
0
0
0
0
0
0
0
0
0
0
0
0
0
0
0
0
0
0
0
0
0
0
0
0
0
0
0
0
0
0
0
0
0
0
0
0.0008957790342385114
0
0.0010730869971739604
0.0011405972488731384
0
0
0
0
0
0
0
0
0
0
0
0
0
0
0
0
0
0
0
0
0
0
0
0
0
0
0
0
0
0
0
0
0
0
0
0
0
0
0
0
0
0
0
0
0
0
0
0
0
0
0
0.005990834724170202
0
0
0
0
0
0
0
0
0
0
0
0
0
0
0
0
0
0
0
0
0
0
0
0
0
0
0
0
0
0
0
0
0
0
0
0
0
0
0
0
0
0
0
0
0
0
0
0
0
0
0
0
0
0
0
0
0
0
0
0
0
0
0
0
0
0
0
0
0
0
0
0
0
0
0
0
0
0
0
0
0
0
0
0
0
0
0
0
0
0
0
0
0.0021791971931123238
0
0
0
0.0043583943862246476
0
0
0
0
0
0
0
0
0
0
0
0
0
0
0
0
0
0
0
0
0
0
0
0
0
0
0
0
0
0.0010044057668133345
0
0
0
0
0
0
0
0
0
0
0
0
0
0
0
0
0
0
0
0
0
0
0
0
0
0
0
0
0
0
0
0
0
0
0
0
0
0
0
0
0
0
0
0
0
0
0
0
0
0
0
0
0
0
0
0
0
0
0
0
0
0
0
0
0
0
0
0.0010581504386714805
0
0
0
0
0
0
0
0
0
0
0
0
0
0
0
0
0
0
0
0
0
0
0
0
0
0
0
0
0
0
0
0
0
0
0
0
0
0
0
0.000953126514155692
0
0
0
0
0
0
0
0
0
0
0
0
0
0
0
0
0
0
0
0
0
0
0
0
0
0
0
0
0
0
0
0
0
0
0
0
0
0
0
0
0
0
0
0
0
0
0
0
0
0
0
0
0
0
0
0
0
0
0
0
0.0010895985965561619
0
0
0
0
0.0007909904179477028
0
0
0.0033241709827368363
0
0
0
0
0
0
0
0
0
0
0
0
0
0.002102368339317312
0
0
0
0
0
0
0
0
0
0
0
0
0
0
0
0
0
0
0
0
0
0
0
0
0
0
0
0
0
0
0
0
0
0
0
0
0
0.0008391261609134765
0
0
0
0
0
0
0
0
0.0020762340002046173
0
0
0
0
0
0
0
0
0
0
0
0
0
0
0
0
0.001051184169658656
0
0
0
0
0
0
0
0
0
0
0
0
0
0
0
0
0
0
0
0
0
0
0
0
0
0.0009495237060966576
0
0
0
0
0
0
0
0
0
0
0
0
0
0
0
0
0
0
0
0
0
0
0
0
0
0
0
0
0
0
0
0.00106544083447698
0
0
0
0
0
0
0
0
0
0
0
0
0
0
0
0
0
0
0
0
0
0
0
0
0
0
0
0
0
0
0
0
0
0
0
0
0
0
0
0
0
0
0
0
0
0
0
0
0
0
0
0
0
0
0
0
0
0
0
0
0
0
0
0
0
0
0
0
0
0
0
0
0
0
0
0
0
0
0
0
0
0
0
0
0
0
0
0.0026236109663750435
0.002102368339317312
0
0
0
0
0
0
0
0
0
0
0
0
0
0
0
0
0
0
0
0
0
0
0
0
0
0
0
0
0
0
0
0
0
0
0
0
0
0
0
0
0
0
0
0
0
0
0
0
0
0.0008147170511486696
0
0
0
0
0
0
0
0
0
0
0
0
0
0
0
0
0
0
0
0
0
0
0
0
0
0
0
0
0
0
0
0
0
0
0
0
0
0
0
0
0
0
0
0
0
0
0
0
0
0
0
0
0
0
0
0
0
0
0
0
0
0
0
0
0
0
0
0
0
0
0
0
0
0
0
0
0.0007304994283386535
0
0
0.0018348585976984042
0
0
0
0
0
0
0
0
0
0
0
0
0
0
0
0
0
0
0
0
0
0
0
0
0
0
0
0.000980971863981339
0
0
0
0
0
0
0
0
0
0
0
0
0.000980971863981339
0
0
0
0
0
0
0
0
0
0
0
0
0
0
0
0
0
0
0
0
0
0
0
0
0
0
0
0
0
0
0
0
0
0
0
0
0
0
0
0
0
0
0
0
0
0
0
0
0
0
0
0
0
0
0
0
0
0
0
0
0
0
0
0
0
0
0
0
0
0
0
0
0
0
0
0
0
0
0
0
0
0
0
0
0
0
0
0
0
0
0
0
0
0
0
0
0
0
0
0
0
0
0
0
0
0
0
0
0
0
0
0
0
0
0
0
0
0
0
0
0.0010445144291134755
0
0
0
0
0
0
0
0
0
0
0
0
0
0
0
0
0
0
0
0
0
0
0
0
0
0
0
0
0
0
0
0
0
0
0
0
0
0
0
0
0
0
0
0
0
0
0
0
0
0
0
0
0
0
0
0
0
0
0
0
0
0
0
0
0
0
0
0
0
0
0
0
0
0
0
0.0011080569942456121
0
0
0
0.0005132459631890076
0
0
0
0
0
0
0
0
0
0
0
0
0
0
0
0
0
0
0
0
0
0
0
0
0
0
0
0
0
0
0
0
0
0
0
0
0
0
0
0
0
0
0
0
0
0
0
0
0
0.0011289833996091167
0
0
0
0
0.0005661524768754977
0
0
0
0
0
0
0
0
0
0
0
0
0
0
0.0010895985965561619
0
0
0
0
0
0
0
0
0
0
0
0
0
0
0
0
0
0
0.0008088025662743791
0
0
0
0
0
0
0
0
0
0
0
0
0
0
0
0
0
0
0
0
0
0
0
0
0.0017535198747756383
0
0
0
0
0.0007414374885072073
0
0
0
0.002827672311251499
0
0
0
0
0
0
0
0
0
0
0.002702753098401002
0
0
0
0
0
0
0
0
0
0.0011531411616882985
0
0
0
0
0
0
0
0
0
0
0
0
0
0
0
0
0
0
0
0
0
0
0
0
0.002339241162231053
0
0
0
0
0
0
0
0
0
0
0
0
0
0
0
0
0
0
0
0
0
0
0
0
0
0
0
0
0
0
0
0
0
0.000810260393051109
0
0
0
0
0
0
0
0
0
0
0
0
0
0
0
0
0
0
0
0
0
0
0
0
0
0
0
0
0
0
0
0
0
0
0
0
0
0
0
0
0
0
0
0
0
0
0
0
0
0
0
0
0
0
0
0
0
0
0
0.005702986244365692
0
0
0
0
0
0
0
0
0
0
0
0
0
0
0
0
0
0.001051184169658656
0
0
0
0
0
0
0
0
0
0
0
0
0
0
0
0
0
0
0
0
0
0
0
0
0
0
0
0
0
0
0
0
0
0
0
0
0
0.001026056031424025
0
0
0
0
0
0
0
0
0
0
0
0
0
0
0
0
0
0
0
0
0
0
0
0
0
0
0
0
0
0
0
0
0
0
0
0
0
0
0
0
0
0
0
0
0
0
0
0.0011405972488731384
0.0033241709827368363
0.0009233437837234924
0
0
0
0
0.0011405972488731384
0
0
0
0
0.00213088166895396
0
0
0
0.0009644602645991375
0
0
0
0
0
0
0
0
0
0
0
0
0.0011405972488731384
0
0.0009062305895587861
0
0
0
0
0
0
0
0
0
0
0
0
0
0
0.0021461739943479208
0
0
0
0
0
0
0
0
0
0
0
0
0
0
0
0
0
0
0.002807663089615957
0
0
0
0
0
0
0
0
0
0
0
0
0
0
0
0
0
0
0
0
0
0
0
0
0
0
0
0
0
0
0
0
0
0
0
0
0
0
0
0
0
0
0
0
0
0
0
0.001970773339925284
0
0
0
0
0
0
0
0
0
0
0
0
0
0
0
0
0
0
0
0
0.001026056031424025
0
0.0022811944977462768
0
0.0010895985965561619
0
0
0
0
0.000920358641117209
0
0
0
0
0
0
0
0
0
0
0
0
0
0
0
0.001014857322133609
0.0010203566670342937
0
0
0
0
0
0.001603420336564392
0
0
0
0
0
0
0
0
0
0
0
0
0
0
0
0
0.0008932715367700204
0
0.0008059269764501829
0
0
0
0
0
0
0
0.0031336237681005748
0
0
0
0
0
0
0
0
0
0
0
0
0
0
0
0
0
0
0
0
0
0
0
0
0
0
0
0
0
0.0010445144291134755
0
0
0
0
0
0
0
0
0
0
0
0
0
0
0
0
0
0
0
0
0
0
0
0
0
0
0
0.002561660201151196
0
0
0
0
0
0
0
0
0.0033927494773093366
0
0
0
0
0
0
0
0
0
0
0
0
0
0
0
0
0
0
0
0
0
0
0
0
0
0
0.0010581504386714805
0
0.0017580297439033924
0
0
0
0
0
0
0
0
0
0
0
0.005765705808441492
0.004472684658466587
0
0
0
0
0
0
0
0
0
0
0.0007949248986139113
0
0
0
0
0
0
0
0
0
0
0
0
0
0.0011531411616882985
0
0
0
0
0
0
0
0
0
0
0
0
0
0
0
0.0008538867337170654
0
0
0
0
0
0
0
0
0
0
0
0
0
0
0
0
0
0
0
0
0
0
0.002726868422513626
0
0
0
0.0020407133340685875
0.0029362451674073056
0
0
0
0.001081125438544835
0
0
0
0
0
0
0
0
0
0
0
0
0.0009089561408378754
0
0
0
0
0
0
0
0
0.00213088166895396
0.0010895985965561619
0.002333554342492607
0.0022811944977462768
0.0011667771712463035
0.0011289833996091167
0
0.0009994302616707891
0.00350033151373891
0
0
0
0
0
0.0009946078735393437
0.0011667771712463035
0
0
0
0
0
0
0
0
0
0
0
0
0
0
0
0
0
0
0
0
0
0
0
0
0
0
0
0
0
0
0
0
0
0
0
0
0
0
0
0
0
0
0
0
0
0
0
0
0
0
0
0
0
0
0
0
0
0.0009358876965386525
0
0
0
0
0
0
0
0.0011289833996091167
0
0
0
0
0.0009035516311887343
0
0.0011080569942456121
0
0.002125101280386753
0
0
0
0
0
0
0.002197112383157755
0
0.0009035516311887343
0
0
0
0
0
0
0
0
0
0
0.0018348585976984042
0
0
0
0
0
0
0
0
0
0
0
0
0
0
0
0
0
0
0
0
0
0
0
0
0
0
0
0
0
0
0
0
0
0
0
0
0
0
0.0008500642210820303
0
0
0
0
0
0
0
0
0
0
0
0
0
0
0.0022363423292332935
0
0
0
0
0
0
0
0
0
0
0
0
0
0
0
0
0
0
0
0
0
0
0
0
0
0
0.0023634274594975667
0
0
0
0
0
0
0
0
0
0
0.0018466875674469849
0
0
0
0.0010895985965561619
0
0
0
0
0
0
0
0
0
0
0
0
0
0
0
0
0
0
0
0
0
0
0
0
0
0
0
0
0
0.0007433370905339029
0
0
0
0
0
0
0.003028633296125471
0
0
0
0
0
0
0
0
0
0
0
0
0
0
0
0
0
0
0
0
0
0
0
0
0
0
0
0
0
0
0
0
0
0
0
0
0
0
0
0
0
0
0
0
0
0
0
0
0
0
0
0
0
0
0.00335451349384994
0
0
0
0
0.001979858918008109
0
0
0
0
0
0
0
0
0
0
0
0
0
0
0
0
0
0
0
0
0
0
0
0
0
0
0
0
0
0
0
0
0
0
0
0
0
0
0
0
0
0
0.0009724987059700122
0
0
0
0.00106544083447698
0
0
0
0
0
0.0019211811113670977
0
0
0
0
0
0
0
0
0
0.0010581504386714805
0
0
0
0
0
0
0
0
0
0
0
0
0
0
0.0010895985965561619
0
0
0
0
0
0
0
0
0
0
0
0
0
0
0
0.0010730869971739604
0
0
0
0
0
0
0
0
0
0.0012617678942631215
0
0
0
0
0
0
0.0011531411616882985
0
0
0
0
0
0
0
0
0
0
0
0
0
0
0
0
0
0
0
0
0
0
0
0
0
0
0
0
0
0
0
0
0
0
0
0
0
0
0
0
0
0
0
0
0
0
0
0
0
0
0.0010581504386714805
0
0
0
0
0
0
0
0
0
0
0
0
0
0
0
0
0
0
0
0
0
0
0
0
0
0
0
0
0
0
0
0
0
0
0
0
0
0
0
0
0
0
0
0
0
0
0
0
0
0
0
0
0
0
0
0
0
0
0
0
0
0
0
0
0
0
0
0
0
0
0
0
0
0
0
0
0
0
0
0
0
0
0
0
0
0
0
0
0
0
0
0
0
0
0
0
0
0
0
0
0
0
0
0
0.007995364079866566
0
0
0
0
0
0
0
0
0.0008932715367700204
0
0
0
0
0
0
0
0
0
0
0
0
0
0
0
0.001081125438544835
0
0
0
0
0
0
0
0
0
0.006032763652197374
0
0
0
0
0
0
0
0
0
0
0
0
0
0
0
0
0
0
0
0
0
0
0
0
0
0
0.0034217917466194147
0.0011289833996091167
0
0
0
0
0
0
0
0
0
0
0
0
0
0
0
0
0
0
0
0
0
0
0
0
0
0
0
0
0
0
0
0
0
0
0
0
0
0
0
0
0
0
0
0
0
0
0
0
0
0
0
0
0.0009460018669096871
0.0014699291045363592
0
0
0
0
0
0
0
0
0
0
0
0
0
0
0
0
0
0
0
0.0010730869971739604
0.00335451349384994
0.0022363423292332935
0
0
0
0
0
0
0
0
0
0
0
0
0
0
0
0
0
0
0
0
0
0
0
0
0
0
0
0.001051184169658656
0.002089028858226951
0
0
0
0
0
0
0
0
0
0
0
0
0
0
0
0
0
0
0
0
0
0
0
0
0
0
0
0
0.0008680512943608937
0.0010581504386714805
0
0
0
0
0
0.0010095444320418238
0
0
0
0
0
0
0
0
0
0
0
0
0
0
0
0
0
0
0
0
0
0
0
0
0
0.004472684658466587
0
0
0
0
0
0
0
0
0.0010895985965561619
0
0
0
0
0
0.00627045323966958
0
0
0
0
0
0
0
0
0
0
0
0
0
0
0
0
0.003923887455925356
0
0
0
0
0
0
0
0
0
0
0
0
0
0
0
0
0
0
0
0
0
0
0
0
0
0.0010095444320418238
0
0
0
0
0
0
0
0
0.000953126514155692
0
0
0
0
0
0
0
0
0
0
0
0
0
0
0
0
0
0
0
0
0
0
0
0
0
0
0
0
0
0
0
0
0
0
0
0
0
0
0
0.001603420336564392
0
0
0
0
0
0
0
0.000835643456512174
0
0
0
0
0
0
0
0
0
0
0
0
0
0
0
0
0
0
0
0
0
0
0
0
0
0
0
0
0
0
0
0
0
0
0
0.0031535525089759677
0
0
0
0
0
0
0
0
0
0
0
0
0
0
0
0
0
0
0
0
0
0
0
0
0
0
0
0
0
0
0
0
0
0
0
0
0
0
0
0
0
0
0
0
0
0
0
0
0
0
0
0
0
0
0
0
0
0
0
0
0
0
0
0
0
0
0
0
0
0.0009766780269357168
0
0
0
0
0
0
0.0010895985965561619
0
0
0
0
0
0
0
0
0
0
0
0
0
0
0
0
0
0
0
0
0
0
0
0
0
0
0
0
0
0
0
0
0
0
0.0010730869971739604
0
0
0
0
0
0
0
0
0
0
0
0
0
0
0
0
0.0022811944977462768
0
0
0
0
0
0.0009994302616707891
0
0.0011181711646166468
0.0019892157470786874
0
0
0
0
0
0
0
0
0
0
0
0
0
0
0
0
0
0
0
0
0
0
0
0
0
0
0
0
0
0
0
0
0
0.0033241709827368363
0
0
0
0
0
0
0
0
0
0
0
0
0
0
0.00106544083447698
0
0.0011080569942456121
0
0
0
0
0
0
0
0
0
0
0
0
0
0
0
0
0
0
0
0
0
0
0
0
0
0
0
0
0
0
0
0
0
0
0
0
0.0032192609915218814
0
0
0
0
0
0
0
0
0
0
0.002306282323376597
0
0
0
0
0
0
0
0
0
0
0
0
0
0
0
0
0
0
0
0
0
0
0
0
0
0
0
0
0
0
0
0
0.002029714644267218
0
0
0
0
0.0009684279511661788
0
0
0
0
0
0
0
0
0
0
0
0
0.002089028858226951
0
0
0
0
0
0
0
0
0
0
0
0
0.001081125438544835
0
0
0
0
0
0
0
0.0026370446158550886
0
0
0
0
0
0
0
0
0
0
0
0
0
0
0
0
0
0
0
0
0
0
0
0
0
0
0.0017816070581919325
0
0
0
0
0
0
0
0
0
0
0
0
0
0
0.0023634274594975667
0
0
0
0
0.00106544083447698
0
0
0
0
0
0
0
0
0
0
0
0
0
0
0
0
0
0
0
0
0
0
0
0
0
0
0
0
0
0
0
0
0
0
0
0
0
0
0
0
0.0010581504386714805
0
0
0
0.002956160009887926
0
0
0
0
0
0
0
0
0
0
0
0
0
0
0
0
0
0
0
0
0
0
0
0.003459423485064895
0
0
0
0
0
0
0
0
0
0
0
0
0
0
0
0
0.0010381170001023086
0
0
0
0
0
0
0
0
0
0
0
0
0
0
0
0
0
0
0
0
0
0
0
0
0
0
0
0
0.0010445144291134755
0
0
0
0
0.0009766780269357168
0
0
0
0
0
0
0
0
0
0
0
0
0
0
0
0
0
0
0
0
0
0
0
0
0
0
0
0
0
0
0
0
0
0
0
0
0
0
0
0
0
0
0
0
0
0
0
0
0
0.0010095444320418238
0
0
0
0
0
0
0
0
0
0
0
0
0
0
0
0
0
0
0
0
0
0
0
0
0.0008983273058059429
0
0
0
0
0
0
0
0
0
0
0
0
0.005447992982780809
0.0011667771712463035
0
0
0
0
0
0
0
0
0
0
0
0
0
0
0.0010895985965561619
0
0
0
0
0
0
0
0
0
0
0
0
0
0
0
0
0
0
0
0
0
0
0
0
0
0.0018920037338193741
0
0
0
0
0
0
0
0
0.0011405972488731384
0
0
0
0
0
0
0
0
0
0
0
0
0
0
0
0
0
0
0
0
0
0
0
0
0
0.0034217917466194147
0
0
0
0
0
0
0
0.0011667771712463035
0
0
0.0011667771712463035
0
0
0
0
0
0
0
0
0
0
0
0
0
0
0
0
0
0
0
0
0
0
0
0
0
0
0
0
0
0
0
0
0
0
0
0
0
0
0
0
0
0
0
0
0
0
0
0
0.001026056031424025
0
0.001014857322133609
0.002063941032596631
0.003013217300440003
0
0.0020407133340685875
0
0
0
0
0
0
0
0
0
0
0
0
0
0
0
0.0011667771712463035
0.004232601754685922
0
0
0.00106544083447698
0.002197112383157755
0.00216225087708967
0.0011982253291309846
0
0.004667108684985214
0
0
0.002197112383157755
0
0
0
0.0011405972488731384
0
0
0.0032956685747366323
0.0010895985965561619
0
0.0011667771712463035
0
0
0
0
0
0.0011080569942456121
0.0034217917466194147
0
0
0
0
0
0
0
0
0.0018071032623774685
0
0
0
0.0032192609915218814
0
0
0
0
0
0
0
0
0
0
0
0
0
0
0.0011080569942456121
0
0
0
0
0
0
0
0
0
0
0
0
0
0
0
0.00350033151373891
0
0
0
0
0
0
0
0
0
0.001409181279361719
0
0
0
0
0
0
0
0
0
0
0
0
0.002102368339317312
0
0
0
0
0
0
0
0
0
0
0
0
0
0
0
0
0
0
0
0
0
0
0
0
0
0
0
0
0
0
0
0
0
0
0
0
0
0
0
0
0
0
0
0
0
0
0
0
0
0
0
0
0
0
0
0
0
0
0
0
0
0
0
0
0
0
0
0
0
0
0
0
0.0022161139884912242
0
0
0
0
0
0
0
0
0
0
0
0
0.0028485711182899723
0
0.0011982253291309846
0
0
0
0
0
0
0
0
0.0010730869971739604
0
0
0
0
0
0
0
0
0
0
0
0
0
0
0
0
0.0010985561915788774
0
0
0
0
0
0
0
0
0
0
0
0.002029714644267218
0
0
0
0.0032433763156345047
0
0
0
0
0
0
0
0
0
0
0
0
0
0
0
0
0
0
0
0
0
0
0.00350033151373891
0
0
0.002726868422513626
0
0
0
0
0
0
0
0
0
0
0
0
0
0
0
0
0
0
0
0
0
0
0
0.0010044057668133345
0
0
0
0
0
0
0.0011531411616882985
0
0
0
0
0.0022161139884912242
0
0
0
0
0
0
0
0
0
0
0
0
0
0
0
0
0.00106544083447698
0.001970773339925284
0
0
0
0
0
0
0
0
0
0
0
0
0
0
0.0010445144291134755
0
0
0
0
0
0
0
0
0
0
0
0
0
0
0
0
0
0
0
0
0
0
0
0
0
0
0
0
0
0
0
0
0
0
0
0
0
0
0
0
0
0
0
0
0
0
0
0
0
0
0
0
0
0
0
0
0
0
0
0
0
0
0
0
0
0
0
0
0
0
0
0
0
0
0
0
0
0
0
0
0
0.006307105017951935
0.00243336745364087
0.0011667771712463035
0.001081125438544835
0.0032433763156345047
0.0023964506582619693
0.002333554342492607
0
0.00216225087708967
0.0019533560538714336
0.0022161139884912242
0.0011982253291309846
0.0010730869971739604
0.006348902632028882
0.0011982253291309846
0.0032192609915218814
0.001026056031424025
0.0021461739943479208
0.0035946759873929537
0
0
0.0011405972488731384
0.003028633296125471
0.0011531411616882985
0
0.0021791971931123238
0.00243336745364087
0
0.0011817137297487834
0.0011405972488731384
0.0011531411616882985
0.001081125438544835
0.005365434985869802
0.00106544083447698
0.0011181711646166468
0.0008463327293575797
0.00615633618854415
0
0.003712830396551819
0
0.001216683726820435
0.0010381170001023086
0
0.0061918230977898924
0
0
0.0042923479886958415
0.0011181711646166468
0.000985386669962642
0.0023964506582619693
0.0011289833996091167
0.00350033151373891
0
0.00350033151373891
0.0034217917466194147
0.0011289833996091167
0
0.00486673490728174
0
0.002333554342492607
0.0011181711646166468
0
0.0011667771712463035
0.0011817137297487834
0.0035451411892463503
0.0022363423292332935
0
0
0.000985386669962642
0.002008811533626669
0.0011982253291309846
0.0020762340002046173
0.0021461739943479208
0.002102368339317312
0.0010445144291134755
0
0.0011982253291309846
0.002306282323376597
0.0011080569942456121
0.0035946759873929537
0.00426176333790792
0.001216683726820435
0.0034217917466194147
0.003712830396551819
0
0.0071866184464475435
0
0
0.002089028858226951
0
0
0.0032687957896684852
0
0.003028633296125471
0.0022579667992182334
0
0.001081125438544835
0.0010895985965561619
0.0011405972488731384
0
0.0009495237060966576
0.0011531411616882985
0.0011181711646166468
0.0021791971931123238
0.0022811944977462768
0
0.0011531411616882985
0
0.0018348585976984042
0.0023964506582619693
0.0011181711646166468
0.0011982253291309846
0
0.0011531411616882985
0
0.0011667771712463035
0
0.0011405972488731384
0
0.005190585000511543
0.005101783335171469
0
0
0.0023634274594975667
0
0.0011405972488731384
0
0
0.0021791971931123238
0
0.0011080569942456121
0.0032687957896684852
0.0011667771712463035
0.0011817137297487834
0
0.0011289833996091167
0.0023634274594975667
0.0011531411616882985
0.0023634274594975667
0.0011405972488731384
0.0011080569942456121
0
0.0011982253291309846
0.0011667771712463035
0.0023634274594975667
0.0010581504386714805
0.0011667771712463035
0.003061070001102881
0.001081125438544835
0
0.0011817137297487834
0
0.0021461739943479208
0.00243336745364087
0.00243336745364087
0
0.0011817137297487834
0
0.0021461739943479208
0.0011289833996091167
0.0025734144570070576
0
0.0033241709827368363
0.0011531411616882985
0
0.0011405972488731384
0.002306282323376597
0.0022811944977462768
0.0010581504386714805
0.00432450175417934
0
0.0035451411892463503
0.002333554342492607
0.0011289833996091167
0.00439422476631551
0.0011080569942456121
0.005702986244365692
0.0011817137297487834
0.00432450175417934
0.0011080569942456121
0
0.00338695019882735
0.0011289833996091167
0.00243336745364087
0
0.001081125438544835
0.003459423485064895
0.0011667771712463035
0.0011982253291309846
0.0022579667992182334
0.0024752202643678793
0.003028633296125471
0.00243336745364087
0.0043583943862246476
0
0.0010381170001023086
0.003028633296125471
0
0.002197112383157755
0
0.0011405972488731384
0.0011667771712463035
0.004950440528735759
0.002333554342492607
0
0
0.0021791971931123238
0.0011181711646166468
0
0
0
0
0.0011289833996091167
0.0036500511804613053
0.0010985561915788774
0.0036500511804613053
0
0
0.00350033151373891
0.0011667771712463035
0.002306282323376597
0.0011531411616882985
0.0023634274594975667
0
0.0011667771712463035
0.0022363423292332935
0.0022811944977462768
0.0011405972488731384
0.0011405972488731384
0.0011531411616882985
0
0.000953126514155692
0.0011531411616882985
0
0.0011982253291309846
0
0.002333554342492607
0
0.0023964506582619693
0.001051184169658656
0.0011289833996091167
0
0.0010381170001023086
0
0.0011289833996091167
0
0.0010581504386714805
0
0.0073001023609226105
0.0011289833996091167
0.00106544083447698
0.0034217917466194147
0.0022811944977462768
0.0021461739943479208
0
0.0011080569942456121
0.0011405972488731384
0
0
0
0.002197112383157755
0.004997151308353946
0.0011531411616882985
0
0.00106544083447698
0.002102368339317312
0.0011531411616882985
0.0009724987059700122
0.002197112383157755
0.0011289833996091167
0.0022811944977462768
0.0011405972488731384
0.0011080569942456121
0.0011405972488731384
0.001051184169658656
0.0011080569942456121
0
0.0023634274594975667
0
0
0
0
0
0.0022811944977462768
0
0.0009174292988492021
0
0.0022811944977462768
0
0.0012376101321839397
0
0.0011982253291309846
0
0.0021791971931123238
0
0.0011667771712463035
0.0011181711646166468
0.003028633296125471
0.0011982253291309846
0.0023043996144389883
0.001026056031424025
0.001657803952647075
0.0012376101321839397
0.0011181711646166468
0.0011289833996091167
0.0011405972488731384
0
0.0033241709827368363
0
0
0.004667108684985214
0.002333554342492607
0.005365434985869802
0
0.0010985561915788774
0.0012376101321839397
0.006438521983043763
0.002333554342492607
0.0022811944977462768
0.0035946759873929537
0
0.003044571966400827
0
0
0.0021461739943479208
0.002905283853498536
0.0021461739943479208
0
0.0010044057668133345
0
0.0011289833996091167
0
0
0.0022363423292332935
0.0011289833996091167
0
0
0
0.0011817137297487834
0.0011181711646166468
0.0011080569942456121
0.0011531411616882985
0
0.0032956685747366323
0.0011982253291309846
0.0010203566670342937
0.0022811944977462768
0
0
0
0
0.004667108684985214
0
0.0010895985965561619
0.0011982253291309846
0.004204736678634624
0.0035451411892463503
0.00350033151373891
0
0.0021461739943479208
0
0
0.00338695019882735
0.003459423485064895
0.00350033151373891
0
0.0034217917466194147
0.0011982253291309846
0
0
0.001081125438544835
0.0010730869971739604
0.0011181711646166468
0.00691884697012979
0.0023634274594975667
0.0011817137297487834
0.002333554342492607
0
0.0011405972488731384
0.002333554342492607
0.001081125438544835
0
0.0011289833996091167
0.0011817137297487834
0
0.0011531411616882985
0
0.0022161139884912242
0
0
0.0023964506582619693
0.0011982253291309846
0.0011667771712463035
0.0010895985965561619
0
0
0
0.0010895985965561619
0.0035451411892463503
0.001081125438544835
0.002197112383157755
0
0.0010895985965561619
0.0011405972488731384
0.0022161139884912242
0.0022363423292332935
0
0
0.0022811944977462768
0.004472684658466587
0.0011405972488731384
0.003906712107742867
0.0032192609915218814
0.003459423485064895
0.0008723451314065158
0.002197112383157755
0.0022161139884912242
0.00338695019882735
0
0.0011667771712463035
0
0.003174451316014441
0.00426176333790792
0
0
0
0.002333554342492607
0.0022579667992182334
0.0022161139884912242
0.0011667771712463035
0
0.0011667771712463035
0
0.00243336745364087
0.002333554342492607
0.0011080569942456121
0
0.005274089231710177
0
0
0.0011181711646166468
0
0.0010985561915788774
0.0011080569942456121
0.0011982253291309846
0
0.0019988605233415783
0
0.0011181711646166468
0
0
0
0
0
0
0.0011982253291309846
0.0011667771712463035
0
0.0011405972488731384
0.0011817137297487834
0
0.002333554342492607
0.0018990474121933151
0
0
0.0023634274594975667
0.0011405972488731384
0.001051184169658656
0.0011817137297487834
0.0009994302616707891
0
0
0.0022811944977462768
0
0.0022579667992182334
0
0.0012376101321839397
0.002116300877342961
0.00335451349384994
0.0021461739943479208
0.004726854918995133
0
0.000980971863981339
0
0.0011405972488731384
0.001051184169658656
0.001051184169658656
0.0011667771712463035
0
0
0
0.0010319705162983154
0.00205211206284805
0
0.0011667771712463035
0.00243336745364087
0.0011405972488731384
0.0023964506582619693
0.004667108684985214
0.0011817137297487834
0.001081125438544835
0
0.0035946759873929537
0
0.0032956685747366323
0.003459423485064895
0.004792901316523939
0
0
0
0
0
0
0.0010985561915788774
0.00432450175417934
0.0023634274594975667
0.0010985561915788774
0.0022811944977462768
0.0010581504386714805
0.0018234598689189417
0
0.0010581504386714805
0.0035946759873929537
0
0
0.002306282323376597
0.0011289833996091167
0
0.0035451411892463503
0.001216683726820435
0
0
0
0.0011289833996091167
0.00243336745364087
0.002333554342492607
0.0034217917466194147
0.0035451411892463503
0.0011667771712463035
0.0032956685747366323
0
0
0
0.00216225087708967
0
0
0
0
0
0.002333554342492607
0.00335451349384994
0.0036500511804613053
0
0.0022811944977462768
0
0.0010445144291134755
0
0.0011531411616882985
0.0008983273058059429
0.0022579667992182334
0.0023964506582619693
0
0.0019136282038043143
0.0035946759873929537
0
0
0.0011181711646166468
0
0.0011080569942456121
0.0022811944977462768
0.0011080569942456121
0.0022579667992182334
0.0011405972488731384
0.0010895985965561619
0
0.0011667771712463035
0
0
0.0022579667992182334
0
0.0011667771712463035
0.0021791971931123238
0
0.0011531411616882985
0.0011667771712463035
0
0.0023634274594975667
0.0011531411616882985
0.0011531411616882985
0.0011531411616882985
0.001979858918008109
0.0032433763156345047
0.0011667771712463035
0.00243336745364087
0
0.0011817137297487834
0.0022579667992182334
0.0023634274594975667
0.0008932715367700204
0.002333554342492607
0.0010985561915788774
0
0
0
0
0.0022579667992182334
0.0022363423292332935
0
0.0011181711646166468
0
0.0011531411616882985
0
0
0.0011405972488731384
0
0.0010381170001023086
0.0011982253291309846
0
0.00243336745364087
0.002116300877342961
0.00335451349384994
0.0010445144291134755
0.0023634274594975667
0.0011531411616882985
0
0
0.0022579667992182334
0
0
0.0023964506582619693
0
0.0011080569942456121
0.0021791971931123238
0.000844499781580869
0.0032687957896684852
0.0023634274594975667
0.0010895985965561619
0.0023634274594975667
0.0030959115488949462
0
0.0023964506582619693
0.0011667771712463035
0
0.0011405972488731384
0.0010381170001023086
0.002604153883082681
0
0
0.0032956685747366323
0
0.000980971863981339
0.0022579667992182334
0
0.00213088166895396
0
0.002197112383157755
0
0.0021791971931123238
0
0
0
0.001081125438544835
0.0011982253291309846
0.0008481873693273342
0.0011982253291309846
0
0
0.0023964506582619693
0.0011289833996091167
0.0011181711646166468
0
0
0
0.0010985561915788774
0
0.00338695019882735
0
0
0.0011289833996091167
0.005447992982780809
0
0
0
0.0028485711182899723
0
0
0
0
0.003459423485064895
0.0022579667992182334
0
0.0022363423292332935
0.0070902823784927006
0.0011531411616882985
0
0
0
0
0
0
0
0
0
0
0
0
0
0
0
0
0
0
0
0
0
0
0
0
0
0
0
0
0
0
0
0
0
0
0
0
0
0
0
0
0
0
0
0
0
0
0
0
0
0
0
0
0
0
0
0
0
0
0
0
0
0
0
0
0
0
0
0
0
0
0
0
0
0
0
0
0
0
0
0
0
0
0
0
0
0
0
0
0
0
0
0
0
0
0
0
0
0
0
0
0
0
0
0
0
0
0
0
0
0
0
0
0
0
0
0
0
0
0
0
0
0
0
0
0
0
0
0
0
0
0
0
0
0
0
0
0
0
0
0
0
0
0
0
0
0
0
0
0
0
0
0
0
0
0
0
0
0
0
0
0
0
0
0
0
0
0
0
0
0
0
0
0
0
0
0
0
0
0
0
0
0
0
0
0
0
0
0
0
0
0
0
0
0
0
0
0
0
0
0
0
0
0
0
0
0
0
0
0
0
0
0
0
0
0
0
0
0
0
0
0
0
0
0
0
0
0
0
0
0
0
0
0
0
0
0
0
0
0
0
0
0
0
0
0
0
0
0
0
0
0
0
0
0
0
0
0
0
0
0
0
0
0
0
0
0
0
0
0
0
0
0
0
0
0
0
0
0
0
0
0
0
0
0
0
0
0
0
0
0
0
0
0
0
0
0
0
0
0
0
0
0
0
0
0
0
0
0
0
0
0
0
0
0
0
0
0
0
0
0
0
0
0
0
0
0
0
0
0
0
0
0
0
0
0
0
0
0
0.00106544083447698
0
0
0
0
0
0
0
0.0025794036557740675
0
0
0
0
0
0.0016853760488532987
0
0
0
0
0.003133543287340426
0
0.0011982253291309846
0
0
0
0.0009294902675274858
0
0.0023964506582619693
0
0
0
0
0
0.0023964506582619693
0
0
0
0
0
0
0
0
0
0
0
0
0
0
0
0
0
0
0
0
0
0
0
0
0
0
0
0.0012617678942631215
0
0
0
0
0
0
0
0
0
0
0
0
0
0
0
0
0
0
0
0
0
0
0
0
0
0
0
0
0
0
0
0
0
0
0
0
0
0
0
0
0
0
0
0
0
0
0
0
0
0
0
0
0
0
0
0
0
0
0
0
0
0
0
0
0
0
0
0
0
0
0.0012617678942631215
0
0
0
0
0
0
0
0
0
0
0
0
0
0
0
0
0
0
0
0
0
0
0
0
0
0
0
0
0
0
0
0
0.0011405972488731384
0
0
0
0
0
0
0
0
0
0
0
0
0
0
0
0
0
0
0
0
0
0
0
0
0
0
0
0
0
0
0
0
0.0011405972488731384
0
0
0
0
0
0
0
0
0
0
0
0
0
0
0
0
0
0
0
0
0
0
0
0
0
0
0
0
0
0
0
0
0
0
0
0
0
0
0
0
0
0
0
0
0
0
0
0
0
0
0
0
0
0
0
0
0
0
0
0
0
0
0
0
0
0
0
0
0
0
0
0
0
0
0
0
0
0
0
0
0
0
0
0
0
0
0
0
0
0
0
0
0
0
0
0
0
0
0
0
0
0
0
0
0
0
0
0
0
0
0
0
0
0
0
0
0
0
0
0
0
0
0
0
0
0
0
0
0.0012617678942631215
0
0
0
0
0
0
0
0
0
0
0
0
0
0
0
0
0
0
0
0
0
0
0
0
0
0
0
0
0
0
0
0
0
0
0
0
0
0
0
0
0
0
0
0
0
0
0
0
0
0
0
0
0
0
0
0
0
0
0
0
0
0
0
0
0
0
0
0
0
0
0
0
0
0
0
0
0
0
0
0
0
0
0
0
0
0
0
0
0
0
0
0
0
0
0
0
0
0
0
0.001216683726820435
0
0
0
0
0
0
0
0
0
0
0
0
0
0
0
0
0
0
0
0
0
0
0
0
0
0
0
0
0
0
0
0
0
0
0
0
0
0
0
0
0
0
0
0
0
0
0
0
0
0
0
0
0
0
0
0
0
0
0
0
0
0
0
0
0
0
0
0
0
0
0
0
0
0
0
0
0
0
0
0
0
0
0
0
0
0
0
0
0
0
0
0
0
0
0
0
0
0
0
0
0
0
0
0
0
0
0
0
0
0
0
0
0
0
0
0
0
0
0
0
0
0
0
0
0
0
0
0
0
0
0
0
0
0
0
0
0
0
0
0
0
0
0
0
0
0
0
0
0
0
0
0
0
0
0
0
0
0
0
0
0
0
0
0
0
0
0
0
0
0
0
0
0
0
0
0
0
0
0
0
0
0
0
0
0
0
0
0
0
0
0
0
0
0
0
0
0
0
0
0
0
0
0
0
0
0
0
0
0
0
0
0
0
0
0
0
0
0
0
0
0
0
0
0
0
0
0
0
0
0
0
0
0
0
0
0
0
0
0
0
0
0
0
0
0
0
0
0
0
0
0
0
0
0
0
0
0
0
0
0
0
0
0
0
0
0
0
0
0
0
0
0
0
0
0
0
0
0
0
0
0
0
0
0
0
0
0
0
0
0
0
0
0
0
0
0
0
0
0
0
0
0
0
0
0
0
0
0
0
0
0
0
0
0
0
0
0
0
0
0
0
0
0
0
0
0
0
0
0
0
0
0
0
0
0
0
0
0
0
0
0
0
0
0
0
0
0
0
0
0
0
0
0
0
0
0
0
0
0
0
0
0
0
0
0
0
0
0
0
0
0
0
0
0
0
0
0
0
0
0
0
0
0
0
0
0
0
0
0
0
0
0
0
0
0
0
0
0
0
0
0
0
0
0
0
0
0
0
0
0
0
0
0
0
0
0
0
0
0
0
0
0
0
0
0
0
0
0
0
0
0
0
0
0
0
0
0
0
0
0
0
0
0
0
0
0
0
0
0
0
0
0
0
0
0
0
0
0
0
0
0
0
0
0
0
0
0
0
0
0
0
0
0
0
0
0
0
0
0
0
0
0
0
0
0
0
0
0
0
0
0
0
0
0
0
0
0
0
0
0
0.0010581504386714805
0
0
0
0
0
0
0
0
0
0
0
0
0
0
0
0
0
0
0
0
0
0
0
0
0
0
0
0
0
0
0
0
0
0
0
0
0
0
0
0
0
0
0
0
0
0
0
0
0
0
0
0
0
0
0
0
0
0
0
0
0
0
0
0
0
0
0
0
0
0
0
0
0
0
0
0
0
0
0
0
0
0
0
0
0
0
0
0
0
0
0
0
0
0
0
0
0
0
0
0
0
0
0
0
0
0
0
0
0
0
0
0
0
0
0
0
0
0
0
0
0
0
0
0
0
0
0
0
0
0
0
0
0
0
0
0
0
0
0
0
0
0
0
0
0
0
0
0
0
0
0
0
0
0
0
0
0
0
0
0
0
0
0
0
0
0
0
0
0
0
0
0
0
0
0
0
0
0
0
0
0
0
0
0
0
0
0
0
0
0
0
0
0
0
0
0
0
0
0
0
0
0
0
0
0
0
0
0
0
0
0
0
0
0
0
0
0
0
0
0
0
0
0
0
0
0
0
0
0
0
0
0
0
0
0
0
0
0
0
0
0
0
0
0
0
0
0
0
0
0
0
0
0
0
0
0
0
0
0
0
0
0
0
0
0
0
0
0
0
0
0
0
0
0
0
0
0
0
0
0
0
0
0
0
0
0
0
0
0
0
0
0
0
0
0
0
0
0
0
0
0
0
0
0
0
0
0
0
0
0
0
0
0
0
0
0
0
0
0
0
0
0
0
0
0
0
0
0
0
0
0
0
0
0
0
0
0
0
0
0
0
0
0
0
0
0
0
0
0
0
0
0
0
0
0
0
0
0
0
0
0
0
0
0
0
0
0
0
0
0
0
0
0
0
0
0
0
0
0
0
0
0
0
0
0
0
0
0
0
0
0
0
0
0
0
0
0
0
0
0
0
0
0
0
0
0
0
0
0
0
0
0
0
0
0
0
0
0
0
0
0
0
0
0
0
0
0
0
0
0
0
0
0
0
0
0
0
0
0
0
0
0
0
0
0
0
0
0
0
0
0
0
0
0
0
0
0
0
0
0
0
0
0
0
0
0
0
0
0
0
0
0
0
0
0
0
0
0
0
0
0
0
0
0
0
0
0
0
0
0
0
0
0
0
0
0
0
0
0
0
0
0
0
0
0
0
0
0
0
0
0
0
0
0
0
0
0
0
0
0
0
0
0
0
0
0
0
0
0
0
0
0
0
0
0
0
0
0
0
0
0
0
0
0
0
0
0
0
0
0
0
0
0
0
0
0
0
0
0
0
0
0
0
0
0
0
0
0
0
0
0
0
0
0
0
0
0
0
0
0
0
0
0
0
0
0
0
0
0
0
0
0
0
0
0
0
0
0
0
0
0
0
0
0
0
0
0
0
0
0
0
0
0
0
0
0
0
0
0
0
0
0
0
0
0
0
0
0.0011405972488731384
0
0
0
0
0
0
0
0
0
0
0
0.0021791971931123238
0.002197112383157755
0
0
0
0
0
0
0
0
0
0
0
0
0
0
0
0
0
0
0
0
0
0
0
0
0
0
0
0
0
0
0
0
0
0
0
0
0
0
0
0
0
0
0
0
0
0
0
0
0
0
0
0
0
0
0
0
0
0
0
0
0
0
0
0
0
0
0
0
0
0
0
0
0
0
0
0
0
0
0
0
0
0
0
0
0
0
0
0
0
0
0
0
0
0
0.0010985561915788774
0.0011405972488731384
0.0012376101321839397
0.0010381170001023086
0
0
0
0
0
0
0
0
0
0
0
0
0
0
0
0
0
0
0
0
0
0
0
0
0
0
0
0
0
0
0
0
0
0
0
0
0
0
0
0
0
0
0
0
0
0
0
0
0
0
0
0
0
0
0
0
0
0
0
0
0
0
0
0
0
0
0
0
0
0
0
0
0
0
0
0
0
0
0
0
0
0
0
0
0
0
0
0
0
0
0
0
0
0
0
0
0
0
0
0
0
0
0
0
0
0
0
0
0
0
0
0
0
0
0
0
0
0
0
0
0
0
0
0
0
0
0
0
0
0
0
0
0
0
0
0
0
0
0
0
0
0
0
0
0
0
0
0
0
0
0
0
0
0
0
0
0
0
0
0
0
0
0
0
0
0
0
0
0
0
0
0
0
0
0
0
0
0
0
0
0
0
0
0
0
0
0
0
0
0
0
0
0
0
0
0
0
0
0
0
0
0
0
0
0
0
0
0
0
0
0
0
0
0
0
0
0
0
0
0
0
0
0
0
0
0
0
0
0
0
0
0
0
0
0
0
0
0
0
0
0
0
0
0
0
0
0
0
0
0
0
0
0
0
0
0
0
0
0
0
0
0
0
0
0
0
0
0
0
0
0
0
0
0
0
0
0
0
0
0
0
0
0
0
0
0
0
0
0
0
0
0
0
0
0
0
0
0
0
0
0
0
0
0
0
0
0
0
0
0
0
0
0
0
0
0
0
0
0
0
0
0
0
0
0
0
0
0
0
0
0
0
0
0
0
0
0
0
0
0
0
0
0
0
0
0
0
0
0
0
0
0
0
0
0
0
0
0
0
0
0
0
0
0
0
0
0
0
0
0
0
0
0
0
0
0
0
0
0
0
0
0
0
0
0
0
0
0
0
0
0
0
0
0
0
0
0
0
0
0
0
0
0
0
0
0
0
0
0
0
0
0
0
0
0
0
0
0
0
0
0
0
0
0
0
0
0
0
0
0
0
0
0
0
0
0
0
0
0
0
0
0
0
0
0
0
0
0
0
0
0
0
0
0
0
0
0
0
0
0
0
0
0
0
0
0
0
0
0
0
0
0
0
0
0
0
0
0
0
0
0
0
0
0
0
0
0
0
0
0
0
0
0
0
0
0
0
0
0
0
0
0
0
0
0
0
0
0
0
0
0
0
0
0
0
0
0
0
0
0
0
0
0
0
0
0
0
0
0
0
0
0
0
0
0
0
0
0
0
0
0
0
0
0
0
0
0
0
0
0
0
0
0
0
0
0
0
0
0
0
0
0
0
0
0
0
0
0
0
0
0
0
0
0
0
0
0
0
0
0
0
0
0
0
0
0
0
0
0
0
0
0
0
0
0
0
0
0
0
0
0
0
0
0
0
0
0
0
0
0
0
0
0
0
0
0
0
0
0
0
0
0
0
0
0
0
0
0
0
0
0
0
0
0
0
0
0
0
0
0
0
0
0
0
0
0
0
0
0
0
0
0
0
0
0
0
0
0
0
0
0
0
0
0
0
0
0
0
0
0
0
0
0
0
0
0
0
0
0
0
0
0
0
0
0
0
0
0
0
0
0
0
0
0
0
0
0
0
0
0
0
0
0
0
0
0
0
0
0
0
0
0
0
0
0
0
0
0
0
0
0
0
0
0
0
0
0
0
0
0
0
0
0
0
0
0
0
0
0
0
0
0
0
0
0
0
0
0
0
0
0
0
0
0
0
0
0
0
0
0
0
0
0
0
0
0
0
0
0
0
0
0
0
0
0
0
0
0
0
0
0
0
0
0
0
0
0
0
0
0
0
0
0
0
0
0
0
0
0
0
0
0
0
0
0
0
0
0
0
0
0
0
0
0
0
0
0
0
0
0
0
0
0
0
0
0
0
0
0
0
0
0
0
0
0
0
0
0
0
0
0
0
0
0
0
0
0
0
0
0
0
0
0
0
0
0
0
0
0
0
0
0
0
0
0
0
0
0
0
0
0
0
0
0
0
0
0
0
0
0
0
0
0
0
0
0
0
0
0
0
0
0
0
0
0
0
0
0
0
0
0
0
0
0
0
0
0
0
0
0
0
0
0
0
0
0
0
0
0
0
0
0
0
0
0
0
0
0
0
0
0
0
0
0
0
0
0
0
0
0
0
0
0
0
0
0
0
0
0
0
0
0
0
0
0
0
0
0
0
0
0
0
0
0
0
0
0
0
0
0
0
0
0
0
0
0
0
0
0
0
0
0
0
0
0
0
0
0
0
0
0
0
0
0
0
0
0
0
0
0
0
0
0
0
0
0
0
0
0
0
0
0
0
0
0
0
0
0
0
0
0
0
0
0
0
0
0
0
0
0
0
0
0
0
0
0
0
0
0
0
0
0
0
0
0
0
0
0
0
0
0
0
0
0
0
0
0
0
0
0
0
0
0
0
0
0
0
0
0
0
0
0
0
0
0
0
0
0
0
0
0
0
0
0
0
0
0
0
0
0
0
0
0
0
0
0
0
0
0
0
0
0
0
0
0
0
0
0
0
0
0
0
0
0
0
0
0
0
0
0
0
0
0
0
0
0
0
0
0
0
0
0
0
0
0
0
0
0
0
0
0
0
0
0
0
0
0
0
0
0
0
0
0
0
0
0
0
0
0
0
0
0
0
0
0
0
0
0
0
0
0
0
0
0
0
0
0
0
0
0
0
0
0
0
0
0
0
0
0
0
0
0
0
0
0
0
0
0
0
0
0
0
0
0
0
0
0
0
0
0
0
0
0
0
0
0
0
0
0
0
0
0
0
0
0
0
0
0
0
0
0
0
0
0
0
0
0
0
0
0
0
0
0
0
0
0
0
0
0
0
0
0
0
0
0
0
0
0
0
0
0
0
0
0
0
0
0
0
0
0
0
0
0
0
0
0
0
0
0
0
0
0
0
0
0
0
0
0
0
0
0
0
0
0
0
0
0
0
0
0
0
0
0
0
0
0
0
0
0
0
0
0
0
0
0
0
0
0
0
0
0
0
0
0
0
0
0
0
0
0
0
0
0
0
0
0
0
0
0
0
0
0
0
0
0
0
0
0
0
0
0
0
0
0
0
0
0
0
0
0
0
0
0
0
0
0
0
0
0
0
0
0
0
0
0
0
0
0
0
0
0
0
0
0
0
0
0
0
0
0
0
0
0
0
0
0
0
0
0
0
0
0
0
0
0
0
0
0
0
0
0
0
0
0
0
0
0
0
0
0
0
0
0
0
0
0
0
0
0
0
0
0
0
0
0
0
0
0
0
0
0
0
0
0
0
0
0
0
0
0
0
0
0
0
0
0
0
0
0
0
0
0
0
0
0
0
0
0
0
0
0
0
0
0
0
0
0
0
0
0
0
0
0
0
0
0
0
0
0
0
0
0
0
0
0
0
0
0
0
0
0
0
0
0
0
0
0
0
0
0
0
0
0
0
0
0
0
0
0
0
0
0
0
0
0
0
0
0
0
0
0
0
0
0
0
0
0
0
0
0
0
0
0
0
0
0
0
0
0
0
0
0
0
0
0
0
0
0
0
0
0
0
0
0
0
0
0
0
0
0
0
0
0
0
0
0
0
0
0
0
0
0
0
0
0
0
0
0
0
0
0
0
0
0
0
0
0
0
0
0
0
0
0
0
0
0
0
0
0
0
0
0
0
0
0
0
0
0
0
0
0
0
0
0
0
0
0
0
0
0
0
0
0
0
0
0
0
0
0
0
0
0
0
0
0
0
0
0
0
0
0
0
0
0
0
0
0
0
0
0
0
0
0
0
0
0
0
0
0
0
0
0
0
0
0
0
0
0
0
0
0
0
0
0
0
0
0
0
0
0
0
0
0
0
0
0
0
0
0
0
0
0
0
0
0
0
0
0
0
0
0
0
0
0
0
0
0
0
0
0
0
0
0
0
0
0
0
0
0
0
0
0
0
0
0
0
0
0
0
0
0
0
0
0
0
0
0
0
0
0
0
0
0
0
0
0
0
0
0
0
0
0
0
0
0
0
0
0
0
0
0
0
0
0
0
0
0
0
0
0
0
0
0
0
0
0
0
0
0
0
0
0
0
0
0
0
0
0
0
0
0
0
0
0
0
0
0
0
0
0
0
0
0
0
0
0
0
0
0
0
0
0
0
0
0
0
0
0
0
0
0
0
0
0
0
0
0
0
0
0
0
0
0
0
0
0
0
0
0
0
0
0
0
0
0
0
0
0
0
0
0
0
0
0
0
0
0
0
0
0
0
0
0
0
0
0
0
0
0
0
0
0
0
0
0
0
0
0
0
0
0
0
0
0
0
0
0
0
0
0
0
0
0
0
0
0
0
0
0
0
0
0
0
0
0
0
0
0
0
0
0
0
0
0
0
0
0
0
0
0
0
0
0
0
0
0
0
0
0
0
0
0
0
0
0
0
0
0
0
0
0
0
0
0
0
0
0
0
0
0
0
0
0
0
0
0
0
0
0
0
0
0
0
0
0
0
0
0
0
0
0
0
0
0
0
0
0
0
0
0
0
0
0
0
0
0
0
0
0
0
0
0
0
0
0
0
0
0
0
0
0
0
0
0
0
0
0
0
0
0
0
0
0
0
0
0
0
0
0
0
0
0
0
0
0
0
0
0
0
0
0
0
0
0
0
0
0
0
0
0
0
0
0
0
0
0
0
0
0
0
0
0
0
0
0
0
0
0
0
0
0
0
0
0
0
0
0
0
0
0
0
0
0
0
0
0
0
0
0
0
0
0
0
0
0
0
0
0
0
0
0
0
0
0
0
0
0
0
0
0
0
0
0
0
0
0
0
0
0
0
0
0
0
0
0
0
0
0
0
0
0
0
0
0
0
0
0
0
0
0
0
0
0
0
0
0
0
0
0
0
0
0
0
0
0
0
0
0
0
0
0
0
0
0
0
0
0
0
0
0
0
0
0
0
0
0
0
0
0
0
0
0
0
0
0
0
0
0
0
0
0
0
0
0
0
0
0
0
0
0
0
0
0
0
0
0
0
0
0
0
0
0
0
0
0
0
0
0
0
0
0
0
0
0
0
0
0
0
0
0
0
0
0
0
0
0
0
0
0
0
0
0
0
0
0
0
0
0
0
0
0
0
0
0
0
0
0
0
0
0
0
0
0
0
0
0
0
0
0
0
0
0
0
0
0
0
0
0
0
0
0
0
0
0
0
0
0
0
0
0
0
0
0
0
0
0
0
0
0
0
0
0
0
0
0
0
0
0
0
0
0
0
0
0
0
0
0
0
0
0
0
0
0
0
0
0
0
0
0
0
0
0
0
0
0
0
0
0
0
0
0
0
0
0
0
0
0
0
0
0
0
0
0
0
0
0
0
0
0
0
0
0
0
0
0
0
0
0
0
0
0
0
0
0
0
0
0
0
0
0
0
0
0
0
0
0
0
0
0
0
0
0
0
0
0
0
0
0
0
0
0
0
0
0
0
0
0
0
0
0
0
0
0
0
0
0
0
0
0
0
0
0
0
0
0
0
0
0
0
0
0
0
0
0
0
0
0
0
0
0
0
0
0
0
0
0
0
0
0
0
0
0
0
0
0
0
0
0
0
0
0
0
0
0
0
0
0
0
0
0
0
0
0
0
0
0
0
0
0
0
0
0
0
0
0
0
0
0
0
0
0
0
0
0
0
0
0
0
0
0
0
0
0
0
0
0
0
0
0
0
0
0
0
0
0
0
0
0
0
0
0
0
0
0
0
0
0
0
0
0
0
0
0
0
0
0
0
0
0
0
0
0
0
0
0
0
0
0
0
0
0
0
0
0
0
0
0
0
0
0
0
0
0
0
0
0
0
0
0
0
0
0
0
0
0
0
0
0
0
0
0
0
0
0
0
0
0
0
0
0
0
0
0
0
0
0
0
0
0
0
0
0
0
0
0
0
0
0
0
0
0
0
0
0
0
0
0
0
0
0
0
0
0
0
0
0
0
0
0
0
0
0
0
0
0
0
0
0
0
0
0
0
0
0
0
0
0
0
0
0
0
0
0
0
0
0
0
0
0
0
0
0
0
0
0
0
0
0
0
0
0
0
0
0
0
0
0
0
0
0
0
0
0
0
0
0
0
0
0
0
0
0
0
0
0
0
0
0
0
0
0
0
0
0
0
0
0
0
0
0
0
0
0
0
0
0
0
0
0
0
0
0
0
0
0
0
0
0
0
0
0
0
0
0
0
0
0
0
0
0
0
0
0
0
0
0
0
0
0
0
0
0
0
0
0
0
0
0
0
0
0
0
0
0
0
0
0
0
0
0
0
0
0
0
0
0
0
0
0
0
0
0
0
0
0
0
0
0
0
0
0
0
0
0
0
0
0
0
0
0
0
0
0
0
0
0
0
0
0
0
0
0
0
0
0
0
0
0
0
0
0
0
0
0
0
0
0
0
0
0
0
0
0
0
0
0
0
0
0
0
0
0
0
0
0
0
0
0
0
0
0
0
0
0
0
0
0
0
0
0
0
0
0
0
0
0
0
0
0
0
0
0
0
0
0
0
0
0
0
0
0
0
0
0
0
0
0
0
0
0
0
0
0
0
0
0
0
0
0
0
0
0
0
0
0
0
0
0
0
0
0
0
0
0
0
0
0
0
0
0
0
0
0
0
0
0
0
0
0
0
0
0
0
0
0
0
0
0
0
0
0
0
0
0
0
0
0
0
0
0
0
0
0
0
0
0
0
0
0
0
0
0
0
0
0
0
0
0
0
0
0
0
0
0
0
0
0
0
0
0
0
0
0
0
0
0
0
0
0
0
0
0
0
0
0
0
0
0
0
0
0
0
0
0
0
0
0
0
0
0
0
0
0
0
0
0
0
0
0
0
0
0
0
0
0
0
0
0
0
0
0
0
0
0
0
0
0
0
0
0
0
0
0
0
0
0
0
0
0
0
0
0
0
0
0
0
0
0
0
0
0
0
0
0
0
0
0
0
0
0
0
0
0
0
0
0
0
0
0
0
0
0
0
0
0
0
0
0
0
0
0
0
0
0
0
0
0
0
0
0
0
0
0
0
0
0
0
0
0
0
0
0
0
0
0
0
0
0
0
0
0
0
0
0
0
0
0
0
0
0
0
0
0
0
0
0
0
0
0
0
0
0
