0
0
-5.838295635436735e-09
0
0
0
0
0
0
0
0
0
0
0
0
0
0
0
0
0
0
0
0
0.022559073239717186
0
0
0
0
0.0012396191674464256
0
0
0
0
0
0
0
0
0
0
0
0
0
0
0.0005111733045653317
0
0
0
0
0.0007865888072514725
0
0
0
0
0
0
0
0
0
0
0
0
0
0
0
0
0
0
0
0
0
0
0
0
0
0
0
0
0
0.001090535007130848
0
0
0
0
0
0
0
0
0
0
0
0
0
0
0
0
0
0
0
0
0
0
0
0
0
0
0
0
0
0
0
0.0009167367561502782
0
0
0
0
0
0
0
0
0
0
0
0.042121768287428765
0
0.0010187125974891968
0
0
0
0
0
0
0
0
0
0.0007473428564139398
0
0
0
0
0
0
0
0
0
0
0
0
0
0
0
0
0
0
0
0
0.03864887602635206
0
0
0
0
0
0
0
0
0
0
0
0
0
0
0
0
0.0005643146313299657
0
0
0
0
0
0
0
0
0
0
0
0
0
0
0
0
0
0
0
0
0
0
0
0
0
0
0
0
0
0
0
0
0
0
0.03672294736434102
0
0
0
0
0
0
0.0006265764181740684
0
0
0
0
0
0
0
0
0
0
0
0
0
0
0
0
0
0
0
0
0
0
0
0
0
0
0.0003351119953440183
0
0
0
0
0
0
0
0
0
0
0
0
0
0
0
0
0
0
0
0
0
0
0
0
0
0
0
0
0
0
0
0
0
0
0
0
0
0
0.00021763588859090465
0
0.00030616713917875965
0
0
0
0
0
0
0
0
0
0
0
0
0
0
0
0
0
0
0
0
0
0
0
0
0
0
0
0
0
0
0
0
0
0
0
0
0
0
0
0
0
0
0
0
0
0
0
0
0
0
0
0
0
0
0
0
0
0
0
0.0008053388477230869
0
0
0
0
0
0
0
0
0
0
0
0
0
0
0
0
0
0
0
0
0
0
0
0
0
0
0
0
0
0
0
0
0
0
0
0
0
0
0
0
0
0.0003147218271913015
0
0
0
0
0
0
0
0
0
0
0
0
0
0
0
0
0
0
0
0
0.003734052403011551
0
0
0
0
0
0
0
0
0
0
0
0
0
0
0
0
0
0
0
0
0
0
0
0
0
0
0
0
0
0
0
0
0
0
0
0
0
0
0
0
0
0
0
0
0
0
0
0
0
0
0
0
0
0
0
0
0
0
0
0
0
0
0
0
0
0
0
0.00044930836417875355
0
0
0
0
0
0
0
0
0.027602220070193615
0.045129925830169275
0
0
0
0
0
0
0.0010013924088878748
0.000811337299728906
0
0
0
0
0
0
0
0
0
0
0
0.00029148852066446674
0
0
0
0
0
0
0
0
0
0
0
0
0
0
0
0
0
0
0
0
0
0
0
0
0
0
0
0
0
0
0
0
0
0
0
0
0
0
0
0
0
0
0
0
0
0
0
0
0
0
0
0
0
0
0
0
0
0
0
0
0
0
0
0
0
0
0
0
0
0
0
0
0
0
0
0
0
0
0
0
0
0
0
0
0
0
0
0
0
0
0
0
0
0
0
0
0
0
0
0
0
0
0
0
0
0
0
0
0
0
0
0
0
0
0
0
0
0
0
0
0
0
0
0
0
0
0
0
0
0
0
0
0
0
0
0
0
0
0
0
0
0
0
0
0
0
0
0
0
0
0
0
0
0
0
0
0
0
0
0
0
0
0
0
0
0
0
0
0
0
0
0
0
0
0
0
0
0
0
0
0
0
0
0
0
0
0
0
0
0
0
0
0
0
0
0
0
0
0
0
0
0
0
0
0
0
0
0
0
0
0
0
0
0
0
0
0
0
0
0.00035385678517325925
0
0
0
0
0
0
0
0
0
0
0
0
0
0
0
0
0
0
0
0
0
0
0
0
0
0
0
0
0
0
0
0
0
0
0
0
0
0
0.0008288569568914209
0
0
0
0
0
0
0
0
0
0
0
0
0
0
0
0
0
0
0
0
0
0
0
0
0
0
0
0
0
0
0
0
0
0
0
0
0
0
0.00023068380709756375
0
0
0
0
0
0
0
0
0
0
0
0
0
0.00024824967845540663
0
0
0
0
0
0
0
0
0
0
0
0
0
0
0
0
0
0
0
0
0
0
0
0
0
0
0
0
0
0
0
0
0
0
0
0
0
0
0
0
0
0
0
0
0
0
0
0
0
0
0
0
0
0
0
0
0
0
0
0
0
0
0
0
0
0
0
0
0
0
0
0
0
0
0
0
0
0
0
0
0
0
0
0
0
0
0
0
0
0
0
0
0
0
0
0
0
0
0
0
0
0
0
0
0
0
0
0
0
0
0
0
0
0
0
0
0
0
0
0
0
0
0
0
0
0
0
0
0
0
0
0
0
0
0
0
0
0
0
0
0
0
0
0
0
0
0
0
0
0
0
0
0
0
0
0
0
0
0
0
0
0
0
0
0
0
0
0
0
0
0
0
0
0
0
0
0
0
0
0.04783898251695415
0
0
0
0
0
0
0
0
0
0
0
0
0
0
0
0
0
0
0
0
0
0
0
0
0
0
0
0
0
0
0
0
0
0
0
0
0
0
0
0
0
0
0
0
0
0
0
0
0
0
0
0
0
0
0
0
0
0
0
0
0
0
0
0
0
0
0
0
0
0
0
0
0
0
0
0
0
0
0
0
0
0
0
0
0
0
0
0
0
0
0
0
0
0
0
0
0
0
0
0
0
0
0
0
0
0
0
0
0
0
0
0
0
0
0
0
0
0
0
0
0
0
0
0
0
0
0
0
0
0
0
0
0
0
0
0
0
0
0
0
0
0
0
0
0
0
0
0
0
0
0
0
0
0
0
0
0
0
0
0
0
0
0
0
0
0
0
0
0
0
0
0
0
0
0
0
0
0
0
0
0
0
0
0
0
0
0
0
0
0
0
0
0
0
0
0
0
0
0
0
0
0
0
0
0
0
0
0
0
0
0
0
0
0
0
0
0
0
0
0
0
0
0
0
0
0
0
0
0
0
0
0
0
0
0
0
0
0
0
0
0.04874832667876329
0
0
0
0
0
0
0
0
0
0
0
0
0
0
0
0
0
0
0
0
0
0
0
0
0
0
0
0
0
0
0
0
0
0.0007880197419625127
0
0
0
0
0
0
0
0
0
0
0
0
0
0
0
0
0
0
0
0
0
0
0
0
0
0
0
0
0
0
0
0
0.0006765110419266897
0
0
0
0
0
0
0
0
0
0
0
0
0
0
0
0
0
0
0
0
0
0
0
0
0
0
0
0
0
0
0
0
0
0
0
0
0
0
0
0.0006118977996597755
0
0
0
0
0
0
0
0
0
0
0
0
0
0
0
0
0
0
0
0
0
0
0
0
0
0
0
0
0
0
0
0
0
0
0.0001653114674725137
0
0
0
0
0
0
0
0
0
0
0
0
0
0
0
0
0
0
0
0
0
0
0
0
0
0
0
0
0
0
0
0
0
0
0
0
0
0
0
0
0
0
0
0
0
0
0
0
0
0
0
0
0
0
0
0
0
0
0
0
0
0
0
0
0
0
0
0
0
0.0010036244351523612
0
0
0
0
0
0
0
0
0
0
0
0
0
0
0
0
0
0
0
0
0
0
0
0
0
0
0
0
0
0
0
0
0
0
0
0
0
0
0
0
0
0
0
0
0
0
0
0
0
0
0
0
0
0
0
0
0
0
0
0
0
0
0
0
0
0
0
0
0
0
0
0
0
0
0
0
0
0
0
0
0
0
0
0
0
0
0
0
0
0
0
0
0
0
0
0
0
0
0
0
0
0
0
0
0
0
0
0
0
0
0
0
0
0
0
0
0
0
0
0
0
0
0
0
0
0
0
0
0
0
0
0
0
0
0
0
0
0
0
0
0
0
0
0
0
0
0
0
0
0
0
0
0
0
0
0
0
0
0
0
0
0
0
0
0
0
0
0
0
0
0
0
0
0
0
0
0
0
0
0
0
0
0
0
0
0
0
0
0
0
0
0.046140025416528424
0
0.029012133713318015
0
0
0
0
0
0
0
0
0
0
0
0
0
0
0
0
0
0
0
0
0
0
0
0
0
0
0
0
0
0
0
0
0
0
0
0
0
0
0
0
0
0
0
0
0.04426209023363871
0
0.0013887523090919801
0
0
0
0
0
0
0
0
0
0
0
0
0
0
0
0
0
0
0
0
0
0
0
0
0
0
0
0
0
0
0
0
0
0
0
0
0
0
0
0
0
0
0
0
0
0
0
0
0
0
0.0007010403979027488
0
0
0
0
0
0
0
0
0
0
0
0
0
0
0
0
0
0
0
0
0
0
0
0
0
0
0
0
0
0
0
0
0
0
0
0
0
0
0
0
0
0
0
0
0
0
0
0
0
0
0
0
0
0
0
0
0
0
0
0
0
0
0
0
0
0
0
0
0
0
0
0
0
0
0
0
0
0
0
0.0018359406159203083
0
0
0
0
0
0
0
0
0
0.0009440528344785783
0
0
0.00045106161265711763
0
0
0
0
0
0
0
0
0
0
0
0
0
0
0
0
0
0
0
0
0
0
0
0
0
0.03483668542445067
0
0
0
0
0
0
0
0
0
0
0
0
0
0
0
0
0
0
0
0
0
0
0
0
0
0.03071556687827898
0
0
0
0
0
0
0
0
0
0
0
0
0
0
0
0
0.00120063180561661
0
0
0
0
0
0
0
0
0
0
0
0
0
0
0
0
0
0
0
0
0
0
0
0
0
0
0
0
0
0
0
0
0
0
0
0
0
0
0
0
0
0
0
0
0
0
0
0
0
0
0
0
0
0
0
0
0
0
0
0
0
0
0
0
0
0
0
0
0
0
0
0
0
0
0
0.001097300239331959
0
0
0
0
0
0
0
0
0
0
0
0
0
0
0
0
0
0
0
0
0
0.0013785225642690185
0
0
0
0
0
0
0
0
0
0
0
0.0012012502677184818
0
0
0
0
0
0
0
0
0
0
0
0.0015285761557930898
0
0
0
0
0
0
0
0
0
0
0
0
0
0
0
0
0
0
0
0
0
0
0
0
0
0
0
0
0
0
0
0
0
0
0
0
0
0
0
0
0
0
0
0
0
0
0
0
0
0
0
0
0
0
0
0
0
0
0
0
0
0
0
0
0
0
0.04810622985324669
0
0
0
0.000623140940158887
0
0
0
0
0
0
0
0
0
0
0
0.0007504410079107168
0
0
0
0
0
0
0
0
0
0
0
0
0
0
0
0
0
0
0
0
0
0
0
0.0015166893312860486
0.001754165400094155
0
0
0
0
0
0
0
0
0
0
0
0
0
0
0
0
0
0
0
0
0
0
0
0
0
0
0
0
0
0
0
0
0
0
0
0
0
0
0
0
0
0
0
0
0
0
0.0011096646931789142
0
0
0
0
0
0
0
0
0
0
0
0
0
0
0
0
0
0
0
0
0
0
0
0
0
0
0
0.00044588359032146044
0
0
0
0
0
0
0
0
0
0
0
0
0
0
0
0
0
0
0
0
0
0
0
0
0
0
0
0
0
0.00036604048495204194
0
0
0
0
0
0
0
0
0
0
0
0
0
0
0.0005174565203331616
0
0
0
0
0
0
0
0
0
0
0
0
0
0
0
0
0
0
0
0
0
0
0
0
0
0
0
0
0
0
0
0
0
0
0
0
0
0
0
0
0
0
0
0
0
0
0
0
0
0
0
0
0
0
0
0
0
0
0
0
0
0
0
0
0
0
0
0
0
0
0
0
0
0
0
0
0
0
0
0
0
0
0
0
0
0
0
0
0
0
0
0
0
0
0
0
0
0
0
0
0
0
0
0
0
0
0
0
0
0
0
0
0
0
0
0
0
0
0
0
0
0
0
0
0
0
0
0
0
0
0
0
0
0
0
0.0012033972848310458
0
0
0
0
0
0
0
0
0
0
0
0
0
0
0
0
0
0
0
0
0
0
0
0
0
0
0
0
0
0
0
0
0.0005814250314301959
0
0
0
0
0
0
0
0
0
0
0
0
0
0
0
0
0
0
0
0
0
0
0
0
0
0
0
0
0
0
0
0
0
0
0
0
0
0
0
0
0
0
0
0
0
0
0
0
0
0
0
0
0.0010955893147541742
0
0
0
0
0
0
0
0
0
0
0
0
0
0
0
0
0.0007772355370211335
0
0
0
0
0
0
0
0
0
0
0
0
0
0
0
0
0
0
0
0
0
0
0
0
0
0
0
0
0
0
0
0
0
0
0
0
0
0
0
0
0
0
0
0
0
0
0
0
0
0
0
0
0
0
0
0
0
0
0
0
0
0
0
0
0
0
0
0
0
0.041927003482907024
0
0
0
0
0
0
0
0
0
0
0
0
0
0
0
0
0
0
0
0
0
0
0
0
0
0
0
0
0
0
0
0
0
0
0
0
0
0
0
0
0
0
0
0
0
0
0
0
0
0
0
0
0
0
0
0
0
0
0
0
0
0
0
0
0
0
0
0
0
0
0
0
0
0
0
0
0
0
0
0
0
0
0
0
0
0
0
0
0
0
0
0
0
0
0
0
0
0
0
0
0
0
0
0
0
0
0
0
0
0
0
0
0
0
0
0
0
0
0
0
0
0
0
0
0
0
0
0
0
0
0
0
0
0
0
0
0
0
0
0
0
0
0
0
0
0
0
0
0
0
0
0
0
0
0
0
0
0
0
0
0
0
0
0
0
0
0
0
0
0
0
0
0
0
0
0
0
0
0
0
0
0
0
0
0
0
0
0
0
0
0
0
0
0
0
0
0
0
0
0
0
0
0
0
0
0
0
0
0
0
0
0
0
0
0
0
0
0
0
0
0
0
0
0
0
0
0
0
0
0
0
0
0
0
0
0
0.0012429252853676173
0.003936461260488166
0
0.0006711477172955551
0
0
0.00041020479971620917
0
0
0
0
0.0004990431454833415
0
0
0
0
0
0
0
0
0
0
0
0
0
0
0
0
0
0
0
0
0
0
0
0
0
0
0
0
0
0
0
0
0
0
0
0
0
0
0
0
0
0
0
0
0
0
0.00347188077272995
0
0
0.03542182298283468
0
0.0008000605743717156
0
0
0
0
0
0
0
0
0
0
0
0
0
0
0
0
0
0
0
0
0
0
0
0
0
0
0.0005334360575730788
0
0
0
0.0015543151657462766
0
0
0
0
0
0
0
0
0
0
0
0
0
0
0
0
0
0
0
0
0
0
0
0
0
0.00047773245874770044
0
0
0
0
0
0
0
0
0
0
0
0
0
0
0
0
0
0
0
0
0
0
0
0
0
0
0
0
0
0
0
0
0
0
0
0
0
0
0
0
0
0
0
0
0
0
0
0
0
0
0
0
0
0
0
0
0
0.004755058952922909
0
0
0
0
0
0
0
0
0
0
0
0
0
0
0
0
0
0
0
0
0
0
0
0
0
0
0
0
0
0
0
0
0
0
0
0
0
0
0
0
0
0
0
0
0
0
0
0
0
0
0
0
0
0
0
0
0
0
0
0
0
0
0
0
0
0
0
0
0
0
0
0
0
0
0
0
0
0
0
0
0
0
0
0
0
0
0
0
0
0
0
0
0
0
0
0
0
0
0
0
0
0
0
0
0
0
0
0
0
0
0
0
0
0
0
0
0
0
0
0
0
0
0
0
0
0
0
0.0018050959272465686
0
0
0
0
0
0
0
0
0
0
0
0
0
0
0
0
0
0
0
0
0
0
0
0
0
0
0
0
0
0
0
0
0
0
0
0
0
0
0.0005161708173801891
0
0
0
0
0
0
0
0
0
0
0
0
0
0
0
0
0
0
0
0
0
0
0
0
0.0011408464444022225
0
0
0
0
0
0
0
0
0
0
0
0
0
0
0
0
0
0
0
0
0
0
0
0
0
0
0
0
0
0
0
0
0
0
0
0
0
0
0
0.0009267844979290746
0
0.0007772355370211335
0
0
0
0
0
0
0
0
0
0
0
0
0
0
0
0
0
0
0
0
0
0
0
0
0
0
0
0
0
0
0
0
0
0
0
0
0
0
0
0
0
0
0
0
0
0
0
0
0
0
0
0
0
0
0
0
0
0
0
0
0
0
0
0
0
0
0
0
0
0
0
0
0
0
0
0
0
0
0
0
0
0
0
0
0
0
0
0
0
0
0
0
0
0
0
0
0
0
0
0
0
0
0
0
0
0
0
0
0
0
0
0
0
0
0
0
0
0
0
0
0
0
0
0
0
0
0.0006319397428052031
0
0
0
0
0
0
0
0
0
0
0
0
0
0
0
0
0
0
0
0
0
0
0
0
0
0
0
0
0
0
0
0
0
0
0
0
0
0
0
0
0
0
0
0
0
0
0
0
0
0
0
0
0
0
0
0
0
0
0
0
0
0
0
0
0
0
0
0
0
0
0
0
0
0
0
0
0
0
0
0
0
0
0
0
0
0
0
0
0
0
0
0
0
0
0
0
0
0
0
0
0
0
0
0
0.0004790923896922478
0
0
0
0
0
0
0
0
0
0
0
0
0
0
0
0
0
0
0
0
0
0
0
0
0
0
0
0
0
0
0
0
0
0
0
0
0
0
0
0
0
0
0
0
0
0
0
0
0
0
0
0
0
0
0
0
0
0
0
0
0
0
0
0
0
0
0
0
0
0
0
0
0
0
0
0
0
0
0
0
0
0
0
0
0
0
0
0
0
0
0
0
0
0
0
0
0
0
0
0
0
0
0
0
0
0
0.0007010403979027488
0
0
0
0
0
0
0
0
0
0.0022928642336896344
0
0
0
0
0
0
0
0
0
0
0
0
0
0
0
0
0
0
0
0
0
0
0
0
0
0
0
0
0
0
0
0
0
0
0
0
0
0
0
0
0
0
0
0
0
0
0
0
0
0
0.0005117857092096601
0
0
0
0
0
0
0
0
0
0
0
0
0
0
0
0
0
0
0
0
0
0
0
0
0
0
0
0
0
0
0
0
0
0
0
0
0
0
0
0
0
0
0
0
0
0
0
0
0
0
0
0.0005040788205444928
0
0
0
0
0
0
0
0
0
0
0
0
0.0015411425873287496
0
0
0
0
0
0
0
0
0
0
0
0
0
0
0
0
0
0
0
0
0
0
0
0
0
0
0
0
0
0
0
0
0
0
0
0
0
0
0
0
0
0
0
0
0
0
0
0
0
0
0
0
0
0
0
0
0
0
0
0
0
0
0
0
0
0
0
0
0
0
0
0
0
0
0
0
0
0
0
0
0
0
0
0
0
0
0
0
0
0
0
0
0
0
0
0
0
0
0
0
0
0
0
0
0
0
0
0
0
0
0
0
0
0
0
0
0
0
0
0
0
0
0
0
0
0
0
0
0
0.0015686600420839448
0
0
0
0
0
0
0
0
0
0
0
0
0
0
0
0
0
0
0
0
0
0
0
0
0
0
0
0
0
0
0
0
0
0
0
0
0
0
0
0
0
0
0
0
0
0
0
0
0
0
0
0
0
0
0
0
0
0
0
0
0
0
0
0
0
0
0
0
0
0
0
0
0.0013271271656042022
0
0
0
0
0
0
0
0
0
0
0.0004284577106644452
0
0
0
0.0015504353674898447
0
0
0
0
0
0
0
0
0
0
0
0
0
0
0
0
0
0
0
0
0
0
0
0
0
0
0
0
0
0
0
0
0
0
0
0
0
0
0
0
0
0
0
0
0
0
0
0
0
0
0
0
0
0
0
0
0
0
0
0
0
0
0
0
0
0
0
0
0
0
0
0
0
0
0
0
0
0
0
0
0
0
0
0
0
0
0
0
0
0
0
0
0
0
0
0
0
0
0
0
0
0.0019981018254158858
0
0
0
0
0
0
0
0
0
0
0
0
0
0
0
0
0
0
0
0
0
0
0
0
0
0
0.0007642880778965449
0
0
0
0
0
0
0
0
0
0
0
0
0
0
0
0
0
0
0
0
0
0
0
0
0
0
0
0
0
0.002862876065668167
0
0
0
0
0.0003759320038460496
0
0
0
0
0
0
0
0
0
0
0
0
0
0
0
0
0
0
0
0
0
0
0
0
0
0
0
0
0
0
0
0
0
0
0
0
0
0
0
0
0
0
0
0
0
0
0
0
0
0
0
0
0
0
0
0
0
0
0.00041934944292517696
0
0
0
0
0
0
0
0
0
0
0
0
0
0
0
0
0
0
0
0
0
0
0
0
0
0
0
0
0
0
0
0
0
0
0
0
0
0
0
0
0
0
0
0
0
0
0
0
0
0
0
0
0
0
0
0
0
0
0
0
0
0
0
0
0
0
0
0
0
0
0
0.0016001211487434311
0
0
0
0
0
0
0
0.0024792383348928512
0
0
0
0
0
0
0
0
0
0
0
0
0
0
0
0
0
0
0.00042817032135213665
0
0
0
0
0
0
0
0.0012996097108490068
0
0.0005248099593603168
0.0009554649174954009
0
0
0
0
0
0
0
0
0
0
0
0
0
0
0
0
0
0
0
0
0
0
0
0
0
0
0
0
0
0
0
0
0
0
0
0
0
0
0
0
0
0
0
0
0
0
0
0
0
0
0
0
0
0
0
0
0
0
0
0
0
0
0
0.0022693060021531553
0
0
0
0
0
0
0
0
0
0
0
0
0
0
0
0
0
0
0
0
0
0
0
0
0
0
0
0
0
0
0
0
0.0005276107821921278
0
0
0
0
0
0
0
0
0
0
0
0
0
0
0
0
0
0
0
0
0
0
0
0
0
0
0
0
0
0
0
0
0
0
0
0
0
0
0
0
0
0
0
0
0
0
0
0
0
0
0
0
0
0
0
0
0
0
0
0
0
0
0
0
0
0
0
0
0
0
0
0
0
0
0
0
0
0
0
0
0
0
0
0
0
0
0
0
0
0
0
0
0
0
0
0
0
0
0
0
0
0
0
0
0
0
0
0
0
0
0
0
0
0
0
0
0
0
0
0
0
0
0
0
0
0
0
0.0011025143817123737
0
0
0
0
0
0
0
0
0
0
0
0
0
0
0
0.0023317066110634006
0
0
0
0
0
0
0
0
0
0
0
0
0
0
0
0
0
0
0
0
0
0
0
0
0
0
0
0
0
0
0
0
0
0
0
0
0
0
0
0
0
0
0
0
0
0
0
0
0
0
0
0
0
0
0
0
0
0
0
0
0
0
0
0
0
0.002242028569241819
0
0
0
0
0
0
0
0
0
0
0
0
0
0
0
0
0
0
0
0
0
0
0
0
0
0
0
0
0
0
0
0
0
0
0
0
0
0
0
0
0
0
0
0
0
0
0
0
0
0
0
0
0
0
0
0
0
0
0
0
0
0
0
0.0013953155636043865
0
0
0
0
0
0
0
0
0
0
0
0
0
0
0
0
0
0
0
0
0
0
0
0
0
0
0
0
0
0
0
0
0
0
0
0
0
0
0
0
0.0004947527921904169
0
0
0
0
0
0
0
0
0
0
0
0
0
0
0
0
0
0
0
0
0
0.0006435216396566735
0
0
0
0
0
0
0
0
0
0
0
0
0
0
0
0
0
0
0
0
0
0
0
0
0
0
0
0
0
0
0
0
0
0
0
0
0
0
0
0
0
0
0
0
0
0
0
0
0
0
0
0
0
0
0
0
0
0
0
0
0.03821680848337657
0.0014653284757992935
0
0
0
0
0
0
0
0
0
0
0
0
0
0
0
0
0
0
0
0
0
0
0
0
0
0
0
0
0
0
0
0
0
0
0
0
0
0
0
0
0.06444020703086138
0
0
0
0
0
0
0
0
0
0
0
0
0
0
0
0
0
0
0
0
0
0
0
0
0
0
0
0
0
0
0.0010872288892096562
0
0
0
0
0
0
0
0
0
0
0
0
0
0
0
0
0
0
0
0
0
0
0
0.0013530220838533795
0
0.002352990063125917
0
0
0
0
0
0
0
0
0
0
0
0
0.0006976577818021933
0
0
0
0
0
0
0
0
0
0
0
0
0
0
0
0
0
0
0
0
0
0
0
0
0
0
0
0
0
0
0
0
0
0
0
0
0
0
0
0.0019430108884048384
0
0
0
0
0
0
0
0
0
0
0
0
0
0
0
0
0
0
0
0
0
0
0
0
0
0
0
0
0
0
0
0
0
0
0
0
0
0.001264467588351689
0
0
0
0.0017273596404967378
0
0.0012299890426451959
0
0
0
0
0
0
0
0
0.0013763413001402498
0
0
0
0
0
0
0
0
0
0
0
0
0
0
0
0
0
0
0
0
0
0
0
0
0
0
0.0013475933463376333
0
0
0
0
0
0
0
0
0
0
0
0
0
0
0
0
0
0
0
0.002912707300276061
0
0
0
0
0
0
0
0
0
0
0
0
0
0
0
0
0
0
0
0
0
0
0
0
0
0
0
0
0
0
0
0
0
0
0
0
0
0
0
0
0
0
0
0
0
0
0
0
0
0
0
0
0
0
0
0
0
0
0
0
0
0
0
0
0
0
0
0
0
0
0
0
0
0
0
0
0
0
0
0
0
0
0
0
0
0
0
0
0
0
0
0
0
0
0
0
0
0
0
0
0
0
0
0
0
0
0
0
0
0
0
0
0
0
0
0
0
0
0
0
0
0
0.0006103815501124154
0
0
0
0
0
0.0007157190164170417
0
0
0
0
0
0
0
0
0.004327267107993238
0
0
0
0
0
0
0
0
0
0
0
0
0
0
0
0.0027279257806565836
0
0
0
0
0
0
0
0
0
0
0
0
0
0
0.0007843300210419724
0
0
0
0
0
0
0
0
0
0
0
0
0
0
0
0
0
0
0
0
0
0
0
0
0
0
0
0
0
0
0
0
0
0
0
0
0
0
0
0
0
0
0
0
0
0
0
0
0
0
0
0
0
0
0
0
0
0
0
0
0
0
0
0
0
0
0
0
0
0
0
0
0
0
0
0
0
0
0
0
0
0
0
0
0
0
0
0
0
0
0
0
0
0
0
0
0
0
0
0
0
0
0
0
0
0
0
0
0
0
0
0
0
0
0
0
0
0
0
0
0
0
0
0.0007772355370211335
0
0
0
0
0
0
0
0
0
0
0
0
0
0
0
0
0
0
0
0
0
0
0
0
0
0
0
0
0
0
0
0
0
0
0
0
0
0
0
0
0
0
0
0.000574692743286773
0
0
0
0
0
0
0
0
0
0
0
0
0
0.0006792941361318442
0
0
0
0
0
0
0.0016001211487434311
0
0
0
0
0
0
0
0
0
0
0
0
0
0
0
0
0
0
0
0
0
0
0
0
0
0
0
0.0013271271656042022
0.0026641357672211813
0
0
0
0
0
0
0
0
0
0
0.0012090348424024073
0
0
0
0
0
0
0
0.0018266577913543572
0
0
0
0
0
0
0
0
0
0
0
0
0
0
0
0
0
0
0
0
0
0
0
0
0
0
0
0
0
0
0
0
0
0
0
0
0
0
0
0
0
0
0
0
0
0
0
0
0
0
0
0
0
0
0
0
0
0
0
0
0
0
0
0
0
0
0
0
0
0
0
0
0
0
0
0
0
0
0
0
0
0
0
0
0
0
0
0
0
0
0
0
0
0
0
0
0
0
0
0
0
0
0
0
0
0
0
0
0
0
0
0
0
0
0
0
0
0
0
0
0
0
0
0
0
0
0.0015166893312860486
0
0
0
0
0
0
0
0
0
0
0
0
0
0
0
0
0.0013823793208819653
0
0
0
0
0
0
0
0
0
0
0
0
0
0
0
0
0
0
0
0
0
0
0
0
0
0
0
0
0
0
0
0
0
0
0
0
0
0
0
0
0
0
0
0
0
0
0
0
0
0
0
0
0
0
0
0
0
0
0
0
0
0
0
0
0
0
0
0
0
0
0
0
0
0
0
0
0
0
0
0
0
0
0.002212120939715781
0
0
0
0
0
0
0
0
0
0
0
0
0
0
0
0
0
0
0
0
0
0
0.0006283352772865716
0
0
0.0016001211487434311
0
0
0
0
0
0
0
0
0
0
0
0
0
0
0
0
0
0
0
0
0
0
0
0
0
0
0
0
0
0
0
0
0
0
0
0
0
0
0
0
0
0
0
0
0
0
0
0
0
0
0
0.006603474930891355
0.0006765110419266897
0
0
0
0
0
0
0
0
0
0
0
0
0
0
0
0
0
0
0
0
0
0
0
0
0
0
0
0
0
0
0
0
0
0
0
0
0
0
0
0
0
0
0
0
0
0
0
0
0
0
0
0
0
0
0
0
0
0
0
0
0
0
0
0
0
0
0
0
0
0
0
0
0
0
0
0
0
0
0
0
0
0
0
0
0
0
0
0
0
0
0
0.0030571523115861796
0
0
0
0
0
0
0
0
0
0
0
0
0
0
0
0
0
0
0
0
0
0
0
0
0
0
0
0.0016578026403269181
0
0
0
0
0
0.004227182498429737
0
0
0
0
0
0
0
0
0
0
0
0
0
0
0
0
0
0
0
0
0
0
0
0
0
0
0
0
0
0
0
0
0
0
0
0
0
0
0
0
0
0
0
0
0
0
0
0
0
0
0
0
0
0
0
0
0
0
0
0
0
0.0008184242200420646
0
0
0
0
0
0.00296891632369472
0
0
0
0
0
0
0
0
0
0
0
0
0.0018356933989793266
0
0
0
0
0
0
0
0
0
0
0
0
0
0
0
0
0
0
0
0
0
0
0
0
0
0
0.0013371221912339168
0
0
0
0
0
0
0
0
0
0
0.0011286292626599315
0
0
0
0
0
0
0
0
0
0
0
0
0
0
0
0
0
0
0
0
0
0
0
0
0
0
0
0
0
0
0
0
0
0
0
0
0
0
0
0
0
0
0
0
0
0
0
0
0
0.0022928642336896344
0
0
0
0
0.0022193293863578285
0
0
0.0007772355370211335
0
0
0
0
0
0
0
0
0
0
0.0021845304752070457
0
0
0.0022120279828268274
0
0
0
0
0
0
0
0
0
0
0.0016578026403269181
0
0
0
0
0
0
0
0
0
0
0
0
0
0.0015285761557930898
0
0
0
0
0
0
0
0
0
0
0
0
0
0
0
0
0
0
0
0
0
0.0014563536501380305
0
0
0
0
0
0
0
0
0
0
0
0
0
0
0
0
0.0022120279828268274
0
0
0
0
0
0
0
0
0
0
0
0
0
0
0
0
0
0
0
0
0
0
0
0
0
0.0013320678836105907
0
0
0
0
0
0
0
0
0
0
0
0
0
0
0
0
0
0
0
0
0
0
0
0
0
0
0
0
0
0
0
0.002242028569241819
0
0
0
0
0.002275033996929073
0
0
0
0
0
0
0
0
0
0
0
0
0
0
0
0
0
0
0
0
0
0
0
0
0
0
0
0
0
0
0
0
0
0
0
0
0
0
0
0
0
0
0
0
0
0
0
0
0
0
0
0
0
0
0
0
0
0
0
0
0
0
0
0
0
0
0
0
0
0
0
0
0
0
0
0
0
0
0
0
0
0
0.0012268705123622552
0.0007373426609422758
0
0
0
0
0
0
0
0
0
0
0
0
0
0
0
0
0
0
0
0
0
0
0
0
0
0
0
0
0
0
0
0
0
0
0
0
0
0
0
0.0011651765681545629
0
0
0
0
0
0
0
0
0
0.001142950314033123
0
0
0
0
0
0
0
0
0.000600315902808305
0
0
0
0
0
0
0
0
0
0
0
0
0
0
0
0
0
0
0
0
0
0
0
0
0
0
0
0
0
0
0
0
0
0
0
0
0
0
0
0
0
0
0
0
0
0
0
0
0
0
0
0
0
0
0
0
0
0
0
0
0
0
0
0
0
0
0
0
0
0
0.0006435216396566735
0
0
0
0
0
0
0
0
0
0
0
0
0
0
0
0
0
0
0
0
0
0
0
0
0
0
0
0.0020642788163344806
0
0
0
0
0
0
0
0
0
0
0
0
0.0013761858775563204
0
0
0.0015166893312860486
0
0
0
0
0
0
0
0
0
0
0
0
0
0
0
0
0
0
0
0
0
0
0
0
0
0
0
0
0
0
0
0
0
0
0
0
0
0
0
0
0
0
0
0
0
0
0
0
0
0
0
0
0
0
0
0
0
0
0
0
0
0
0
0
0
0
0
0
0
0
0
0
0
0
0
0
0
0
0
0
0
0
0
0
0
0
0
0
0
0
0
0
0
0
0
0
0
0
0
0
0
0
0
0
0
0
0
0
0
0
0
0
0
0
0
0
0
0.0007326642378996468
0
0
0
0
0
0
0
0
0.0006911896604409826
0
0
0
0
0
0
0
0
0
0
0
0
0
0
0
0
0
0
0
0
0
0
0
0
0
0
0
0
0
0
0
0
0
0
0
0
0
0
0
0
0
0
0
0
0
0
0
0
0
0
0
0
0
0
0
0
0
0
0
0
0
0
0
0
0
0
0.0023317066110634006
0
0
0
0.0007200225329469182
0
0
0
0
0
0
0
0
0
0
0
0
0
0
0
0
0
0
0
0
0
0
0
0
0
0
0
0
0
0
0
0
0
0
0
0
0
0
0
0
0
0
0
0
0
0
0
0
0
0
0
0
0
0
0
0
0
0
0
0
0
0
0
0
0
0
0
0
0
0.0022928642336896344
0
0
0
0
0
0
0
0
0
0
0
0
0
0
0
0
0
0
0
0
0
0
0
0
0
0
0
0
0
0
0.0014160792517178672
0
0
0
0
0
0
0
0
0
0
0
0
0
0
0
0
0
0
0
0
0
0.0019834425654716736
0
0
0
0
0
0
0
0
0
0
0.0012638794856104061
0
0
0
0
0
0
0
0
0.0007583446656430243
0.0008088593770180315
0
0
0
0
0
0
0
0
0
0
0
0
0
0
0
0
0
0
0
0
0
0
0
0
0.0010938916020810047
0
0
0
0
0
0
0
0
0
0
0
0
0
0
0
0
0
0
0
0
0
0
0
0
0
0
0
0
0
0
0
0
0
0
0
0
0
0
0
0
0
0
0
0
0.0024415262004496615
0
0
0
0
0
0
0
0
0
0
0
0
0
0
0
0
0
0
0
0
0
0
0
0
0
0
0
0
0
0
0
0
0
0.0023120294267782613
0
0
0
0
0
0
0
0
0
0
0
0
0
0.0007642880778965449
0.0008000605743717156
0
0
0
0
0
0
0
0
0
0
0
0
0
0
0
0
0
0.0022120279828268274
0
0
0
0
0
0
0
0
0
0
0
0
0
0
0
0
0
0
0
0
0
0
0
0.0007045304164049563
0
0
0
0
0
0
0
0
0
0
0
0
0
0.0014394335575501163
0
0
0
0
0
0
0
0
0
0
0
0
0
0
0
0
0
0
0
0
0
0
0
0
0
0
0
0
0
0
0
0
0
0
0
0
0
0
0
0
0
0
0
0
0
0.002818121665619825
0
0.0008000605743717156
0.0007772355370211335
0
0
0
0
0
0.0024001817231151462
0
0
0
0
0.0014946857128278796
0
0
0
0
0
0
0
0
0
0
0
0
0
0
0
0
0
0
0
0
0
0
0
0
0
0
0
0
0
0
0
0
0
0.002258118543135223
0
0
0
0
0
0
0
0
0
0
0.002837311327270049
0
0
0
0
0
0
0
0.0013129381975625243
0
0
0
0
0
0
0
0
0
0
0
0
0
0
0
0
0
0
0
0
0
0
0
0
0
0
0
0
0
0
0
0
0
0
0
0
0
0
0
0
0
0
0
0
0
0
0
0.0006911896604409826
0
0.0007045304164049563
0
0
0.0006435216396566735
0
0
0
0
0
0
0
0
0
0
0
0
0
0
0
0.0007197167787750581
0.004550067993858146
0.0016001211487434311
0.0008184242200420646
0.0022928642336896344
0
0
0
0
0
0
0
0
0
0
0
0
0
0
0
0
0
0
0
0
0.000711861555736458
0
0
0
0
0
0
0
0
0
0
0
0
0
0
0
0
0
0
0
0
0
0
0
0
0
0
0.001800947708424915
0
0
0
0
0
0
0.0005495122915315424
0
0
0
0
0
0
0
0
0
0
0
0
0
0
0
0
0
0
0
0.0027775046181839603
0
0
0
0
0
0
0
0
0
0
0
0
0
0
0
0
0
0
0
0
0
0
0
0
0
0
0
0
0
0
0
0
0
0
0
0
0
0.0029947517026759334
0
0
0
0
0
0
0
0
0.0011899051563543407
0
0
0
0
0
0
0
0
0
0
0
0
0
0
0
0
0
0
0
0
0
0
0
0
0
0
0.00074222908092368
0
0.0006165762227024045
0
0
0
0
0
0
0
0
0
0
0
0.0008088593770180315
0.0031373200841678895
0
0
0
0
0
0
0
0
0
0
0.0011151842976927268
0
0
0
0
0
0
0
0
0
0
0
0
0
0.002426578131054094
0
0
0
0
0
0
0
0
0
0
0
0
0
0
0
0.0011979006810703735
0
0
0
0
0
0
0
0
0
0
0
0
0
0
0
0
0
0
0
0
0
0
0
0
0
0
0.002147157049251125
0.001544699935134606
0
0
0.0007473428564139398
0.003033378662572097
0
0
0
0
0
0
0
0
0
0
0
0
0.000637578227403153
0
0
0
0
0
0
0
0
0.0007473428564139398
0.0015285761557930898
0.0008184242200420646
0
0.002455272660126194
0.001583828311070853
0.0007772355370211335
0.0014020807958054977
0.0016368484400841293
0
0
0
0
0
0.0013953155636043865
0.0008184242200420646
0
0
0
0
0
0
0
0
0
0
0
0
0
0
0
0
0
0
0
0
0
0
0
0
0
0
0
0
0
0
0
0
0
0
0
0
0
0
0
0
0
0
0.0007473428564139398
0
0
0
0
0
0
0
0
0
0
0
0
0
0
0.0026258763951250486
0
0
0
0
0
0
0
0
0
0
0
0
0
0
0.0007772355370211335
0
0.0009937540779119765
0
0
0
0
0
0
0
0
0
0
0
0
0
0
0
0
0
0
0
0
0
0
0
0
0
0
0
0
0
0
0
0
0
0
0
0
0
0
0
0
0
0
0
0
0
0
0
0
0
0
0.0014653284757992935
0
0
0
0
0
0
0
0.0011925381542760107
0
0
0
0.0005683490786038394
0
0
0
0
0
0
0
0
0
0.0006635635828021011
0
0
0
0
0
0
0
0
0
0
0
0
0
0
0
0
0
0
0
0
0
0
0
0
0
0
0.0007045304164049563
0
0
0
0
0
0
0
0
0
0
0
0.0006476702961349461
0
0
0
0
0
0
0
0
0
0
0
0
0
0
0
0
0
0
0
0
0
0
0
0
0
0
0
0
0
0
0
0
0
0
0
0
0
0
0
0
0
0
0
0
0
0
0
0
0
0
0
0
0
0
0
0
0
0
0
0
0
0
0
0
0
0
0
0
0
0
0
0
0
0
0
0
0
0
0
0
0
0
0
0
0.0016809664340298588
0
0
0
0
0
0
0
0
0
0
0.0015686600420839448
0
0
0
0
0
0
0
0
0
0
0
0
0
0
0.0021031211937082464
0
0
0
0
0
0
0.0006248452587843641
0
0
0
0
0
0
0.00074222908092368
0
0
0
0
0
0
0
0
0
0
0
0
0
0
0
0
0
0
0
0
0
0
0.0007473428564139398
0
0
0
0
0
0.0013475933463376333
0
0
0
0
0
0
0
0.0013475933463376333
0
0.00222668724277104
0
0
0
0
0
0
0
0
0
0
0
0
0
0
0.0015285761557930898
0
0
0
0
0
0
0
0
0
0
0
0
0
0
0
0.001505412362090149
0
0
0
0
0
0
0
0
0
0
0
0
0
0
0
0
0
0
0
0
0
0
0
0
0
0
0
0
0
0
0
0
0
0
0
0
0
0
0
0
0
0.0012396191674464256
0
0
0
0
0
0
0
0
0
0
0
0
0
0
0
0
0
0
0
0
0
0
0
0
0
0.00148445816184736
0
0
0
0
0
0
0
0
0
0
0
0
0
0
0
0
0
0
0
0
0
0
0
0
0
0
0
0
0
0
0
0
0
0
0
0
0
0
0
0
0
0
0
0
0
0
0
0
0
0
0
0
0
0
0
0
0
0
0
0
0
0
0
0
0
0
0
0
0
0
0
0
0
0
0
0
0
0
0
0
0
0.0012953405922698923
0
0
0
0
0
0
0
0
0
0
0
0
0
0
0
0
0
0
0
0
0
0
0.0043619865811122096
0
0
0
0
0
0
0
0
0
0.001617718754036063
0
0
0
0
0
0
0
0
0
0
0
0
0
0
0.0007583446656430243
0
0
0
0
0
0
0
0
0
0.004836139369609629
0
0
0
0
0
0
0
0
0
0
0
0
0
0
0
0
0
0
0
0
0
0
0
0
0
0
0.0032002422974868622
0.0023757424666062794
0
0
0
0
0
0
0
0
0
0
0
0
0
0
0
0
0
0
0
0
0
0
0
0
0
0
0
0
0
0
0
0
0
0
0
0
0
0
0
0
0
0
0.001505412362090149
0
0
0
0
0
0
0
0
0
0.0019906907484063033
0
0
0
0.001505412362090149
0
0
0
0
0
0
0
0
0
0
0
0
0
0
0
0
0.0007527061810450745
0.0015686600420839448
0.0015686600420839448
0
0
0
0
0
0
0
0
0
0
0
0
0
0
0
0
0
0
0
0
0
0
0
0.0032002422974868622
0
0
0
0.0014746853218845517
0.0036633211894982337
0
0
0
0
0
0
0
0
0
0
0
0
0
0
0
0
0
0
0
0
0
0
0
0
0
0
0.0006821495265246397
0
0.0018266577913543572
0.00148445816184736
0
0
0
0
0
0.002124404645770763
0
0
0
0
0
0
0
0
0
0
0
0
0
0
0
0
0
0
0
0
0
0
0
0
0
0.002352990063125917
0
0
0
0
0
0
0
0
0
0
0
0
0
0
0.0018850058318597147
0
0
0
0
0
0
0
0
0
0
0
0
0
0
0
0
0
0
0
0
0
0
0
0
0
0
0
0
0
0
0
0
0
0
0
0.0007157190164170417
0
0
0
0
0
0
0
0
0
0
0
0
0
0
0
0.0006685610956169584
0
0
0
0
0
0
0
0
0
0
0
0
0
0
0
0
0
0
0
0
0
0
0
0
0
0
0
0
0
0
0
0
0
0
0
0
0
0
0
0.001124703217282333
0
0.0007373426609422758
0
0
0
0
0
0.0005861537755308544
0
0
0
0
0
0
0
0.0014394335575501163
0
0
0
0
0
0
0
0
0
0
0
0
0
0
0
0
0
0
0
0
0
0
0
0
0
0
0
0.005898741287538207
0
0
0
0
0
0
0
0
0
0
0
0
0
0
0
0
0
0
0
0
0
0
0
0.0013953155636043865
0
0.0005989503405351867
0
0
0
0
0
0
0
0
0
0
0
0
0
0
0
0
0
0
0
0
0
0
0
0
0
0
0
0
0
0
0
0
0
0.0015285761557930898
0
0
0
0
0
0
0
0
0
0.0006850810695698371
0
0
0.0014746853218845517
0
0
0
0.005350016545275814
0
0
0
0
0
0
0
0
0
0
0
0.001583828311070853
0
0
0
0
0.0027775046181839603
0
0
0
0
0
0
0
0
0
0
0
0
0
0
0
0
0
0.002258118543135223
0
0
0
0
0
0
0
0
0
0
0
0
0
0
0
0
0.0016001211487434311
0
0
0
0
0.0007642880778965449
0.0021031211937082464
0
0.0015686600420839448
0.0020929733454065798
0
0
0.0008000605743717156
0.0007919141555354265
0
0
0
0
0.0007197167787750581
0
0
0
0
0
0
0
0
0
0
0
0
0
0
0
0
0
0
0
0
0
0
0
0
0
0
0
0
0
0
0
0
0
0
0
0
0
0
0
0.0007473428564139398
0
0.001554471074042267
0.0008534306761395181
0
0
0
0
0
0
0
0
0
0
0
0
0
0
0
0
0
0
0
0
0
0
0
0
0
0
0
0
0
0
0
0
0
0
0
0.002258118543135223
0
0
0
0
0
0
0
0
0
0
0.0008088593770180315
0
0
0
0
0
0
0
0
0
0
0
0
0
0
0
0
0
0
0
0
0
0
0
0
0
0
0
0
0
0
0
0
0.000711861555736458
0
0
0
0
0.0006792941361318442
0
0
0
0
0
0
0
0
0
0
0
0
0.0014653284757992935
0
0
0
0
0
0
0
0
0
0
0
0
0.0007583446656430243
0
0
0
0
0
0
0
0.001233152445404809
0
0
0
0
0
0
0
0
0
0
0
0
0
0
0
0
0
0
0
0
0
0
0
0
0
0
0.0012496905175687282
0
0
0
0
0
0
0
0
0
0
0
0
0
0
0.002486703960490377
0.0008088593770180315
0
0
0
0
0
0
0
0
0
0
0
0
0.0007197167787750581
0
0
0
0
0
0
0
0
0
0
0
0
0
0
0
0
0.0007197167787750581
0
0
0
0
0
0
0
0
0
0
0
0
0
0
0.00074222908092368
0
0
0
0.0013823793208819653
0
0
0
0
0
0
0
0
0
0
0
0
0
0
0.0008404832170149294
0
0
0
0
0
0
0
0
0.001617718754036063
0.001583828311070853
0
0
0
0
0
0.001976350269586998
0
0
0
0
0
0
0
0
0
0
0
0
0
0
0
0
0
0
0
0
0
0
0
0
0
0
0
0
0
0
0
0
0
0
0
0
0
0
0.0007326642378996468
0.0013422954345911101
0
0
0
0.0013701621391396742
0.001617718754036063
0
0
0
0
0
0
0
0
0
0.0007583446656430243
0
0
0
0
0
0
0
0
0
0
0
0
0
0
0
0
0
0
0
0
0
0
0
0
0
0
0
0
0
0
0
0
0
0
0
0
0
0
0
0
0
0
0
0
0
0
0
0
0
0
0
0
0
0
0
0
0
0
0
0
0
0
0
0
0
0
0
0
0
0
0
0
0
0
0
0
0.0022928642336896344
0.0032736968801682586
0
0
0
0
0
0
0
0
0
0
0
0
0
0.0028788671151002325
0.0022928642336896344
0
0
0
0
0
0
0
0
0
0
0
0
0
0
0
0
0
0
0
0
0
0
0
0
0
0.0006635635828021011
0.0007705712936643748
0
0
0
0
0
0
0
0.0008000605743717156
0
0
0
0
0
0
0
0
0
0
0
0
0
0
0
0
0
0
0
0
0
0
0
0
0
0.0008000605743717156
0
0
0
0
0
0
0
0.0008184242200420646
0
0.000711861555736458
0
0
0
0
0
0
0
0
0
0
0
0
0
0
0
0
0
0
0
0
0
0
0
0
0
0
0
0
0
0
0
0
0
0
0
0
0
0
0
0
0
0
0
0
0
0
0
0
0
0.0014394335575501163
0.0014653284757992935
0.001423723111472916
0.0007238654352533308
0.0007045304164049563
0.0021715963057599924
0.002147157049251125
0.0014394335575501163
0.0007527061810450745
0
0
0
0
0
0
0.002364380469986347
0
0
0
0
0
0
0.004092121100210323
0.00148445816184736
0.0015686600420839448
0.001617718754036063
0.0037367142820696982
0.0007705712936643748
0
0.0033619328680597176
0.002455272660126194
0.002455272660126194
0
0.0014394335575501163
0.0015411425873287496
0
0
0
0.0008000605743717156
0
0
0.0007705712936643748
0.0007642880778965449
0
0.0016368484400841293
0
0
0
0
0
0.001554471074042267
0
0
0
0
0
0
0
0
0
0.0006337872879647481
0.0007843300210419724
0
0
0.0007527061810450745
0
0
0
0
0
0
0
0
0
0
0
0
0
0
0
0.0006737966731688166
0
0
0
0
0
0
0
0
0
0
0
0
0
0
0.0008184242200420646
0.0008534306761395181
0
0
0.0007705712936643748
0
0
0
0
0
0.00148268424924818
0
0
0
0
0
0
0
0
0
0
0
0
0.0022120279828268274
0
0
0
0
0
0
0
0
0
0
0
0
0
0.0016578026403269181
0
0
0
0
0
0
0
0
0
0
0
0
0
0
0
0
0
0
0
0
0
0
0
0
0
0
0
0
0
0
0
0
0
0
0
0
0
0
0
0
0
0
0
0
0
0
0
0
0
0
0
0
0
0
0
0
0
0
0.001554471074042267
0
0
0
0
0
0
0
0
0
0
0
0
0.0033301697090264764
0
0.0008404832170149294
0
0
0
0
0
0
0
0
0.003010824724180298
0
0
0
0
0
0
0
0
0
0
0
0
0
0
0
0
0.0015411425873287496
0
0
0
0
0
0
0
0
0
0
0
0.000711861555736458
0
0
0
0.0015166893312860486
0
0.000711861555736458
0
0
0.00074222908092368
0
0
0
0
0
0
0
0
0
0
0
0
0
0
0
0
0
0
0
0
0
0
0
0.0013129381975625243
0
0
0
0
0
0
0
0
0
0
0
0
0
0
0
0
0
0
0
0
0.0014090608328099126
0
0
0
0
0
0.00222668724277104
0.0008088593770180315
0.0007705712936643748
0
0
0
0.001554471074042267
0
0
0
0
0
0
0
0
0
0
0
0
0
0
0
0
0.0014946857128278796
0.0013823793208819653
0.0006283352772865716
0
0
0
0
0
0
0
0
0
0
0
0
0
0.0007326642378996468
0
0
0
0
0
0
0
0
0
0
0
0
0
0
0
0
0
0.0006395238772986571
0
0
0
0
0
0
0
0
0
0
0
0
0
0
0
0
0
0
0
0
0
0
0
0
0
0
0
0
0
0
0
0
0
0
0
0
0
0
0
0
0
0
0
0
0
0
0
0
0
0
0
0
0
0
0
0
0
0
0
0
0
0
0
0.003686713304711379
0.0017068613522790363
0.0016368484400841293
0.0007583446656430243
0
0.0025214496510447882
0
0
0
0.0013701621391396742
0.0007772355370211335
0
0.0007527061810450745
0.00519560356646576
0.0016809664340298588
0.001505412362090149
0.0014394335575501163
0.002258118543135223
0.0025214496510447882
0.0016809664340298588
0.0016578026403269181
0.0024001817231151462
0.0007081348819235877
0.001617718754036063
0.001505412362090149
0.0007642880778965449
0.0017068613522790363
0.001617718754036063
0.0016578026403269181
0.0008000605743717156
0
0.0015166893312860486
0.003763530905225372
0.0007473428564139398
0.0015686600420839448
0.0017809549783546388
0.004318300672650348
0
0.0017362185893076223
0.0016578026403269181
0.0017068613522790363
0.0021845304752070457
0
0.003619327176266654
0.004044296885090157
0
0.005268943267315521
0.0007843300210419724
0.008294275925291791
0
0.0023757424666062794
0.002455272660126194
0.0007919141555354265
0.004910545320252388
0
0
0.0016578026403269181
0
0.0008289013201634591
0.0008184242200420646
0.0007843300210419724
0.0025602920284185544
0.0008184242200420646
0
0.0016578026403269181
0.003921650105209861
0.0008404832170149294
0.0016809664340298588
0
0.0014090608328099126
0
0.0014563536501380305
0.001505412362090149
0
0.0014653284757992935
0.0014477308705066617
0.0016809664340298588
0.001617718754036063
0
0.0025214496510447882
0.0007473428564139398
0.0008534306761395181
0.0008000605743717156
0.002604327883961433
0.00074222908092368
0.003150613684922349
0.0008289013201634591
0.0006880929387781602
0.0014653284757992935
0
0.0031373200841678895
0.0022928642336896344
0
0.0014162697638471753
0.001583828311070853
0.0008289013201634591
0.0015166893312860486
0
0.0008000605743717156
0
0.0013320678836105907
0.001617718754036063
0.002352990063125917
0
0.0008000605743717156
0
0.002426578131054094
0
0.0019305649189700204
0
0.0007843300210419724
0.0016809664340298588
0.0033156052806538362
0
0.0008289013201634591
0.002455272660126194
0.0007642880778965449
0.0016001211487434311
0.0016368484400841293
0.002912707300276061
0.007157190164170417
0.0016578026403269181
0.0023757424666062794
0.0016578026403269181
0.0007705712936643748
0.0008000605743717156
0.0008681092946538112
0
0.0015285761557930898
0.0007843300210419724
0.001554471074042267
0.0015285761557930898
0.0008184242200420646
0.002486703960490377
0.001554471074042267
0
0.0016578026403269181
0.0008088593770180315
0
0
0.001554471074042267
0.004853156262108188
0
0.002455272660126194
0
0.00222668724277104
0.0008184242200420646
0.0007157190164170417
0.0007583446656430243
0
0.0008289013201634591
0.002242028569241819
0.003010824724180298
0.0017068613522790363
0.0025602920284185544
0.0007919141555354265
0.0016578026403269181
0.003235437508072126
0.001505412362090149
0
0
0.0032736968801682586
0.005440648759147935
0
0.0008000605743717156
0.0008000605743717156
0.0008088593770180315
0.0008000605743717156
0.00296891632369472
0.003033378662572097
0.0016001211487434311
0
0.0016368484400841293
0.001583828311070853
0
0.001554471074042267
0.0016001211487434311
0.0016578026403269181
0.0007583446656430243
0.001554471074042267
0.0007527061810450745
0.001583828311070853
0.001583828311070853
0.0017068613522790363
0.0006792941361318442
0.0015166893312860486
0
0
0
0.0023757424666062794
0
0.0007081348819235877
0.0025602920284185544
0.008407168856861992
0.001936729192800564
0
0.0014162697638471753
0.0008289013201634591
0.0015411425873287496
0.0008404832170149294
0.0024001817231151462
0.0032736968801682586
0.0017362185893076223
0.0008184242200420646
0.0017068613522790363
0.0016368484400841293
0.0007642880778965449
0.0007843300210419724
0.0007705712936643748
0.0016578026403269181
0.0016368484400841293
0.0023317066110634006
0
0.0017068613522790363
0.0015411425873287496
0
0.0016578026403269181
0.0033619328680597176
0.0008184242200420646
0.002455272660126194
0.002426578131054094
0.001617718754036063
0
0.0023317066110634006
0
0.002352990063125917
0.0008000605743717156
0
0
0.004044296885090157
0.0033619328680597176
0.0013371221912339168
0
0.002604327883961433
0.0008404832170149294
0
0.0032736968801682586
0.002455272660126194
0.0025214496510447882
0.0007373426609422758
0
0
0.0007281768250690153
0
0.003167656622141706
0.0016809664340298588
0.00148445816184736
0.0017362185893076223
0
0.001583828311070853
0.0007473428564139398
0.0008000605743717156
0.0008000605743717156
0.001505412362090149
0.0007473428564139398
0.0007772355370211335
0.0008000605743717156
0.002426578131054094
0.0016368484400841293
0.002258118543135223
0.0015411425873287496
0.008412484774832986
0.003235437508072126
0.0015686600420839448
0.004484057138483638
0.0029493706437691033
0
0.002046448579573919
0.0023117138809931243
0.0007919141555354265
0.0032002422974868622
0
0.0007772355370211335
0.0008000605743717156
0.0014746853218845517
0
0
0.002486703960490377
0
0.0033156052806538362
0.002486703960490377
0.0016368484400841293
0.0008184242200420646
0
0.0034724371786152446
0.0019305649189700204
0.004092121100210323
0.0008000605743717156
0.0008184242200420646
0
0
0.0025214496510447882
0.0016578026403269181
0.0007642880778965449
0.0007326642378996468
0
0.0007843300210419724
0.0028325395276943507
0
0.0016163981466126398
0.0014394335575501163
0.0017442750942905877
0.002604327883961433
0.0007843300210419724
0.0007919141555354265
0.0008000605743717156
0.0021979927136989404
0.001554471074042267
0.0017068613522790363
0
0.0008184242200420646
0.0016368484400841293
0.007527061810450744
0.0007583446656430243
0.0015411425873287496
0
0.006021649448360596
0
0.0016001211487434311
0.0033619328680597176
0.0016368484400841293
0.001423723111472916
0
0.0008088593770180315
0.0007527061810450745
0.0006792941361318442
0.0007527061810450745
0
0.0021135912492148685
0
0.0007919141555354265
0.0008404832170149294
0.0007843300210419724
0.002352990063125917
0.0007919141555354265
0.001617718754036063
0.003235437508072126
0.0016001211487434311
0.0008289013201634591
0.0031373200841678895
0.0023317066110634006
0.0008088593770180315
0.0030571523115861796
0.0023117138809931243
0.0025214496510447882
0.002147157049251125
0.0016001211487434311
0.0008184242200420646
0
0.0007919141555354265
0.0016809664340298588
0.0016368484400841293
0.0007473428564139398
0.0022928642336896344
0.0025214496510447882
0.0029493706437691033
0.0008289013201634591
0
0
0.007527061810450744
0.0017068613522790363
0.0025214496510447882
0.0023757424666062794
0.001617718754036063
0
0.0016368484400841293
0.0016001211487434311
0.0033619328680597176
0.0017068613522790363
0
0.003791723328215121
0.001505412362090149
0
0.0008088593770180315
0.0008289013201634591
0
0.0016368484400841293
0.0015686600420839448
0.0016001211487434311
0.0008184242200420646
0.0007583446656430243
0.0016368484400841293
0.0007919141555354265
0
0.0016001211487434311
0.0008088593770180315
0.0007772355370211335
0.0023317066110634006
0.001554471074042267
0
0.0025214496510447882
0.0033619328680597176
0.0016368484400841293
0.0030571523115861796
0.0017068613522790363
0
0
0.0030571523115861796
0.0016578026403269181
0.0007583446656430243
0.0023117138809931243
0.0008088593770180315
0.0007642880778965449
0.0008000605743717156
0.0007772355370211335
0.0015686600420839448
0.0008404832170149294
0
0.0008000605743717156
0.0054903101472938065
0.0048003634462302925
0
0.001505412362090149
0.001617718754036063
0.001223795599319551
0.0007705712936643748
0.001554471074042267
0.003167656622141706
0.0014946857128278796
0.0016368484400841293
0.0016578026403269181
0.00074222908092368
0.005978742851311518
0.0008404832170149294
0
0
0.0032736968801682586
0.0007919141555354265
0.0023317066110634006
0.005728969540294453
0.0008000605743717156
0
0.0007281768250690153
0.0008534306761395181
0.0008184242200420646
0.001554471074042267
0.0007373426609422758
0.0030828811135120223
0
0.002455272660126194
0.0007843300210419724
0
0.0015411425873287496
0
0
0
0
0
0.0007843300210419724
0.0008000605743717156
0.0023757424666062794
0.001617718754036063
0
0.0008088593770180315
0.0015686600420839448
0.0008404832170149294
0.0008184242200420646
0.0050428993020895764
0.0008000605743717156
0.0016578026403269181
0
0.0008184242200420646
0.0013320678836105907
0.0016001211487434311
0.0007326642378996468
0.0008289013201634591
0.0008000605743717156
0.0007373426609422758
0
0.0014020807958054977
0.0020378824083955326
0.0008289013201634591
0.0008000605743717156
0.004267153380697591
0.0007919141555354265
0.0007642880778965449
0
0.00148445816184736
0.0031373200841678895
0.0007527061810450745
0
0
0.0006880929387781602
0.001617718754036063
0.0016001211487434311
0.0014746853218845517
0.0014746853218845517
0.0008184242200420646
0.0007527061810450745
0.001583828311070853
0
0.0007238654352533308
0.0014394335575501163
0.0007843300210419724
0.0008184242200420646
0
0.0016001211487434311
0.0025214496510447882
0
0.0008289013201634591
0.002275033996929073
0.0007010403979027488
0.0025214496510447882
0
0
0.0008088593770180315
0.0008404832170149294
0
0.001583828311070853
0.0028041615916109953
0.0008404832170149294
0
0.0016368484400841293
0.0007705712936643748
0.0007583446656430243
0
0.0007705712936643748
0.0008000605743717156
0.00148445816184736
0.0006395238772986571
0.0007843300210419724
0.00074222908092368
0.0033619328680597176
0.0015686600420839448
0.0016368484400841293
0.0008088593770180315
0.0023757424666062794
0.0016578026403269181
0.0016578026403269181
0
0
0.0007919141555354265
0.0024001817231151462
0.001583828311070853
0
0.0008184242200420646
0.0008000605743717156
0.002486703960490377
0.0016368484400841293
0.0007705712936643748
0
0
0.0017068613522790363
0.0007583446656430243
0.0025214496510447882
0.001617718754036063
0.0033619328680597176
0.0032002422974868622
0.0013129381975625243
0.004092121100210323
0.0007843300210419724
0.0034137227045580726
0.0008289013201634591
0.0008000605743717156
0.0008088593770180315
0.0014653284757992935
0
0.002426578131054094
0
0.0007919141555354265
0.0008404832170149294
0.0008000605743717156
0.0006711477172955551
0
0.0007843300210419724
0
0
0
0.0007772355370211335
0
0.0007772355370211335
0.001583828311070853
0
0
0.0008289013201634591
0.0008184242200420646
0.0038528564683218735
0.0008850545161364163
0
0
0.0032736968801682586
0.0007642880778965449
0.0007772355370211335
0
0.002455272660126194
0
0.002486703960490377
0.003235437508072126
0.0008088593770180315
0.001617718754036063
0.0006943761545459901
0.0015166893312860486
0.0008184242200420646
0.0017068613522790363
0
0.0016578026403269181
0.0007919141555354265
0.0016578026403269181
0.0006265764181740684
0
0.0015411425873287496
0.0013953155636043865
0
0
0
0.0007919141555354265
0.0015686600420839448
0
0.0007843300210419724
0
0.002426578131054094
0
0.0008184242200420646
0.0024001817231151462
0
0.002912707300276061
0.0025214496510447882
0.0023117138809931243
0.0017068613522790363
0.00148445816184736
0.0015686600420839448
0
0.0033156052806538362
0.002426578131054094
0
0.002455272660126194
0.0007919141555354265
0
0
0.0025214496510447882
0.0008000605743717156
0.0007772355370211335
0.0015285761557930898
0.0011847319129971474
0
0.0008289013201634591
0
0.0033156052806538362
0.0021715963057599924
0.002046448579573919
0
0.002455272660126194
0
0.0024001817231151462
0
0.0006088859304514524
0.001583828311070853
0
0.0007705712936643748
0
0.0006880929387781602
0.001583828311070853
0
0.0007473428564139398
0.002426578131054094
0.0015411425873287496
0
0.0007642880778965449
0
0.0007045304164049563
0
0.0015166893312860486
0.0008404832170149294
0
0
0
0
0.0033619328680597176
0.0007919141555354265
0.0007843300210419724
0.0015285761557930898
0
0.0008681092946538112
0
0
0.001583828311070853
0
0
0.001583828311070853
0.0022928642336896344
0
0
0
0.0013320678836105907
0
0
0
0
0
0.0023757424666062794
0
0.003921650105209861
0
0.0008088593770180315
0
0
0
0
0
0
0
0
0
0
0
0
0
0
0
0
0
0
0
0
0
0
0
0
0
0
0
0
0
0
0
0
0
0
0
0
0
0
0
0
0
0
0
0
0
0
0
0
0
0
0
0
0
0
0
0
0
0
0
0
0
0
0
0
0
0
0
0
0
0
0
0
0
0
0
0
0
0
0
0
0
0
0
0
0
0
0
0
0
0
0
0
0
0
0
0
0
0
0
0
0
0
0
0
0
0
0
0
0
0
0
0
0
0
0
0
0
0
0
0
0
0
0
0
0
0
0
0
0
0
0
0
0
0
0
0
0
0
0
0
0
0
0
0
0
0
0
0
0
0
0
0
0
0
0
0
0
0
0
0
0
0
0
0
0
0
0
0
0
0
0
0
0
0
0
0
0
0
0
0
0
0
0
0
0
0
0
0
0
0
0
0
0
0
0
0
0
0
0
0
0
0
0
0
0
0
0
0
0
0
0
0
0
0
0
0
0
0
0
0
0
0
0
0
0
0
0
0
0
0
0
0
0
0
0
0
0
0
0
0
0
0
0
0.0008534306761395181
0
0
0
0
0
0
0
0
0
0
0
0
0
0
0
0
0
0
0
0
0
0
0
0
0
0
0
0
0
0
0
0
0
0
0
0
0
0
0
0
0
0
0
0
0
0
0
0
0
0
0
0
0
0
0
0
0
0
0
0
0
0
0
0
0
0
0
0
0
0
0
0
0
0
0
0
0
0
0
0
0
0
0
0
0
0
0
0
0
0
0
0
0
0
0
0
0
0
0
0
0
0
0
0
0
0
0
0.0016809664340298588
0.0005910951174965867
0.0009050964592818437
0.0008850545161364163
0.0007642880778965449
0.0007081348819235877
0.0021979927136989404
0.0008681092946538112
0.0033619328680597176
0.0008850545161364163
0.0008850545161364163
0.0007281768250690153
0.0013039633719012613
0.000637578227403153
0.0033619328680597176
0.0009296258152579029
0.0007642880778965449
0.0009050964592818437
0.0008850545161364163
0.0008184242200420646
0.0016809664340298588
0.0008000605743717156
0.0007281768250690153
0
0
0
0
0
0
0
0
0
0
0
0
0
0
0
0
0
0
0
0
0
0
0
0
0
0
0
0
0
0
0
0
0
0
0
0
0
0
0
0
0
0
0
0
0
0
0
0
0
0
0
0
0
0
0
0
0
0
0
0
0
0
0
0
0
0
0
0
0
0
0
0
0
0
0
0
0
0
0
0
0
0
0
0
0
0
0
0
0
0
0
0
0
0
0
0
0
0
0
0
0
0
0
0
0
0
0
0
0
0
0
0
0
0
0
0
0
0
0
0
0
0
0
0
0
0
0
0
0
0
0
0
0
0
0
0
0
0
0
0
0
0
0
0
0
0
0
0
0
0
0
0
0
0
0
0
0
0
0
0
0
0
0
0
0
0
0
0
0
0
0
0
0
0
0
0
0
0
0
0
0
0
0
0
0
0
0
0
0
0
0
0
0
0
0
0
0
0
0
0
0
0
0
0
0
0
0
0
0
0
0
0
0
0
0
0
0
0
0
0
0
0
0
0
0
0
0
0
0
0
0
0
0
0
0
0
0
0
0
0
0
0
0
0
0
0
0
0
0
0
0
0
0
0
0
0
0
0
0
0
0
0
0
0
0
0
0
0
0
0
0
0
0
0
0
0
0
0
0
0
0
0
0
0
0
0
0
0
0
0
0
0
0
0
0
0
0
0
0
0
0
0
0
0
0
0
0
0
0
0
0
0
0
0
0
0
0
0
0
0
0
0
0
0
0
0
0
0
0
0
0
0
0
0
0
0
0
0
0
0
0
0
0
0
0
0
0
0
0
0
0
0
0
0
0
0
0
0
0
0
0
0
0
0
0
0
0
0
0
0
0
0
0
0
0
0
0
0
0
0
0
0
0
0
0
0
0
0
0
0
0
0
0
0
0
0
0
0
0
0
0
0
0
0
0
0
0
0
0
0
0
0
0
0
0
0
0
0
0
0
0
0
0
0
0
0
0
0
0
0
0
0
0
0
0
0
0
0
0
0
0
0
0
0
0
0
0
0
0
0
0
0
0
0
0
0
0
0
0
0
0
0
0
0
0
0
0
0
0
0
0
0
0
0
0
0
0
0
0
0
0
0
0
0
0
0
0
0
0
0
0
0
0
0
0
0
0
0
0
0
0
0
0
0
0
0
0
0
0
0
0
0
0
0
0
0
0
0
0
0
0
0
0
0
0
0
0
0
0
0
0
0
0
0
0
0
0
0
0
0
0
0
0
0
0
0
0
0
0
0
0
0
0
0
0
0
0
0
0
0
0
0
0
0
0
0
0
0
0
0
0
0
0
0
0
0
0
0
0
0
0
0
0
0
0
0
0
0
0
0
0
0
0
0
0
0
0
0
0
0
0
0
0
0
0
0
0
0
0
0
0
0
0
0
0
0
0
0
0
0
0
0
0
0
0
0
0
0
0
0
0
0
0
0
0
0
0
0
0
0
0
0
0
0
0
0
0
0
0
0
0
0
0
0
0
0
0
0
0
0
0
0
0
0
0
0
0
0
0
0
0
0
0
0
0
0
0
0
0
0
0
0
0
0
0
0
0
0
0
0
0
0
0
0
0
0
0
0
0
0
0
0
0
0
0
0
0
0
0
0
0
0
0
0
0
0
0
0
0
0
0
0
0
0
0
0
0
0
0
0
0
0
0
0
0
0
0
0
0
0
0
0
0
0
0
0
0
0
0
0
0
0
0
0
0
0
0
0
0
0
0
0
0
0
0
0
0
0
0
0
0
0
0
0
0
0
0
0
0
0
0
0
0
0
0
0
0
0
0
0
0
0
0
0
0
0
0
0
0
0
0
0
0
0
0
0
0
0
0
0
0
0
0
0
0
0
0
0
0
0
0
0
0
0
0
0
0
0
0
0
0
0
0
0
0
0
0
0
0
0
0
0
0
0
0
0
0
0
0
0
0
0
0
0
0
0
0
0
0
0
0
0
0
0
0
0
0
0
0
0
0
0
0
0
0
0
0
0
0
0
0
0
0
0
0
0
0
0
0
0
0
0
0
0
0
0
0
0
0
0
0
0
0
0
0
0
0
0
0
0
0
0
0
0
0
0
0
0
0
0
0
0
0
0
0
0
0
0
0
0
0
0
0
0
0
0
0
0
0
0
0
0
0
0
0
0
0
0
0
0
0
0
0
0
0
0
0
0
0
0
0
0
0
0
0
0
0
0
0
0
0
0
0
0
0
0
0
0
0
0
0
0
0
0
0
0
0
0
0
0
0
0
0
0
0
0
0
0
0
0
0
0
0
0
0
0
0
0
0
0
0
0
0
0
0
0
0
0
0
0
0
0
0
0
0
0
0
0
0
0
0
0
0
0
0
0
0
0
0
0
0
0
0
0
0
0
0
0
0
0
0
0
0
0
0
0
0
0
0
0
0
0
0
0
0
0
0
0
0
0
0
0
0
0
0
0
0
0
0
0
0
0
0
0
0
0
0
0
0
0
0
0
0
0
0
0
0
0
0
0
0
0
0
0
0
0
0
0
0
0
0
0
0
0
0
0
0
0
0
0
0
0
0
0
0
0
0
0
0
0
0
0
0
0
0
0
0
0
0
0
0
0
0
0
0
0
0
0
0
0
0
0
0
0
0
0
0
0
0
0
0
0
0
0
0
0
0
0
0
0
0
0
0
0
0
0
0
0
0
0
0
0
0
0
0
0
0
0
0
0
0
0
0
0
0
0
0
0
0
0
0
0
0
0
0
0
0
0
0
0
0
0
0
0
0
0
0
0
0
0
0
0
0
0
0
0
0
0
0
0
0
0
0
0
0
0
0
0
0
0
0
0
0
0
0
0
0
0
0
0
0
0
0
0
0
0
0
0
0
0
0
0
0
0
0
0
0
0
0
0
0
0
0
0
0
0
0
0
0
0
0
0
0
0
0
0
0
0
0
0
0
0
0
0
0
0
0
0
0
0
0
0
0
0
0
0
0
0
0
0
0
0
0
0
0
0
0
0
0
0
0
0
0
0
0
0
0
0
0
0
0
0
0
0
0
0
0
0
0
0
0
0
0
0
0
0
0
0
0
0
0
0
0
0
0
0
0
0
0
0
0
0
0
0
0
0
0
0
0
0
0
0
0
0
0
0
0
0
0
0
0
0
0
0
0
0
0
0
0
0
0
0
0
0
0
0
0
0
0
0
0
0
0
0
0
0
0
0
0
0
0
0
0
0
0
0
0
0
0
0
0
0
0
0
0
0
0
0
0
0
0
0
0
0
0
0
0
0
0
0
0
0
0
0
0
0
0
0
0
0
0
0
0
0
0
0
0
0
0
0
0
0
0
0
0
0
0
0
0
0
0
0
0
0
0
0
0
0
0
0
0
0
0
0
0
0
0
0
0
0
0
0
0
0
0
0
0
0
0
0
0
0
0
0
0
0
0
0
0
0
0
0
0
0
0
0
0
0
0
0
0
0
0
0
0
0
0
0
0
0
0
0
0
0
0
0
0
0
0
0
0
0
0
0
0
0
0
0
0
0
0
0
0
0
0
0
0
0
0
0
0
0
0
0
0
0
0
0
0
0
0
0
0
0
0
0
0
0
0
0
0
0
0
0
0
0
0
0
0
0
0
0
0
0
0
0
0
0
0
0
0
0
0
0
0
0
0
0
0
0
0
0
0
0
0
0
0
0
0
0
0
0
0
0
0
0
0
0
0
0
0
0
0
0
0
0
0
0
0
0
0
0
0
0
0
0
0
0
0
0
0
0
0
0
0
0
0
0
0
0
0
0
0
0
0
0
0
0
0
0
0
0
0
0
0
0
0
0
0
0
0
0
0
0
0
0
0
0
0
0
0
0
0
0
0
0
0
0
0
0
0
0
0
0
0
0
0
0
0
0
0
0
0
0
0
0
0
0
0
0
0
0
0
0
0
0
0
0
0
0
0
0
0
0
0
0
0
0
0
0
0
0
0
0
0
0
0
0
0
0
0
0
0
0
0
0
0
0
0
0
0
0
0
0
0
0
0
0
0
0
0
0
0
0
0
0
0
0
0
0
0
0
0
0
0
0
0
0
0
0
0
0
0
0
0
0
0
0
0
0
0
0
0
0
0
0
0
0
0
0
0
0
0
0
0
0
0
0
0
0
0
0
0
0
0
0
0
0
0
0
0
0
0
0
0
0
0
0
0
0
0
0
0
0
0
0
0
0
0
0
0
0
0
0
0
0
0
0
0
0
0
0
0
0
0
0
0
0
0
0
0
0
0
0
0
0
0
0
0
0
0
0
0
0
0
0
0
0
0
0
0
0
0
0
0
0
0
0
0
0
0
0
0
0
0
0
0
0
0
0
0
0
0
0
0
0
0
0
0
0
0
0
0
0
0
0
0
0
0
0
0
0
0
0
0
0
0
0
0
0
0
0
0
0
0
0
0
0
0
0
0
0
0
0
0
0
0
0
0
0
0
0
0
0
0
0
0
0
0
0
0
0
0
0
0
0
0
0
0
0
0
0
0
0
0
0
0
0
0
0
0
0
0
0
0
0
0
0
0
0
0
0
0
0
0
0
0
0
0
0
0
0
0
0
0
0
0
0
0
0
0
0
0
0
0
0
0
0
0
0
0
0
0
0
0
0
0
0
0
0
0
0
0
0
0
0
0
0
0
0
0
0
0
0
0
0
0
0
0
0
0
0
0
0
0
0
0
0
0
0
0
0
0
0
0
0
0
0
0
0
0
0
0
0
0
0
0
0
0
0
0
0
0
0
0
0
0
0
0
0
0
0
0
0
0
0
0
0
0
0
0
0
0
0
0
0
0
0
0
0
0
0
0
0
0
0
0
0
0
0
0
0
0
0
0
0
0
0
0
0
0
0
0
0
0
0
0
0
0
0
0
0
0
0
0
0
0
0
0
0
0
0
0
0
0
0
0
0
0
0
0
0
0
0
0
0
0
0
0
0
0
0
0
0
0
0
0
0
0
0
0
0
0
0
0
0
0
0
0
0
0
0
0
0
0
0
0
0
0
0
0
0
0
0
0
0
0
0
0
0
0
0
0
0
0
0
0
0
0
0
0
0
0
0
0
0
0
0
0
0
0
0
0
0
0
0
0
0
0
0
0
0
0
0
0
0
0
0
0
0
0
0
0
0
0
0
0
0
0
0
0
0
0
0
0
0
0
0
0
0
0
0
0
0
0
0
0
0
0
0
0
0
0
0
0
0
0
0
0
0
0
0
0
0
0
0
0
0
0
0
0
0
0
0
0
0
0
0
0
0
0
0
0
0
0
0
0
0
0
0
0
0
0
0
0
0
0
0
0
0
0
0
0
0
0
0
0
0
0
0
0
0
0
0
0
0
0
0
0
0
0
0
0
0
0
0
0
0
0
0
0
0
0
0
0
0
0
0
0
0
0
0
0
0
0
0
0
0
0
0
0
0
0
0
0
0
0
0
0
0
0
0
0
0
0
0
0
0
0
0
0
0
0
0
0
0
0
0
0
0
0
0
0
0
0
0
0
0
0
0
0
0
0
0
0
0
0
0
0
0
0
0
0
0
0
0
0
0
0
0
0
0
0
0
0
0
0
0
0
0
0
0
0
0
0
0
0
0
0
0
0
0
0
0
0
0
0
0
0
0
0
0
0
0
0
0
0
0
0
0
0
0
0
0
0
0
0
0
0
0
0
0
0
0
0
0
0
0
0
0
0
0
0
0
0
0
0
0
0
0
0
0
0
0
0
0
0
0
0
0
0
0
0
0
0
0
0
0
0
0
0
0
0
0
0
0
0
0
0
0
0
0
0
0
0
0
0
0
0
0
0
0
0
0
0
0
0
0
0
0
0
0
0
0
0
0
0
0
0
0
0
0
0
0
0
0
0
0
0
0
0
0
0
0
0
0
0
0
0
0
0
0
0
0
0
0
0
0
0
0
0
0
0
0
0
0
0
0
0
0
0
0
0
0
0
0
0
0
0
0
0
0
0
0
0
0
0
0
0
0
0
0
0
0
0
0
0
0
0
0
0
0
0
0
0
0
0
0
0
0
0
0
0
0
0
0
0
0
0
0
0
0
0
0
0
0
0
0
0
0
0
0
0
0
0
0
0
0
0
0
0
0
0
0
0
0
0
0
0
0
0
0
0
0
0
0
0
0
0
0
0
0
0
0
0
0
0
0
0
0
0
0
0
0
0
0
0
0
0
0
0
0
0
0
0
0
0
0
0
0
0
0
0
0
0
0
0
0
0
0
0
0
0
0
0
0
0
0
0
0
0
0
0
0
0
0
0
0
0
0
0
0
0
0
0
0
0
0
0
0
0
0
0
0
0
0
0
0
0
0
0
0
0
0
0
0
0
0
0
0
0
0
0
0
0
0
0
0
0
0
0
0
0
0
0
0
0
0
0
0
0
0
0
0
0
0
0
0
0
0
0
0
0
0
0
0
0
0
0
0
0
0
0
0
0
0
0
0
0
0
0
0
0
0
0
0
0
0
0
0
0
0
0
0
0
0
0
0
0
0
0
0
0
0
0
0
0
0
0
0
0
0
0
0
0
0
0
0
0
0
0
0
0
0
0
0
0
0
0
0
0
0
0
0
0
0
0
0
0
0
0
0
0
0
0
0
0
0
0
0
0
0
0
0
0
0
0
0
0
0
0
0
0
0
0
0
0
0
0
0
0
0
0
0
0
0
0
0
0
0
0
0
0
0
0
0
0
0
0
0
0
0
0
0
0
0
0
0
0
0
0
0
0
0
0
0
0
0
0
0
0
0
0
0
0
0
0
0
0
0
0
0
0
0
0
0
0
0
0
0
0
0
0
0
0
0
0
0
0
0
0
0
0
0
0
0
0
0
0
0
0
0
0
0
0
0
0
0
0
0
0
0
0
0
0
0
0
0
0
0
0
0
0
0
0
0
0
0
0
0
0
0
0
0
0
0
0
0
0
0
0
0
0
0
0
0
0
0
0
0
0
0
0
0
0
0
0
0
0
0
0
0
0
0
0
0
0
0
0
0
0
0
0
0
0
0
0
0
0
0
0
0
0
0
0
0
0
0
0
0
0
0
0
0
0
0
0
0
0
0
0
0
0
0
0
0
0
0
0
0
0
0
0
0
0
0
0
0
0
0
0
0
0
0
0
0
0
0
0
0
0
0
0
0
0
0
0
0
0
0
0
0
0
0
0
0
0
0
0
0
0
0
0
0
0
0
0
0
0
0
0
0
0
0
0
0
0
0
0
0
0
0
0
0
0
0
0
0
0
0
0
0
0
0
0
0
0
0
0
0
0
0
0
0
0
0
0
0
0
0
0
0
0
0
0
0
0
0
0
0
0
0
0
0
0
0
0
0
0
0
0
0
0
0
0
0
0
0
0
0
0
0
0
0
0
0
0
0
0
0
0
0
0
0
0
0
0
0
0
0
0
0
0
0
0
0
0
0
0
0
0
0
0
0
0
0
0
0
0
0
0
0
0
0
0
0
0
0
0
0
0
0
0
0
0
0
0
0
0
0
0
0
0
0
0
0
0
0
0
0
0
0
0
0
0
0
0
0
0
0
0
0
0
0
0
0
0
0
0
0
0
0
0
0
0
0
0
0
0
0
0
0
0
0
0
0
0
0
0
0
0
0
0
0
0
0
0
0
0
0
0
0
0
0
0
0
0
0
0
0
0
0
0
0
0
0
0
0
0
0
0
0
0
0
0
0
0
0
0
0
0
0
0
0
0
0
0
0
0
0
0
0
0
0
0
0
0
0
0
0
0
0
0
0
0
0
0
0
0
0
0
0
0
0
0
0
0
0
0
0
0
0
0
0
0
0
0
0
0
0
0
0
0
0
0
0
0
0
0
0
0
0
0
0
0
0
0
0
0
0
0
0
0
0
0
0
0
0
0
0
0
0
0
0
0
0
0
0
0
0
0
0
0
0
0
0
0
0
0
0
0
0
0
0
0
0
0
0
0
0
0
0
0
0
0
0
0
0
0
0
0
0
0
0
0
0
0
0
0
0
0
0
0
0
0
0
0
0
0
0
0
0
0
0
0
0
0
0
0
0
0
0
0
0
0
0
0
0
0
0
0
0
0
0
0
0
0
0
0
0
0
0
0
0
0
0
0
0
0
0
0
0
0
0
0
0
0
0
0
0
0
0
0
0
0
0
0
0
0
0
0
0
0
0
0
0
0
0
0
0
0
0
0
0
0
0
0
0
0
0
0
0
0
0
0
0
0
0
0
0
0
0
0
0
0
0
0
0
0
0
0
0
0
0
0
0
0
0
0
0
0
0
0
0
0
0
0
0
0
0
0
0
0
0
0
0
0
0
0
0
0
0
0
0
0
0
0
0
0
0
0
0
0
0
0
0
0
0
0
0
0
0
0
0
0
0
0
0
0
0
0
0
0
0
0
0
0
0
0
0
0
0
0
0
0
0
0
0
0
0
0
0
0
0
0
0
0
0
0
0
0
0
0
0
0
0
0
0
0
0
0
0
0
0
0
0
0
0
0
0
0
0
0
0
0
0
0
0
0
0
0
0
0
0
0
0
0
0
0
0
0
0
0
0
0
0
0
0
0
0
0
0
0
0
0
0
0
0
0
0
0
0
0
0
0
0
0
0
0
0
0
0
0
0
0
0
0
0
0
0
0
0
0
0
0
0
0
0
0
0
0
0
0
0
0
0
0
0
0
0
0
0
0
0
0
0
0
0
0
0
0
0
0
0
0
0
0
0
0
0
0
0
0
0
0
0
0
0
0
0
0
0
0
0
0
0
0
0
0
0
0
0
0
0
0
0
0
0
0
0
0
0
0
0
0
0
0
0
0
0
0
0
0
0
0
0
0
0
0
0
0
0
0
0
0
0
0
0
0
0
0
0
0
0
0
0
0
0
0
0
0
0
0
0
0
0
0
0
0
0
0
0
0
0
0
0
0
0
0
0
0
0
0
0
0
0
0
0
0
0
0
0
0
0
0
0
0
0
0
0
0
0
0
0
0
0
0
0
0
0
0
0
0
0
0
0
0
0
0
0
0
0
0
0
0
0
0
0
0
0
0
0
0
0
0
0
0
0
0
0
0
0
0
0
0
0
0
0
0
0
0
0
0
0
0
0
0
0
0
0
0
0
0
0
0
0
0
0
0
0
0
0
0
0
0
0
0
0
0
0
0
0
0
0
0
0
0
0
0
0
0
0
0
0
0
0
0
0
0
0
0
0
0
0
0
0
0
0
0
0
0
0
0
0
0
0
0
0
0
0
0
0
0
0
0
0
0
0
0
0
0
0
0
0
0
0
0
0
0
0
0
0
0
0
0
0
0
0
0
0
0
0
0
0
0
0
0
0
0
0
0
0
0
0
0
0
0
0
0
0
0
0
0
0
0
0
0
0
0
0
0
0
0
0
0
0
0
0
0
0
0
0
0
0
0
0
0
0
0
0
0
0
0
0
0
0
0
0
0
0
0
0
0
0
0
0
0
0
0
0
0
0
0
0
0
0
0
0
0
0
0
0
0
0
0
0
0
0
0
0
0
0
0
0
0
0
0
0
0
0
0
0
0
0
0
0
0
0
0
0
0
0
0
0
0
0
0
0
0
0
0
0
0
0
0
0
0
0
0
0
0
0
0
0
0
0
0
0
0
0
0
0
0
0
0
0
0
0
0
0
0
0
0
0
0
0
0
0
0
0
0
0
0
0
0
0
0
0
0
0
0
0
0
0
0
0
0
0
0
0
0
0
0
0
0
0
0
0
0
0
0
0
0
0
0
0
0
0
0
0
0
0
0
0
0
0
0
0
0
0
0
0
0
0
0
0
0
0
0
0
0
0
0
0
0
0
0
0
0
0
0
0
0
0
0
0
0
0
0
0
0
0
0
0
0
0
0
0
0
0
0
0
0
0
0
0
0
0
0
0
0
0
0
0
0
0
0
0
0
0
0
0
0
0
0
0
0
0
0
0
0
0
0
0
0
0
0
0
0
0
0
0
0
0
0
0
0
0
0
0
0
0
0
0
0
0
0
0
0
0
0
0
0
0
0
0
0
0
0
0
0
0
0
0
0
0
0
0
0
0
0
0
0
0
0
0
0
0
0
0
0
0
0
0
0
0
0
0
0
0
0
0
0
0
0
0
0
0
0
0
0
0
0
0
0
0
0
0
0
0
0
0
0
0
0
0
0
0
0
0
0
0
0
0
0
0
0
0
0
0
0
0
0
0
0
0
0
0
0
0
0
0
0
0
0
0
0
0
0
0
0
0
0
0
0
0
0
0
0
0
0
0
0
0
0
0
0
0
0
0
0
0
0
0
0
0
0
0
0
0
0
0
0
0
0
0
0
0
0
0
0
0
0
0
0
0
0
0
0
0
0
0
0
0
0
0
0
0
0
0
0
0
0
0
0
0
0
0
0
0
0
0
0
0
0
0
0
0
0
0
0
0
0
0
0
0
0
0
0
0
0
0
0
0
0
0
0
0
0
0
0
0
0
0
0
0
0
0
0
0
0
0
0
0
0
0
0
0
0
0
0
0
0
0
0
0
0
0
0
0
0
0
0
0
0
0
0
0
0
0
0
0
0
0
0
0
0
0
0
0
0
0
0
0
0
0
0
0
0
0
0
0
0
0
0
0
0
0
0
0
0
0
0
0
0
0
0
0
0
0
0
0
0
0
0
0
0
0
0
0
0
0
0
0
0
0
0
0
0
0
0
0
0
0
0
0
0
0
0
0
0
0
0
0
0
0
0
0
0
0
0
0
0
0
0
0
0
0
0
0
0
0
0
0
0
0
0
0
0
0
0
0
0
0
0
0
0
0
0
0
0
0
0
0
