0
0
-5.76290965663715e-09
0
0
0
0
0
0
0
0
0
0
0
0
0
0
0
0
0
0
0
0
0.02289211349095011
0
0
0
0
0
0
0
0
0
0
0
0
0
0
0
0
0
0
0
0.0005045728680154973
0
0
0
0
0.001941080289595987
0
0
0
0
0
0
0
0
0
0
0
0
0.00028191635354844524
0
0
0
0
0
0
0
0
0
0
0
0
0
0
0
0
0.002691134157950663
0
0
0
0
0
0
0
0
0
0
0
0.0005076296037974738
0
0
0
0
0
0
0
0
0
0
0
0
0
0
0
0
0
0
0
0.0009048995519421745
0
0
0
0
0
0
0
0
0
0
0
0.036921155901295216
0
0
0
0
0
0
0
0
0
0
0
0.0014753858430550367
0
0
0
0
0
0
0
0
0
0
0
0
0
0
0
0
0
0
0
0
0.03302044033468251
0
0
0
0
0
0
0
0
0
0
0
0
0
0
0
0
0.0016710840498726232
0
0
0
0
0
0
0
0
0
0
0
0
0
0
0
0
0
0
0
0
0
0
0
0
0
0
0
0
0
0
0
0
0
0
0.03745706097141102
0
0
0
0
0
0
0.0012369717179100477
0
0
0
0
0
0
0
0
0
0
0
0
0
0
0
0
0
0
0
0
0
0
0
0
0
0
0
0
0
0
0
0
0
0
0
0
0
0
0
0
0
0
0
0
0
0
0
0
0
0
0
0
0
0
0
0
0
0
0
0
0
0
0
0
0
0.00021482570296348303
0
0
0
0
0
0
0
0
0
0
0
0
0
0
0
0
0
0
0
0
0
0
0
0
0
0
0
0
0
0
0
0
0
0
0
0
0
0
0
0
0
0
0
0
0
0
0
0
0
0
0
0
0
0
0
0
0
0
0
0
0
0
0
0
0
0
0
0
0
0
0
0
0
0
0
0
0
0
0
0
0
0
0
0
0
0
0
0
0
0
0
0
0
0
0
0
0
0
0
0
0
0
0
0
0
0
0
0
0
0
0
0
0
0
0
0
0
0
0
0
0
0
0
0
0.0042123852567207435
0
0
0.00017864453074088133
0
0
0
0
0
0
0
0
0
0
0
0
0
0
0
0
0
0
0
0
0
0
0
0
0
0
0
0
0
0
0
0
0
0
0
0
0
0
0
0
0
0
0
0
0
0
0
0
0
0
0
0
0
0
0
0
0
0
0
0
0
0
0
0
0.0004435067479312197
0
0
0
0
0
0
0
0
0.03873500868770532
0.03853685786726883
0
0
0
0
0
0
0.0009884621032609587
0.00040043052385166323
0
0
0
0
0
0
0
0
0
0
0
0.0008631741772410982
0
0
0
0
0
0
0
0
0
0
0
0
0
0
0
0
0
0
0
0
0
0
0
0
0
0
0
0
0
0
0
0
0
0
0
0
0
0
0
0
0
0
0
0
0
0
0
0
0
0
0
0
0
0
0
0
0
0
0
0
0
0
0
0
0
0
0
0
0
0
0
0
0
0
0
0
0
0
0
0
0
0
0
0
0
0
0
0
0
0
0
0
0
0
0
0
0
0
0
0
0
0
0
0
0
0
0
0
0
0
0
0
0
0
0
0
0
0
0
0
0
0
0
0
0
0
0
0
0
0
0
0
0
0
0
0
0
0
0
0
0
0
0
0
0
0
0
0
0
0
0
0
0
0
0
0
0
0
0
0
0
0
0
0
0
0
0
0
0
0
0
0
0
0
0
0
0
0
0
0
0
0
0
0
0
0
0
0
0
0
0
0
0
0
0
0
0
0
0
0
0
0
0
0
0
0
0
0
0
0
0
0
0
0
0
0
0
0
0
0
0
0
0
0
0
0
0
0
0
0
0
0.00036863938619091305
0
0
0
0
0
0
0
0
0
0
0
0
0
0
0
0
0
0
0
0
0
0
0
0
0
0
0.0016363089706686752
0
0
0
0
0
0
0
0
0
0
0
0
0
0
0
0
0
0
0
0
0
0
0
0
0
0
0
0
0
0
0
0
0
0
0
0
0
0
0
0
0
0
0
0
0
0
0
0
0
0
0
0
0.0002450441975812537
0
0
0
0
0
0
0
0
0
0
0
0
0
0
0
0
0
0
0
0
0
0
0
0
0
0
0
0
0
0
0
0
0
0
0
0
0
0
0
0
0
0
0
0
0
0
0
0
0
0
0
0
0
0
0
0
0
0
0
0
0
0
0
0
0
0
0
0
0
0
0
0
0
0
0
0
0
0
0
0
0
0
0
0
0
0
0
0
0
0
0
0
0
0
0
0
0
0
0
0
0
0
0
0
0
0
0
0
0
0
0
0
0
0
0
0
0
0
0
0
0
0
0
0
0
0
0
0
0
0
0
0
0
0
0
0
0
0
0
0
0
0
0
0
0
0
0
0
0
0
0
0
0
0
0
0
0
0
0
0
0
0
0
0
0
0
0
0
0
0
0
0
0
0
0
0
0
0
0
0.05767740830899767
0
0
0
0
0
0
0
0
0
0
0
0
0
0
0
0
0
0
0
0
0
0
0
0
0
0
0
0
0
0
0
0
0
0
0
0
0
0
0
0
0
0
0
0
0
0
0
0
0
0
0
0
0
0
0
0
0
0
0
0
0
0
0
0
0
0
0
0
0
0
0
0
0
0
0
0
0
0
0
0
0
0
0
0
0
0
0
0
0
0
0
0
0
0
0
0
0
0
0
0
0
0
0
0
0
0
0
0
0
0
0
0
0
0
0
0
0
0
0
0
0
0
0
0
0
0
0
0
0
0
0
0
0
0
0
0
0
0
0
0
0
0
0
0
0
0
0
0
0
0
0
0
0
0
0
0
0
0
0
0
0
0
0
0
0
0
0
0
0
0
0
0
0
0
0
0
0
0
0
0
0
0
0
0
0
0
0
0
0
0
0
0
0
0
0
0
0
0
0
0
0
0
0
0
0
0
0
0
0
0
0
0
0
0
0
0
0
0
0
0
0
0
0
0
0
0
0
0
0
0
0
0
0
0
0
0
0
0
0
0
0.05810580814946405
0
0
0
0
0
0
0
0
0
0
0
0
0
0
0
0
0
0
0
0
0
0
0
0
0.0006954332897174356
0
0
0
0
0
0
0
0
0.0005185630492356032
0
0
0
0
0
0
0
0
0
0
0
0
0
0
0
0
0
0
0
0
0
0
0
0
0
0
0
0
0
0
0
0
0.0033388785527382254
0
0
0
0
0
0
0
0
0
0
0
0
0
0
0
0
0
0
0
0
0
0
0
0
0
0
0
0
0
0
0
0
0
0
0
0
0
0
0
0.0006039967755539255
0
0
0
0
0
0
0
0
0
0
0
0
0
0
0
0
0
0
0
0
0
0
0
0
0
0
0
0
0
0
0
0
0
0
0.00032635382369736486
0
0
0
0
0
0
0
0
0
0
0
0
0
0
0
0
0
0
0
0
0
0
0
0
0
0
0
0
0
0
0
0
0
0
0
0
0
0
0
0
0
0
0
0
0
0.00024543083510467523
0
0
0
0
0
0
0
0
0
0
0
0
0
0
0
0
0
0
0
0
0
0
0
0.0014859979633107146
0
0
0
0
0
0
0
0
0
0
0
0
0
0
0
0
0
0
0
0
0
0
0
0
0
0
0
0
0
0
0
0
0
0
0
0
0
0
0
0
0
0
0
0
0
0
0
0
0
0
0
0
0
0
0
0
0
0
0
0
0
0
0
0
0
0
0
0
0
0
0
0
0
0
0
0
0
0
0
0
0
0
0
0
0
0
0
0
0
0
0
0
0
0
0
0
0
0
0
0
0
0
0
0
0
0
0
0
0
0
0
0
0
0
0
0
0
0
0
0
0
0
0
0
0
0
0
0
0
0
0
0
0
0
0
0
0
0
0
0
0
0
0
0
0.00045282329422097585
0
0
0
0
0
0
0
0
0
0
0
0
0
0
0
0
0
0
0
0
0
0
0
0
0
0
0
0
0
0
0
0
0
0
0
0
0
0
0
0
0
0
0
0
0
0
0.047941316156587976
0
0.03596339667379006
0
0
0
0
0
0
0
0
0
0
0
0
0
0
0
0
0
0
0
0
0
0
0
0
0
0
0
0
0
0
0
0
0
0
0
0
0
0
0
0
0
0
0
0
0.047304068944479714
0
0
0
0
0
0
0
0
0
0
0
0
0
0
0
0
0
0
0
0
0
0
0
0
0
0
0
0
0
0
0
0
0
0
0
0
0
0
0
0
0
0
0
0
0
0
0
0
0
0
0
0
0.0006919883354732319
0
0
0
0
0
0
0
0
0
0
0
0
0
0
0
0
0
0
0
0
0
0
0
0
0
0
0
0
0
0
0
0
0
0
0
0
0
0
0
0
0
0
0
0
0
0
0
0
0
0
0
0
0
0
0
0
0
0
0
0
0
0
0
0
0
0
0
0
0
0
0
0
0
0
0
0
0
0
0
0.003986915573205242
0
0
0
0
0
0
0
0
0.0005967116949508842
0.00046593145807571754
0
0
0.0008904747157859807
0
0
0
0
0
0
0
0
0
0
0
0
0
0
0
0
0
0
0
0
0
0
0
0
0
0.02833732209910127
0
0
0
0
0
0
0
0
0
0
0
0
0
0
0
0
0
0
0
0
0
0
0
0
0
0.029772669931841723
0
0
0
0
0
0.0004998544313900915
0
0
0
0
0
0
0.0007544193407796081
0
0
0
0
0
0
0
0
0
0
0
0
0
0
0
0
0
0
0
0
0
0
0
0
0
0
0
0
0
0
0
0
0
0
0
0
0
0
0
0
0
0
0
0
0
0
0
0
0
0
0
0
0
0
0
0
0
0
0
0
0
0
0
0
0
0
0
0
0
0
0
0
0
0
0
0
0
0
0
0.0005415657702475494
0
0
0
0
0
0
0
0
0
0
0
0
0
0
0
0
0
0
0
0
0
0
0
0
0
0
0
0
0
0
0
0
0
0
0
0
0
0
0
0
0
0
0
0
0
0.0007544193407796081
0
0
0
0
0
0
0
0
0
0
0
0
0
0
0
0
0
0
0
0
0
0
0
0
0
0
0
0
0
0
0
0
0
0
0
0
0
0
0
0
0.0004936844159935483
0
0
0
0
0
0
0
0
0
0
0
0
0
0
0
0
0
0
0
0
0
0
0
0
0
0.051663752365102414
0
0
0
0.0006150947409532763
0
0
0
0
0
0
0
0
0
0
0
0.0007407510686809668
0
0
0
0
0
0
0
0
0
0
0
0
0
0
0
0
0
0
0
0
0
0
0
0.0007485526718049687
0.0003463030087816087
0
0
0
0
0
0
0
0
0
0
0
0
0
0
0
0
0
0
0
0
0
0
0
0
0
0
0
0
0
0
0
0
0
0
0
0
0
0
0
0
0
0
0
0
0
0
0.0010953363404783618
0
0
0
0
0
0
0
0
0
0
0
0
0
0
0
0
0
0
0
0
0
0
0
0
0
0
0
0
0
0
0
0
0
0
0
0
0
0
0
0
0
0
0
0
0
0
0
0
0
0
0
0
0
0
0
0
0
0
0
0
0
0
0
0
0
0
0
0
0
0
0
0
0.0015323248585516831
0
0
0
0
0
0
0
0
0
0
0
0
0
0
0
0
0
0
0
0
0
0
0
0
0
0
0
0
0
0
0
0
0
0
0
0
0
0
0
0
0
0
0
0
0
0
0
0
0
0
0
0
0
0
0
0
0
0
0
0
0
0
0
0
0
0
0
0
0
0
0
0
0
0
0
0
0
0
0
0
0
0
0
0
0
0
0
0
0
0
0
0
0
0
0
0
0
0
0
0
0
0
0
0
0
0
0
0
0
0
0
0
0
0
0
0
0
0
0
0
0
0
0
0
0
0
0
0
0
0
0
0
0
0
0
0.0029696465657845115
0
0
0
0
0
0
0
0
0
0
0
0
0
0
0
0
0
0
0
0
0
0
0
0
0
0
0
0
0
0
0
0
0
0
0
0
0
0
0
0
0
0
0
0
0
0
0
0
0
0
0.0005326200596126673
0
0
0
0
0
0
0
0
0
0
0
0
0
0
0
0
0
0
0
0
0
0
0
0
0
0
0
0
0
0
0
0
0
0
0.0005407213539669446
0
0
0
0
0
0
0
0
0
0
0
0
0
0
0
0
0.0007671996180860733
0
0
0
0
0
0
0
0
0
0
0
0
0
0
0
0
0
0
0
0
0
0
0
0
0
0
0
0
0
0
0
0
0
0
0
0
0
0
0
0
0
0
0
0
0
0
0
0
0
0
0
0
0
0
0
0
0
0
0
0
0
0
0
0
0.00040734109451759837
0
0
0
0.0008419099520187905
0.051055167658733164
0
0
0
0
0
0
0
0
0
0
0
0
0
0
0
0
0
0
0
0
0
0
0
0
0
0
0
0
0
0
0
0
0
0
0
0
0
0
0
0
0
0
0
0
0
0
0
0
0
0
0
0
0
0
0
0
0
0
0
0
0
0
0
0
0
0
0
0
0
0
0
0
0
0
0
0
0
0
0
0
0
0
0
0
0
0
0
0
0
0
0
0
0
0
0
0
0
0
0
0
0
0
0
0
0
0
0
0
0
0
0
0
0
0
0
0
0
0
0
0
0
0
0
0
0
0
0
0
0
0
0
0
0
0
0
0
0
0
0
0
0
0
0
0
0
0
0
0
0
0
0
0
0
0
0
0
0
0
0
0
0
0
0
0
0
0
0
0
0
0
0
0
0
0
0
0
0
0
0
0
0
0
0
0
0
0
0
0
0
0
0
0
0
0
0
0
0
0
0
0
0
0
0
0
0
0
0
0
0
0
0
0
0
0
0
0
0
0
0
0
0
0
0
0
0
0
0
0
0
0
0
0
0
0
0
0
0.0018403143426089215
0.0005550903411250751
0
0.000662481638914677
0
0
0.0004049081014559846
0
0
0
0
0.0004925993375067228
0
0
0
0
0
0
0
0
0
0
0
0
0
0
0
0
0
0
0
0
0
0
0
0
0
0
0
0
0
0
0
0
0
0
0
0
0
0
0
0
0
0
0
0
0
0
0.0006854101430018307
0
0
0.04203172624766563
0
0.000789729931104546
0
0
0
0
0
0
0
0
0
0
0
0
0
0
0
0
0
0
0
0
0
0
0
0
0
0
0.0005265481570900929
0
0
0
0.0010228302273433071
0
0
0
0
0
0
0
0
0
0
0
0
0
0
0
0
0
0
0
0
0
0
0
0
0
0.00047156382131378373
0
0
0
0
0
0
0
0
0
0
0
0
0
0
0
0
0
0
0
0.00072320383812642
0
0
0
0
0
0
0
0
0
0
0
0
0
0
0
0
0
0
0
0
0
0
0
0
0
0
0
0
0
0
0
0
0
0
0
0
0
0.006705228685320515
0
0
0
0
0
0
0
0
0
0
0
0
0
0
0
0
0
0
0
0
0
0
0
0
0
0
0
0
0
0
0
0
0
0
0
0
0
0
0
0
0
0
0
0
0
0
0
0
0
0
0
0
0
0
0
0
0
0
0
0
0
0
0
0
0
0
0
0
0
0
0
0
0
0
0
0
0
0
0
0
0
0
0
0
0
0
0
0
0
0
0
0
0
0
0
0
0
0
0
0
0
0
0
0
0
0
0
0
0
0.0005953115859192102
0
0
0
0
0
0
0
0
0
0
0
0
0
0
0
0
0
0.0011878586263138046
0
0
0
0
0
0
0
0
0
0
0
0
0
0
0
0
0
0
0
0
0
0
0
0
0
0
0
0
0
0
0
0
0
0
0
0
0
0
0.0020380234052550256
0
0
0
0
0
0
0
0
0
0
0
0
0
0
0
0
0
0
0
0
0
0
0
0
0
0
0
0
0
0
0
0
0
0
0
0
0
0
0
0
0
0
0
0
0
0
0
0
0
0
0
0
0
0
0
0
0
0
0
0
0
0
0
0
0.0018296351079993038
0
0.00230159885425822
0
0
0
0
0
0
0
0
0
0
0
0
0
0
0
0
0
0
0
0
0
0
0
0
0
0
0
0
0
0
0
0
0
0
0
0
0
0
0
0
0
0
0
0
0
0
0
0
0
0
0
0
0
0
0
0
0
0
0
0
0
0
0
0
0
0
0
0
0
0
0
0
0
0
0
0
0
0
0
0
0
0
0
0
0
0
0
0
0
0
0
0
0
0
0
0
0
0
0
0
0
0
0
0
0
0
0
0
0
0
0
0
0
0
0
0
0
0
0
0
0
0
0
0
0
0
0
0
0
0
0
0
0
0
0
0
0
0
0
0
0
0
0
0
0
0
0
0
0
0
0
0
0
0
0
0
0
0
0
0
0
0
0
0
0
0
0
0
0
0
0
0
0
0
0
0
0
0
0
0
0
0
0
0
0
0
0
0
0
0
0
0
0
0
0
0
0
0
0
0
0
0
0
0
0
0
0
0
0
0
0
0
0
0
0
0
0
0
0
0
0
0
0
0
0
0
0
0
0
0
0
0.0009458123847722174
0
0
0
0
0
0
0
0
0
0
0
0
0
0
0
0
0
0
0
0
0
0
0
0
0
0
0
0
0
0
0
0
0
0
0
0
0
0
0
0
0
0
0
0
0
0
0
0
0
0
0
0
0
0
0
0
0
0
0
0
0
0
0
0
0
0
0
0
0
0
0
0
0
0
0
0
0
0
0
0
0
0
0
0
0
0
0
0
0
0
0
0
0
0
0
0
0
0
0
0
0
0
0
0
0
0
0
0
0
0
0
0
0
0
0
0
0.002263258022338824
0
0
0
0
0
0
0
0
0
0
0
0
0
0
0
0
0
0
0
0
0
0
0
0
0
0
0
0
0
0
0
0
0
0
0
0
0
0
0
0
0
0
0
0
0
0
0
0
0
0
0
0
0
0
0
0
0
0
0
0
0
0
0
0
0
0
0
0
0
0
0
0
0
0
0
0
0
0
0
0
0
0
0
0
0
0
0
0
0
0
0
0
0
0
0
0
0
0
0
0
0
0
0.0024878499514394813
0
0
0
0
0
0
0
0
0
0
0
0
0.0015212428512293439
0
0
0
0
0
0
0
0
0
0
0
0
0
0
0
0
0
0
0
0
0
0
0
0
0
0
0
0
0
0
0
0
0
0
0
0
0
0
0
0
0
0
0
0
0
0
0
0
0
0
0
0
0
0
0
0
0
0
0
0
0
0
0
0
0
0
0
0
0
0
0
0
0
0
0
0
0
0
0
0
0
0
0
0
0
0
0
0
0
0
0
0
0
0
0
0
0
0
0
0
0
0
0
0
0
0
0
0
0
0
0
0
0
0
0
0
0
0
0
0
0
0
0
0
0
0
0
0
0
0.002322607487441023
0
0
0
0
0
0
0
0
0
0
0
0
0
0
0
0
0
0
0
0
0
0
0
0
0
0
0
0
0
0
0
0
0
0
0
0
0
0
0
0
0
0
0
0
0
0
0
0
0
0
0
0
0
0
0
0
0
0
0
0
0
0
0
0
0
0
0
0
0
0
0
0
0.0019649862997235396
0
0
0
0
0
0
0
0
0
0
0
0
0
0
0.0005101385466599797
0
0
0
0
0
0
0
0
0
0
0
0
0
0
0
0
0
0
0
0
0
0
0
0
0
0
0
0
0
0.0014753858430550367
0
0
0
0
0
0
0
0
0
0
0
0
0
0
0
0
0
0
0
0
0
0
0
0
0
0
0
0
0
0
0
0
0
0
0
0
0
0
0
0
0
0
0
0
0
0
0
0
0
0
0
0
0
0
0
0
0
0
0
0
0
0
0
0
0
0
0
0
0
0
0
0.0013148677883252542
0
0
0
0
0
0
0
0
0
0
0
0
0
0
0
0
0
0
0
0
0
0
0
0
0
0
0.0007544193407796081
0
0
0
0
0
0
0
0
0
0
0
0
0
0
0
0
0
0
0
0
0
0
0
0
0
0
0
0
0
0.0007064774188743304
0
0
0
0
0.0003710778471123604
0
0
0
0
0
0
0
0
0
0
0
0
0
0
0
0
0
0
0
0
0
0
0
0
0
0
0
0
0
0
0
0
0
0
0
0
0
0
0
0
0
0
0
0
0
0
0
0
0
0
0
0
0
0
0
0
0
0
0
0
0
0
0
0
0
0
0
0
0.0011991346113248095
0
0
0
0
0
0
0
0
0
0
0
0
0
0
0
0
0
0
0
0
0
0
0
0
0
0
0
0
0
0
0
0
0
0
0
0
0
0
0
0
0
0
0
0
0
0
0
0
0
0
0
0
0
0
0
0
0
0
0
0
0
0.001579459862209092
0
0
0
0
0
0
0
0.0006118064000792173
0
0
0
0
0
0
0
0
0
0
0
0
0
0
0
0
0
0
0.0016905665856512095
0
0
0
0
0
0
0
0.0012828287260843547
0
0
0.0009431276426275675
0
0
0
0
0
0
0
0
0
0
0
0
0
0
0
0
0
0
0
0
0
0
0
0
0
0
0
0
0
0
0
0
0
0
0
0
0
0
0
0
0
0
0
0
0
0
0
0
0
0
0
0
0
0
0
0
0
0
0
0
0
0
0
0.0005600009955942722
0
0
0
0
0
0
0
0
0
0
0
0
0
0
0
0
0
0
0
0
0
0
0
0
0
0
0
0
0
0
0
0
0.000520798099566166
0
0
0
0
0
0
0
0
0
0
0
0
0
0
0
0
0
0
0
0
0
0
0
0
0
0
0
0
0
0
0
0
0
0
0
0
0
0
0
0
0
0
0
0
0
0
0
0
0
0
0
0
0
0
0
0
0
0
0
0
0
0
0
0
0
0
0
0
0
0
0
0
0
0
0
0
0
0
0
0
0
0
0
0
0
0
0
0
0
0
0
0
0
0
0
0
0
0
0
0
0
0
0
0
0
0
0
0
0
0
0
0
0
0
0
0
0
0
0
0
0
0
0
0
0
0
0
0.0005441391780836297
0
0
0
0
0
0
0
0
0
0
0
0
0
0
0
0.0007671996180860733
0
0
0
0
0
0
0
0
0
0
0
0
0
0
0
0
0
0
0
0
0
0
0
0
0
0
0
0
0
0
0
0
0
0
0
0
0
0
0
0
0
0
0
0
0
0
0
0
0
0
0
0
0
0
0
0
0
0
0
0
0
0
0
0
0
0.0007376929215275183
0
0
0
0
0
0
0
0
0
0
0
0
0
0
0
0
0
0
0
0
0
0
0
0
0
0
0
0
0
0
0
0
0
0
0
0
0
0
0
0
0
0
0
0
0
0
0
0
0
0
0
0
0
0
0
0
0
0
0
0
0
0
0
0.0013772987936316301
0
0
0
0
0
0
0
0
0
0
0
0
0
0
0
0
0
0
0
0
0
0
0
0
0
0
0
0
0
0
0
0
0
0
0
0
0
0
0
0
0
0
0
0
0
0
0
0
0
0
0
0
0
0
0
0
0
0
0
0
0
0
0
0
0
0
0
0
0
0
0
0
0
0
0
0
0
0
0
0
0
0
0
0
0
0
0
0
0
0
0
0
0
0
0
0
0
0
0
0
0
0
0
0
0
0
0
0
0
0
0
0
0
0
0
0
0
0
0
0
0
0
0
0.03507608860826264
0.00072320383812642
0
0
0
0
0
0
0
0
0
0
0
0
0
0
0
0
0
0
0
0
0
0
0
0
0
0
0
0
0
0
0
0
0
0
0
0
0
0
0
0
0.051209938426148946
0
0
0
0
0
0
0
0
0
0
0
0
0
0
0
0
0
0
0
0
0
0
0
0
0
0
0
0
0
0
0
0
0
0
0
0
0
0
0
0
0
0
0
0
0
0
0
0
0
0
0
0
0.0014375487364697986
0
0.0013355514210952899
0
0.002322607487441023
0
0
0
0
0
0
0
0
0
0
0
0
0.0020659481904474453
0
0
0
0
0
0
0
0
0
0
0
0
0
0
0
0
0
0
0
0
0
0
0
0.0018354192002376518
0
0
0
0
0
0
0
0
0
0
0
0
0
0
0
0.0006393073658788633
0
0
0
0
0
0
0
0
0
0
0
0
0
0
0
0
0
0
0
0
0
0
0
0
0
0
0
0
0
0
0
0
0
0
0
0
0
0
0
0
0
0.0005683518030092167
0
0.0006070535113359021
0
0
0
0
0
0
0
0
0.001698211915062914
0
0
0
0
0
0
0
0
0
0
0
0
0
0
0
0
0
0
0
0
0
0
0
0
0
0
0.0006650963906051134
0
0
0
0
0
0
0
0
0
0
0
0
0
0
0
0
0
0
0
0
0
0
0
0
0
0
0
0
0
0
0
0
0
0
0
0
0
0
0
0
0
0
0
0
0
0
0
0
0
0
0
0
0
0
0
0
0
0
0
0
0
0
0
0
0
0
0
0
0
0
0
0
0
0
0
0
0
0
0
0
0
0
0
0
0
0
0
0
0
0
0
0
0
0
0
0
0
0
0
0
0
0
0
0
0
0
0
0
0
0
0
0
0
0
0
0
0
0
0
0
0
0
0
0
0
0
0
0
0
0
0
0
0
0
0
0
0
0
0
0
0
0
0
0
0
0
0
0
0.0007064774188743304
0
0
0
0
0
0
0
0
0.004881590883111915
0
0
0
0
0
0
0
0
0
0
0
0
0
0
0
0.001795134608408054
0
0
0
0
0
0
0
0
0.0014053395339701732
0
0
0
0
0
0
0
0
0
0
0
0
0
0
0
0
0
0
0
0
0
0
0
0
0
0
0
0
0
0
0
0
0
0
0
0
0
0
0
0
0
0
0
0
0
0
0
0
0
0
0
0
0
0
0
0
0
0
0
0
0
0
0
0
0
0
0
0
0
0
0
0
0
0
0
0
0
0
0
0
0
0
0
0
0
0
0
0
0
0
0
0
0
0
0
0
0
0
0
0
0
0
0
0.0007485526718049687
0
0
0
0
0
0
0
0
0
0
0
0
0
0
0
0
0
0
0
0
0
0
0
0
0
0.00230159885425822
0
0
0
0
0
0
0
0
0
0
0
0
0
0
0
0
0
0
0
0
0
0
0
0
0
0
0
0
0
0
0
0
0
0
0
0
0
0
0
0
0
0
0
0
0
0
0
0
0
0
0
0
0
0
0
0
0
0.0006705228685320515
0
0
0
0
0
0
0.0023691897933136377
0
0
0
0
0
0
0
0
0
0
0
0
0
0
0
0
0
0
0
0
0
0
0
0
0
0
0
0.0006549954332411798
0.0013148677883252542
0
0
0
0
0
0
0
0
0
0
0.0005967116949508842
0
0
0
0
0
0
0
0
0
0
0
0
0
0
0
0
0
0
0
0
0
0
0
0
0
0
0
0
0
0
0
0
0
0
0
0
0
0
0
0
0
0
0
0
0
0
0
0
0
0
0
0
0
0
0
0
0
0
0
0
0
0
0
0
0
0
0
0
0
0
0
0
0
0
0
0
0
0
0
0
0
0
0
0
0
0
0
0
0
0
0
0
0
0
0
0
0
0
0
0
0
0
0
0
0
0
0
0
0
0
0
0
0
0
0
0
0
0
0
0
0
0
0
0
0
0
0
0
0
0
0
0
0
0
0
0
0
0
0
0
0
0
0
0
0
0
0
0
0
0
0
0.0006822647939487434
0
0
0
0
0
0
0
0
0
0
0
0
0
0
0
0
0
0
0
0
0
0
0
0
0
0
0
0
0
0
0
0
0
0
0
0
0
0
0
0
0
0
0
0
0
0
0
0
0
0
0
0
0
0
0
0
0
0
0
0
0
0.0023691897933136377
0
0
0
0
0
0
0
0
0
0
0
0
0
0
0
0
0
0
0
0
0.0005458893280326188
0
0
0
0
0
0
0
0
0
0
0
0
0
0
0
0
0
0
0
0
0
0
0.001860666021313783
0
0.0007429869931604863
0.001579459862209092
0
0
0
0
0
0
0
0
0
0
0
0
0
0
0
0
0
0
0
0
0
0
0
0
0
0
0
0
0
0
0
0
0
0
0
0
0
0
0
0
0
0
0
0
0
0
0
0
0
0
0
0.0053330798514132334
0.002003327131642935
0
0
0
0
0
0
0
0
0
0
0
0
0
0
0
0
0
0
0
0
0
0
0
0
0
0
0
0
0
0
0
0
0
0
0
0
0
0
0
0
0
0
0
0
0
0
0
0
0
0
0
0
0
0
0
0
0
0
0
0
0
0
0
0
0
0
0
0
0
0
0
0
0
0
0
0
0
0
0
0
0
0
0
0
0
0
0
0
0
0
0
0
0
0
0
0
0
0
0
0
0
0
0
0
0
0
0
0
0
0
0
0
0
0
0
0
0
0
0
0.0016363965515466552
0
0
0
0
0
0.0055634663177394844
0
0
0
0
0
0
0
0
0
0
0
0
0
0
0
0
0
0
0
0
0
0
0
0
0
0
0
0
0
0
0
0
0.00072320383812642
0
0
0
0
0
0
0
0
0
0
0
0
0
0
0
0
0
0
0
0
0
0
0
0
0
0.000652610569230896
0
0
0.0008078564593883096
0
0
0
0
0
0
0
0
0
0
0
0
0
0
0
0
0
0
0.001207993551107851
0
0
0
0
0
0
0
0
0
0
0
0
0
0
0
0
0
0
0
0
0
0
0
0
0
0
0.0026397136661577563
0
0
0
0
0
0
0
0
0
0
0.0016710840498726232
0
0
0
0
0
0
0
0
0
0
0
0
0
0
0
0
0
0
0
0
0
0
0
0
0
0
0
0
0
0
0
0
0
0
0
0
0
0
0
0
0
0
0
0
0
0
0
0
0
0.0015088386815592162
0
0
0
0
0.0010953363404783618
0
0
0.0038359980904303665
0
0
0
0
0
0
0
0
0
0
0.0007187743682348993
0
0
0.0014556437036874746
0
0
0
0
0
0
0
0
0
0
0.0024545948273199825
0
0
0
0
0
0
0
0
0
0
0
0
0
0
0
0
0
0
0
0
0
0
0
0
0
0
0.0005809965313356004
0
0
0
0
0
0
0
0
0.0014375487364697986
0
0
0
0
0
0
0
0
0
0
0
0
0
0
0
0
0.0007278218518437373
0
0
0
0
0
0
0
0
0
0
0
0
0
0
0
0
0
0
0
0
0
0
0
0
0
0.0019723016824878814
0
0
0
0
0
0
0
0
0
0
0
0
0
0
0
0
0
0
0
0
0
0
0
0
0
0
0
0
0
0
0
0.002213078764582555
0
0
0
0
0.0014971053436099375
0
0
0
0
0
0
0
0
0
0
0
0
0
0
0
0
0
0
0
0
0
0
0
0
0
0
0
0
0
0
0
0
0
0
0
0
0
0
0
0
0
0
0
0
0
0
0
0
0
0
0
0
0
0
0
0
0
0
0
0
0
0
0
0
0
0
0
0
0
0
0
0
0
0
0
0
0
0
0
0
0
0
0.0006055143799348652
0.002183465555531212
0
0
0
0
0
0
0
0
0
0
0
0
0
0
0
0
0
0
0
0
0
0
0
0
0
0
0
0
0
0
0
0
0
0
0
0
0
0
0
0.0005750657140029329
0
0
0
0
0
0
0
0
0
0.0016922882497980665
0
0
0
0
0
0
0
0
0
0
0
0
0
0
0
0
0
0
0
0
0
0
0
0
0
0
0
0
0
0
0
0
0
0
0
0
0
0
0
0
0
0
0
0
0
0
0
0
0
0
0
0
0
0
0
0
0
0
0
0
0
0
0
0
0
0
0
0
0
0
0
0
0
0
0
0
0
0
0
0.0019056368346213406
0
0
0
0
0
0
0
0
0
0
0
0
0
0
0
0
0
0
0
0
0
0
0
0
0
0
0
0.0006792080581667668
0
0
0
0
0
0
0
0
0
0
0
0
0.0006792080581667668
0
0
0.0014971053436099375
0
0
0
0
0
0
0
0
0
0
0
0
0
0
0
0
0
0
0
0
0
0
0
0
0
0
0
0
0
0
0
0
0
0
0
0
0
0
0
0
0
0
0
0
0
0
0
0
0
0
0
0
0
0
0
0
0
0
0
0
0
0
0
0
0
0
0
0
0
0
0
0
0
0
0
0
0
0
0
0
0
0
0
0
0
0
0
0
0
0
0
0
0
0
0
0
0
0
0
0
0
0
0
0
0
0
0
0
0
0
0
0
0
0
0
0
0
0
0
0
0
0
0
0
0
0
0
0
0
0
0
0
0
0
0
0
0
0
0
0
0
0
0
0
0
0
0
0
0
0
0
0
0
0
0
0
0
0
0
0
0
0
0
0
0
0
0
0
0
0
0
0
0
0
0
0
0
0
0
0
0
0
0
0
0
0
0
0
0
0
0
0
0
0
0
0
0
0.000710725366994153
0
0
0
0
0
0
0
0
0
0
0
0
0
0
0
0
0
0
0
0
0
0
0
0
0
0
0
0
0
0
0
0
0
0
0
0
0
0
0
0
0
0
0
0
0
0
0
0
0
0.0023450661044615148
0
0
0
0
0
0
0
0
0
0
0
0
0
0
0
0
0
0.0008078564593883096
0
0.0007544193407796081
0
0
0
0
0
0
0
0
0
0
0
0
0
0
0
0
0
0
0
0
0
0
0
0
0
0
0
0
0
0
0.0018637258323028702
0
0
0
0
0
0
0
0
0
0
0
0
0.0018211605340077062
0
0
0
0
0
0
0
0
0.000652610569230896
0
0
0
0
0
0
0
0
0
0
0
0
0
0.0006677757105476449
0
0
0
0
0
0.0007485526718049687
0
0
0
0
0
0
0
0
0
0
0
0
0
0
0
0
0
0
0
0
0
0
0
0
0
0.0005398834583404351
0
0
0
0
0
0
0
0
0
0
0
0
0
0
0
0
0
0
0.002119432256622991
0
0
0
0
0
0
0
0
0
0
0
0
0
0
0
0
0
0
0
0
0
0
0
0
0
0.0012050002086312157
0
0
0
0
0
0
0
0
0
0
0
0
0
0
0
0
0
0
0
0
0
0
0
0
0
0
0
0
0
0
0
0
0
0.0011410878740994923
0
0
0
0
0
0
0
0
0
0
0
0
0
0.002263258022338824
0
0
0
0
0
0
0
0
0
0
0
0
0
0
0
0
0
0
0.0007278218518437373
0
0
0
0
0
0
0
0
0
0
0
0
0
0
0
0
0
0
0
0
0
0
0
0
0
0
0
0
0
0
0
0
0
0
0
0
0
0
0
0
0
0
0
0
0
0
0
0
0
0
0
0
0
0
0
0
0
0
0
0
0
0
0
0
0
0
0
0
0
0
0
0
0
0
0
0
0
0
0
0
0
0
0
0.0006954332897174356
0
0.001579459862209092
0.0015343992361721466
0.0012786147317577266
0
0
0
0
0.001579459862209092
0
0
0
0
0.0014753858430550367
0
0
0
0
0
0
0
0
0
0
0
0
0
0
0
0
0
0
0
0
0
0
0
0
0
0
0
0
0
0
0
0
0
0
0
0
0
0
0
0
0
0
0
0
0.0018671166915636313
0
0
0
0
0
0
0
0.0012959851110271575
0
0
0
0
0
0
0
0
0
0
0
0.0005995673056624047
0
0
0
0
0
0
0
0
0
0
0
0
0
0
0
0
0
0
0
0
0
0
0
0
0
0
0
0
0
0
0
0
0
0
0
0.0006822647939487434
0
0.0027817331588697422
0
0.0005236350440219301
0.0006352122782071135
0
0
0
0
0
0
0
0
0
0
0
0
0
0
0
0.0007104235608199548
0.0007485526718049687
0.0023691897933136377
0.002423569378164929
0.002263258022338824
0
0
0
0
0
0
0
0
0
0
0
0
0
0
0
0
0
0
0
0
0
0.002119432256622991
0
0
0
0
0
0
0
0
0
0
0
0
0
0
0
0
0
0
0
0
0
0
0
0
0.0011160199732483977
0.0011851288558696073
0
0
0
0
0
0
0
0
0
0
0
0
0
0
0
0
0
0
0
0
0
0
0
0
0
0
0.0006854101430018307
0
0
0
0
0
0
0
0
0
0.00072320383812642
0
0
0
0
0
0
0
0
0
0
0
0
0
0
0
0
0
0
0
0
0
0
0
0
0
0
0
0.005320948484227143
0
0
0
0
0
0
0
0
0.0017618110689055074
0
0
0
0
0
0
0
0
0
0
0
0
0
0
0
0
0
0
0
0
0
0
0
0
0
0
0.0014652903535509367
0
0.0006086147892712427
0
0
0
0
0
0
0
0
0
0
0
0.003992075603696307
0.0015484049916273486
0
0
0
0
0
0
0
0
0
0
0.0016511770110857317
0
0
0
0
0
0
0
0
0
0
0
0
0
0.0007984151207392613
0
0
0
0
0
0
0
0
0
0
0
0
0
0
0
0.0029560824912373018
0
0
0
0
0
0
0
0
0
0
0
0
0
0
0
0
0
0
0
0
0
0
0.0012586912184649485
0
0
0.0016376679840978564
0.0028259096754973214
0.0010165028435995017
0
0
0
0.0007485526718049687
0
0
0
0
0
0
0
0
0
0
0
0
0.0006293456092324743
0
0
0
0
0
0
0
0
0.0014753858430550367
0.0015088386815592162
0.0008078564593883096
0.000789729931104546
0.002423569378164929
0.0015633774029743433
0.0007671996180860733
0.0006919883354732319
0.0008078564593883096
0
0
0
0
0
0
0
0
0
0
0
0
0
0
0
0
0
0
0
0
0
0
0
0
0
0
0
0
0
0
0
0
0
0
0
0
0
0
0
0
0
0
0
0
0
0
0
0
0
0.0007376929215275183
0
0
0
0
0
0
0
0
0
0
0
0
0
0
0.0006479925555135787
0
0
0
0
0
0
0
0
0
0
0
0
0
0
0.00230159885425822
0
0.0019618448018153753
0
0
0
0
0
0
0
0
0
0
0
0
0
0
0
0
0
0
0
0
0
0
0
0
0
0
0
0
0
0
0
0
0
0
0
0
0
0
0
0
0
0
0
0
0
0
0
0
0
0
0.0021696115143792598
0
0
0
0
0
0
0
0.0011771397123967956
0
0
0
0.0005610103697980823
0
0
0
0
0
0
0
0
0
0
0.0007742024958136743
0
0
0
0
0
0
0
0
0
0
0
0
0
0
0
0
0
0
0
0
0
0
0
0
0
0.0006954332897174356
0.0016363965515466552
0
0
0
0
0
0
0
0
0
0
0.0012786147317577266
0
0
0
0.0015088386815592162
0
0
0
0
0
0
0
0
0
0
0
0
0
0
0
0
0
0
0
0
0
0
0
0
0
0
0
0
0
0
0
0
0
0
0
0
0.000698991213200833
0
0
0
0
0
0
0
0
0
0
0
0
0
0
0
0
0
0
0
0
0
0
0
0
0
0
0
0
0
0
0
0
0
0
0
0
0
0
0
0
0
0
0
0.0008296306233924492
0
0
0
0
0.0006312661362614891
0
0
0
0
0
0.003096809983254697
0
0
0
0
0.0020562304290054918
0
0
0
0
0
0
0
0
0
0.002075965006419696
0
0
0
0
0
0
0
0
0
0
0
0
0
0.0014652903535509367
0
0
0
0
0
0
0
0
0
0
0
0
0
0
0
0
0
0
0
0
0
0
0.0014753858430550367
0
0
0
0
0
0.0006650963906051134
0
0
0.0013198568330788781
0
0
0
0
0
0
0
0
0
0
0
0
0
0
0
0
0
0
0
0
0
0.0007544193407796081
0
0
0
0
0
0
0
0
0
0
0
0
0
0
0
0.0007429869931604863
0
0
0
0.0015212428512293439
0
0
0
0
0
0
0
0
0
0
0
0
0
0
0
0
0
0
0
0
0
0
0
0
0
0
0
0
0
0
0
0
0
0
0
0
0
0.0006118064000792173
0
0
0
0
0
0
0
0
0
0
0
0
0
0
0
0
0.0007429869931604863
0
0
0
0
0
0
0
0
0.0014652903535509367
0
0
0
0
0
0
0
0
0
0
0
0
0
0
0
0
0
0
0
0
0
0
0
0
0
0
0
0
0
0
0
0
0
0
0
0
0
0
0
0
0
0
0
0
0
0
0
0
0
0
0
0
0
0
0
0
0
0.0006677757105476449
0
0
0
0
0
0
0
0
0
0
0
0
0
0
0
0
0
0
0
0
0
0
0
0.00191792209763659
0
0
0
0
0
0
0
0
0
0
0
0
0
0
0
0
0
0
0
0
0
0
0.006150947409532765
0
0
0
0
0
0
0
0
0.0024739434358200954
0.002395245362217784
0
0
0
0
0
0
0
0
0
0
0
0
0
0
0.0007485526718049687
0
0
0
0
0
0
0
0
0
0.008353963729312379
0
0
0
0
0
0
0
0
0
0
0
0
0
0
0
0
0
0
0
0
0
0
0
0
0
0
0.001579459862209092
0.0015633774029743433
0
0
0
0
0
0
0
0
0
0
0
0
0
0
0
0
0
0
0
0
0
0
0
0
0
0
0
0
0
0
0
0
0
0
0
0
0
0
0
0
0
0
0.0037149349658024316
0
0
0
0
0
0
0
0
0
0
0.004579891414085209
0
0
0
0
0
0
0
0
0
0
0
0
0
0
0
0
0
0
0
0
0.002322607487441023
0.0007742024958136743
0
0
0
0
0
0
0
0
0
0
0
0
0
0
0
0
0
0
0
0
0
0
0
0.0023691897933136377
0
0
0
0.002183465555531212
0.00144640767625284
0
0
0
0
0
0
0
0
0
0
0
0
0
0
0
0
0
0
0
0
0
0
0
0
0
0
0.0006733413891921275
0
0.001202047593167722
0
0
0
0
0
0
0.001397982426401666
0
0
0
0
0
0
0
0
0
0
0
0
0
0
0
0
0
0
0
0
0
0
0
0
0
0.0007742024958136743
0
0
0
0
0
0
0
0
0.002263258022338824
0
0
0
0
0
0.004961776056836754
0
0
0
0
0
0
0
0
0
0
0
0
0
0
0
0
0.0006792080581667668
0
0
0
0
0
0
0
0
0
0
0
0
0
0
0
0
0
0
0.0007064774188743304
0
0
0
0
0
0
0
0
0
0
0
0
0
0
0
0.0026397136661577563
0
0
0
0
0
0
0
0
0
0
0
0
0
0
0
0
0
0
0
0
0
0
0
0
0
0
0
0
0
0
0
0
0
0
0
0
0
0
0
0.0005550903411250751
0
0.0014556437036874746
0
0
0
0
0
0.0005785851666671205
0
0
0
0
0
0
0
0
0
0
0
0
0
0
0
0
0
0
0
0
0
0
0
0.0007485526718049687
0
0
0
0
0
0
0
0
0
0
0
0.005094752962906161
0
0
0
0
0
0
0
0
0
0
0
0
0
0
0
0
0
0
0
0
0
0
0
0.0006886493968158151
0
0.0005912164982474602
0
0
0
0
0
0
0
0
0
0
0
0
0
0
0
0
0
0
0
0
0
0
0
0
0
0
0
0
0
0
0
0
0
0.0015088386815592162
0
0
0
0
0
0
0
0
0
0
0
0
0.0007278218518437373
0
0
0
0.0030176773631184323
0
0
0
0
0
0
0
0
0
0
0
0.0015633774029743433
0
0
0
0
0.0006854101430018307
0
0
0
0
0
0
0
0
0
0
0
0
0
0
0
0
0
0.0014859739863209726
0
0
0
0
0
0
0
0
0
0
0
0
0
0
0
0
0.0023691897933136377
0
0
0
0
0.0007544193407796081
0
0.0015968302414785225
0.0015484049916273486
0.0020659481904474453
0
0
0.0023691897933136377
0
0
0
0
0
0.0007104235608199548
0
0
0
0
0
0
0
0
0
0
0
0
0
0
0
0
0
0
0
0
0
0
0
0
0.0007671996180860733
0
0
0
0
0
0
0
0
0
0
0
0
0
0
0.0014753858430550367
0.0007326451767754684
0.0007671996180860733
0.0025272327020967435
0
0
0
0
0
0
0
0
0
0
0
0
0
0
0
0
0
0
0
0
0
0
0
0
0
0
0
0
0
0
0
0
0
0
0
0.0007429869931604863
0
0
0
0
0
0
0
0
0
0
0.0007984151207392613
0
0
0
0
0
0
0
0
0
0
0
0
0
0
0
0
0
0
0
0
0
0
0
0
0
0
0
0
0
0
0
0
0.0014053395339701732
0
0
0
0
0.001341045737064103
0
0
0
0
0
0
0
0
0
0
0
0
0.0043392230287585196
0
0
0
0
0
0
0
0
0
0
0
0
0.0007485526718049687
0
0
0
0
0
0
0
0.0018258443678137283
0
0
0
0
0
0
0
0
0
0
0
0
0
0
0
0
0
0.0007671996180860733
0
0
0
0
0
0
0
0
0.0006167770528603906
0
0
0
0
0
0
0
0
0
0
0
0
0
0
0.0016363965515466552
0.0007984151207392613
0
0
0
0.0007376929215275183
0
0
0
0
0
0
0
0
0
0
0
0
0
0
0
0
0
0
0
0
0
0
0
0
0
0.0007104235608199548
0
0
0
0
0
0
0
0
0
0
0
0
0
0.0008296306233924492
0.0007326451767754684
0
0.0004761045233467156
0
0.0006822647939487434
0
0
0
0
0
0
0
0
0
0
0
0
0
0
0
0
0
0
0
0
0
0
0
0.002395245362217784
0.0015633774029743433
0
0
0
0
0
0
0
0
0
0
0
0
0
0
0
0.0007187743682348993
0
0
0
0
0
0
0
0
0
0
0
0
0
0
0
0
0
0
0
0
0
0
0
0
0
0
0
0
0.00289281535250568
0.000662481638914677
0
0
0
0.0006762350791967022
0.0007984151207392613
0
0
0
0
0
0
0
0
0
0
0
0
0
0
0
0
0
0
0
0
0
0
0
0
0
0
0
0
0
0
0
0
0
0
0
0
0
0
0
0
0
0
0
0
0
0
0
0
0
0
0
0
0
0
0
0
0
0
0
0.0007485526718049687
0
0
0
0
0
0
0
0
0
0
0
0
0
0
0
0
0
0
0
0
0
0
0
0
0
0
0
0.002423569378164929
0
0
0
0
0
0
0
0
0
0
0
0
0
0.0007104235608199548
0.0007544193407796081
0
0
0
0
0
0
0
0
0
0
0
0
0
0
0
0
0
0
0
0
0
0
0
0
0
0
0.0015212428512293439
0
0
0
0
0
0
0
0.001579459862209092
0
0
0
0
0
0
0
0
0
0
0
0
0
0
0
0
0
0
0
0
0
0
0
0
0
0
0
0
0
0
0
0
0
0
0
0
0
0
0
0
0
0
0
0
0
0
0
0
0
0
0
0
0
0
0
0
0
0
0
0
0
0
0
0
0
0
0
0
0
0
0
0
0
0
0
0
0
0
0
0
0
0
0
0
0
0.0021312706824598644
0.00144640767625284
0.00210800930095526
0.002143555945475114
0.0020862998691523068
0.0007145186484917047
0.0014129548377486607
0.0007104235608199548
0.0014859739863209726
0
0
0
0
0
0
0.0023338508176503686
0
0
0
0
0
0
0.0032314258375532386
0.002197935530326405
0
0.002395245362217784
0.0007376929215275183
0.0015212428512293439
0.0014971053436099375
0
0.0008078564593883096
0.0008078564593883096
0
0.0007104235608199548
0.002281864276844016
0
0
0
0.000789729931104546
0
0
0.002281864276844016
0.002263258022338824
0
0.0008078564593883096
0
0
0
0
0
0.003068798472344293
0
0
0
0
0
0
0
0
0
0
0.0007742024958136743
0
0
0.0014859739863209726
0
0
0
0
0
0
0
0
0
0
0
0
0
0
0
0.0026603855624204534
0
0
0
0
0
0
0
0
0
0
0
0
0
0
0.0016157129187766193
0
0
0
0
0
0
0
0
0
0.0014635393462902229
0
0
0
0
0
0
0
0
0
0
0
0.002395245362217784
0.0007278218518437373
0
0
0
0
0
0
0
0
0
0
0
0
0
0.0008181982757733276
0
0
0
0
0
0
0
0
0
0
0
0
0
0
0
0
0
0
0
0
0
0
0
0
0
0
0
0
0
0
0
0
0
0
0
0
0
0
0
0
0
0
0
0
0
0
0
0
0
0
0
0.0008181982757733276
0
0
0
0
0
0
0
0
0
0
0
0
0
0
0
0
0
0
0
0.0013148677883252542
0
0.0016592612467848985
0
0
0
0
0
0
0
0
0
0
0
0
0
0
0
0
0
0
0
0
0
0
0
0
0
0.0030424857024586877
0
0
0
0
0
0
0
0
0
0
0
0.00421601860191052
0
0
0
0.0014971053436099375
0
0.0007026697669850866
0
0
0
0
0
0
0
0
0
0
0
0
0
0
0
0
0
0
0
0
0
0
0
0.0006293456092324743
0
0
0
0
0
0
0
0
0
0
0
0
0
0
0
0
0
0
0
0
0
0
0.0005967116949508842
0.0006954332897174356
0
0
0
0
0
0.0007326451767754684
0.003193660482957045
0
0.0007816887014871716
0.0007376929215275183
0
0.0038359980904303665
0
0
0
0
0
0
0
0
0
0
0
0
0
0
0
0
0.0014753858430550367
0.0027290591757949735
0
0
0
0
0
0
0
0
0
0
0
0
0
0
0.0021696115143792598
0
0
0
0
0
0
0
0
0
0
0
0
0
0
0
0
0
0
0
0
0.001397982426401666
0
0
0
0
0
0
0
0
0
0
0
0
0
0
0
0
0
0
0
0
0
0
0
0
0
0
0
0
0
0
0
0
0
0
0
0
0
0
0
0
0
0
0
0
0
0
0
0
0
0
0
0
0
0
0
0
0
0
0
0
0.004366931111062424
0.0008424109006989146
0.0008078564593883096
0.0014971053436099375
0.002245658015414906
0.0008296306233924492
0.0016157129187766193
0.005727387930413294
0.0007485526718049687
0.0006762350791967022
0
0.0008296306233924492
0.002228960979481459
0.005128516237428279
0.0008296306233924492
0.002228960979481459
0.0014208471216399096
0
0
0.0024888918701773477
0.0024545948273199825
0.0023691897933136377
0.001397982426401666
0
0.0007429869931604863
0.0030176773631184323
0
0.0007984151207392613
0.0016363965515466552
0.003158919724418184
0.002395245362217784
0.002245658015414906
0.005200908952123404
0.002213078764582555
0.002322607487441023
0.0011719724709268048
0.0035521178040997746
0.0016592612467848985
0.002570699952300039
0.0008181982757733276
0.0008424109006989146
0
0.001579459862209092
0.0035725932424585235
0.0015968302414785225
0.0017472528067042053
0.002228960979481459
0.0007742024958136743
0.003411323969743717
0.0016592612467848985
0.0015633774029743433
0.0032314258375532386
0.003908443507435858
0.0008078564593883096
0.000789729931104546
0.0023450661044615148
0.0016363965515466552
0
0.0016363965515466552
0
0.0007742024958136743
0.0008424109006989146
0.0016157129187766193
0.0016363965515466552
0.0016363965515466552
0.0015484049916273486
0
0.003318522493569797
0.0013645295878974867
0
0.0016592612467848985
0.002156323104704698
0.0014859739863209726
0.0014556437036874746
0.00072320383812642
0.0014290372969834094
0.0016592612467848985
0.002395245362217784
0.00230159885425822
0.0008296306233924492
0.0014753858430550367
0.0016848218013978291
0
0.0017137999682000258
0.0007326451767754684
0.003731918319236798
0.0024545948273199825
0.0013584161163335336
0.00072320383812642
0
0.003096809983254697
0.0007544193407796081
0.0015968302414785225
0.001397982426401666
0
0.0016363965515466552
0.0007485526718049687
0.0007544193407796081
0
0
0.0006574338941626271
0.0007984151207392613
0.0007742024958136743
0
0.003158919724418184
0.0016157129187766193
0.0015968302414785225
0
0.0019056368346213406
0.0008296306233924492
0.0015484049916273486
0
0.0008181982757733276
0.0015968302414785225
0.0024545948273199825
0.0040392822969415485
0.002263258022338824
0
0.0016157129187766193
0.005031420577644295
0.009184206445366295
0.0016363965515466552
0.0023450661044615148
0.0016363965515466552
0.002281864276844016
0.000789729931104546
0.0008568999841000129
0
0
0.002322607487441023
0.0007671996180860733
0.0015088386815592162
0.0040392822969415485
0.0024545948273199825
0.0015343992361721466
0.0031267548059486865
0.0024545948273199825
0.0007984151207392613
0.0024545948273199825
0.000789729931104546
0.0007671996180860733
0.0015968302414785225
0.004148153116962247
0.0032314258375532386
0.0008181982757733276
0.002197935530326405
0.002423569378164929
0
0
0
0.0032727931030933103
0
0.0014859739863209726
0
0
0.003908443507435858
0.0024545948273199825
0
0.0007429869931604863
0.0023450661044615148
0.0005939293131569023
0
0.005370397326602513
0.003193660482957045
0.000789729931104546
0.000789729931104546
0.0007984151207392613
0.003158919724418184
0.0007326451767754684
0.002245658015414906
0.000789729931104546
0
0.0008078564593883096
0
0.0007606214256146719
0.0007671996180860733
0.0023691897933136377
0
0.0007485526718049687
0.0015343992361721466
0.002228960979481459
0.0031267548059486865
0
0.0033696436027956583
0.0006705228685320515
0.003742763359024844
0.003992075603696307
0.0016157129187766193
0.0008296306233924492
0.0015633774029743433
0.0017137999682000258
0
0.0008424109006989146
0.003772096703898041
0.0006372405044454113
0
0
0.0016363965515466552
0.0015212428512293439
0.0008296306233924492
0.001579459862209092
0.002423569378164929
0
0.0008078564593883096
0.0016848218013978291
0.002423569378164929
0
0.0015484049916273486
0.002281864276844016
0.0024545948273199825
0.0016157129187766193
0
0.0015633774029743433
0.0016848218013978291
0
0.005054465404193487
0.0008181982757733276
0.0016592612467848985
0.0008078564593883096
0.002423569378164929
0
0.0015968302414785225
0.0032727931030933103
0.0015343992361721466
0.0008078564593883096
0.002322607487441023
0.000789729931104546
0.004738379586627275
0
0.0007984151207392613
0.0008296306233924492
0.0006599284165394391
0.003193660482957045
0.0017137999682000258
0.004148153116962247
0
0.002423569378164929
0.002423569378164929
0.0024888918701773477
0.0007278218518437373
0.0023450661044615148
0
0.0014375487364697986
0
0.0007816887014871716
0.0024888918701773477
0
0.0017137999682000258
0.0025272327020967435
0.003908443507435858
0.002213078764582555
0
0.001579459862209092
0.0014859739863209726
0.002213078764582555
0.0007671996180860733
0.001579459862209092
0.0007984151207392613
0.006462851675106477
0.0007429869931604863
0.0007606214256146719
0.009687836696625249
0.0007984151207392613
0.0015484049916273486
0.005901543372220147
0.0007278218518437373
0.002395245362217784
0.0006733413891921275
0.0015212428512293439
0.0007816887014871716
0.000789729931104546
0.001579459862209092
0.0015343992361721466
0.001579459862209092
0.0014556437036874746
0.0015343992361721466
0
0
0
0.0016363965515466552
0.0024545948273199825
0.0008078564593883096
0.0016157129187766193
0.000789729931104546
0
0.0019056368346213406
0.0016157129187766193
0.003158919724418184
0.0008078564593883096
0
0.0008296306233924492
0.0016592612467848985
0.0008181982757733276
0.0007544193407796081
0.00072320383812642
0.0016157129187766193
0.0007742024958136743
0.002795964852803332
0.0008296306233924492
0.0005318422287230608
0.0021312706824598644
0
0.0008568999841000129
0.0015484049916273486
0.0015633774029743433
0.0023691897933136377
0.00144640767625284
0.0015343992361721466
0.0025272327020967435
0
0.0032314258375532386
0
0.004457921958962918
0.0014971053436099375
0
0.0008568999841000129
0.0029719479726419452
0.0008078564593883096
0.003158919724418184
0.0016592612467848985
0.0016157129187766193
0.0035133488349254334
0
0.0015968302414785225
0.0007429869931604863
0.0020115686055961544
0.0007429869931604863
0
0.0013908665794348711
0.0008181982757733276
0.0007816887014871716
0.0008296306233924492
0
0.0007742024958136743
0.0031267548059486865
0.0015968302414785225
0.0007984151207392613
0.000789729931104546
0.0016363965515466552
0.0007742024958136743
0.0038359980904303665
0.002395245362217784
0.0015088386815592162
0
0
0.0028259096754973214
0.000789729931104546
0
0
0
0
0.0008078564593883096
0
0
0.0016592612467848985
0.002911287407374949
0.0032727931030933103
0.0008078564593883096
0
0.005200908952123404
0.0016848218013978291
0.0024888918701773477
0.0007816887014871716
0.0007984151207392613
0.002423569378164929
0.0008078564593883096
0.000789729931104546
0
0
0.0040392822969415485
0.002994210687219875
0
0
0.0015968302414785225
0
0
0.0008078564593883096
0.0015484049916273486
0.003158919724418184
0.002423569378164929
0.0007485526718049687
0.0016157129187766193
0.0007816887014871716
0.0008181982757733276
0.001579459862209092
0.002395245362217784
0.0007671996180860733
0.0015343992361721466
0.0007671996180860733
0
0.004148153116962247
0
0.0016157129187766193
0.002263258022338824
0.0008424109006989146
0
0.0008078564593883096
0
0.0016363965515466552
0.0007485526718049687
0.0007606214256146719
0.0015968302414785225
0.002263258022338824
0
0.0007671996180860733
0.002322607487441023
0.0016592612467848985
0.001579459862209092
0.000789729931104546
0.00541941747069572
0.000789729931104546
0.0033811753959835118
0.0029719479726419452
0.0007984151207392613
0.001207993551107851
0.0007606214256146719
0.0015343992361721466
0
0
0.002423569378164929
0.0008181982757733276
0.0014652903535509367
0.0036884646076375924
0.0024888918701773477
0
0
0.0008078564593883096
0.0007816887014871716
0.0015343992361721466
0.0016157129187766193
0.003158919724418184
0.0032314258375532386
0.002156323104704698
0
0.002423569378164929
0.0007671996180860733
0.002183465555531212
0.002434459157084971
0.0015968302414785225
0.0016157129187766193
0.0015484049916273486
0
0.002281864276844016
0.0015343992361721466
0.0024888918701773477
0.0007984151207392613
0.0006919883354732319
0
0
0.003158919724418184
0.0015633774029743433
0.0015968302414785225
0.0014652903535509367
0.0007984151207392613
0
0.0024888918701773477
0.0008078564593883096
0.004148153116962247
0.003158919724418184
0.0016363965515466552
0.0007376929215275183
0.0008078564593883096
0.0013148677883252542
0.000789729931104546
0.0021696115143792598
0.0032727931030933103
0.000789729931104546
0.002183465555531212
0.0016363965515466552
0.0013839766709464638
0.0020115686055961544
0.0016363965515466552
0.000789729931104546
0.0025272327020967435
0
0.0015088386815592162
0.0008568999841000129
0.0014652903535509367
0
0.0014859739863209726
0.0008181982757733276
0.0006574338941626271
0.0013584161163335336
0.0007984151207392613
0.0023691897933136377
0
0.0014556437036874746
0.0008078564593883096
0.0007429869931604863
0.0007816887014871716
0.0015968302414785225
0.002858074593966819
0.0021312706824598644
0.002322607487441023
0.0008078564593883096
0.0025272327020967435
0.0055281095177318225
0.0016592612467848985
0.0016157129187766193
0.0008181982757733276
0
0
0.004148153116962247
0
0.0015212428512293439
0.002395245362217784
0.0008296306233924492
0
0.0007816887014871716
0.0027679533418929277
0
0
0.0008078564593883096
0.0015212428512293439
0.0007485526718049687
0.0016363965515466552
0.0015212428512293439
0.0023691897933136377
0.0014652903535509367
0.0006312661362614891
0
0.0029305807071018735
0.003318522493569797
0.0015484049916273486
0.0008078564593883096
0.0007984151207392613
0.003908443507435858
0.0008181982757733276
0.0008181982757733276
0
0
0.0015633774029743433
0.000789729931104546
0.0023450661044615148
0.004212054503494573
0.0008078564593883096
0.001579459862209092
0.0024545948273199825
0.0008078564593883096
0.0015212428512293439
0
0
0.0025272327020967435
0
0.0049777837403546955
0.0015968302414785225
0.003318522493569797
0.003158919724418184
0.0012959851110271575
0.002423569378164929
0.0015484049916273486
0
0.0016363965515466552
0.000789729931104546
0.0007984151207392613
0.00072320383812642
0
0
0.0012439727730789326
0
0.0024888918701773477
0.0023691897933136377
0.000662481638914677
0.0024888918701773477
0
0
0.002322607487441023
0
0.00230159885425822
0.0023691897933136377
0.0015343992361721466
0.0007816887014871716
0.000789729931104546
0.002263258022338824
0.0024545948273199825
0.002423569378164929
0.0015212428512293439
0
0.0007816887014871716
0
0.0008078564593883096
0.0007544193407796081
0.0007671996180860733
0.003193660482957045
0.002423569378164929
0
0.0008181982757733276
0
0
0.0015968302414785225
0.0020562304290054918
0.0014971053436099375
0.0008078564593883096
0.004212054503494573
0
0.004909189654639965
0.0007816887014871716
0.0016363965515466552
0.0006184858589550239
0.0016157129187766193
0.0015212428512293439
0.0013772987936316301
0
0
0
0.0015633774029743433
0.0007742024958136743
0
0.002322607487441023
0.0016157129187766193
0.002395245362217784
0
0.0008078564593883096
0
0
0.0007187743682348993
0.0024888918701773477
0.0007606214256146719
0.0016848218013978291
0.0014652903535509367
0.0007742024958136743
0.00144640767625284
0.004090991378866638
0.002395245362217784
0
0.0008078564593883096
0.0015633774029743433
0.0007816887014871716
0
0
0.001579459862209092
0.0015343992361721466
0
0.0017541514017797933
0.002263258022338824
0.0008181982757733276
0.0015088386815592162
0
0.0007145186484917047
0
0.0008296306233924492
0.0016157129187766193
0
0.001579459862209092
0
0.0018030713897515828
0.0007816887014871716
0
0.0007606214256146719
0
0.0006792080581667668
0.0023450661044615148
0
0.0029507716861100733
0.003992075603696307
0.002281864276844016
0
0.002263258022338824
0
0.0006954332897174356
0
0
0.0024888918701773477
0.0011745407126036716
0
0
0
0.0016592612467848985
0.0007816887014871716
0.0007742024958136743
0
0
0
0.0007606214256146719
0
0.0007816887014871716
0
0.0020862998691523068
0.0023450661044615148
0.0007544193407796081
0
0
0.0008296306233924492
0
0
0
0
0.0014129548377486607
0.002395245362217784
0.0023450661044615148
0
0.003871012479068372
0
0.002395245362217784
0
0
0
0
0
0
0
0
0
0
0
0
0
0
0
0
0
0
0
0
0
0
0
0
0
0
0
0
0
0
0
0
0
0
0
0
0
0
0
0
0
0
0
0
0
0
0
0
0
0
0
0
0
0
0
0
0
0
0
0
0
0
0
0
0
0
0
0
0
0
0
0
0
0
0
0
0
0
0
0
0
0
0
0
0
0
0
0
0
0
0
0
0
0
0
0
0
0
0
0
0
0
0
0
0
0
0
0
0
0
0
0
0
0
0
0
0
0
0
0
0
0
0
0
0
0
0
0
0
0
0
0
0
0
0
0
0
0
0
0
0
0
0
0
0
0
0
0
0
0
0
0
0
0
0
0
0
0
0
0
0
0
0
0
0
0
0
0
0
0
0
0
0
0
0
0
0
0
0
0
0
0
0
0
0
0
0
0
0
0
0
0
0
0
0
0
0
0
0
0
0
0
0
0
0
0
0
0
0
0
0
0
0
0
0
0
0
0
0
0
0
0
0
0
0
0
0
0
0
0
0.0016157129187766193
0
0
0
0
0
0
0
0
0
0
0
0
0
0
0
0
0
0
0
0
0
0
0
0
0
0
0
0
0
0
0
0
0
0
0
0
0
0
0
0
0
0
0
0
0
0
0
0
0
0
0
0
0
0
0
0
0
0
0
0
0
0
0
0
0
0
0
0
0
0
0
0
0
0
0
0
0
0
0
0
0
0
0
0
0
0
0
0
0
0
0
0
0
0
0
0
0
0
0
0
0
0
0
0
0
0
0
0
0
0
0
0
0
0
0
0
0
0
0
0
0.0008296306233924492
0
0
0
0.0007544193407796081
0
0.00144640767625284
0
0.003318522493569797
0
0
0
0.001930689256866174
0
0.0008296306233924492
0
0
0
0
0.0008078564593883096
0.0016592612467848985
0
0
0.0008296306233924492
0.0007816887014871716
0.0007145186484917047
0.0007984151207392613
0.0007326451767754684
0.0008568999841000129
0.0007742024958136743
0.0007984151207392613
0.0016592612467848985
0.0008181982757733276
0.0008736264033521027
0.0007064774188743304
0
0
0
0
0
0
0
0
0
0
0
0
0
0
0
0
0
0
0
0
0
0
0
0
0
0
0
0
0
0
0
0
0
0
0
0
0
0
0
0
0
0
0
0
0
0
0
0
0
0
0
0
0
0
0
0
0
0
0
0
0
0
0
0
0
0
0
0
0
0
0
0
0
0
0
0
0
0
0
0
0
0
0
0
0
0
0
0
0
0
0
0
0
0
0
0
0
0
0
0
0
0
0
0
0
0
0
0
0
0
0
0
0
0
0
0
0
0
0
0
0
0
0
0
0
0
0
0
0
0
0
0
0
0
0
0
0
0
0
0
0
0
0
0
0
0
0
0
0
0
0
0
0
0
0
0
0
0
0
0
0
0
0
0
0
0
0
0
0
0
0
0
0
0
0
0
0
0
0
0
0
0
0
0
0
0
0
0
0
0
0
0
0
0
0
0
0
0
0
0
0
0
0
0
0
0
0
0
0
0
0
0
0
0
0
0
0
0
0
0
0
0
0
0
0
0
0
0
0
0
0
0
0
0
0
0
0
0
0
0
0
0
0
0
0
0
0
0
0
0
0
0
0
0
0
0
0
0
0
0
0
0
0
0
0
0
0
0
0
0
0
0
0
0
0
0
0
0
0
0
0
0
0
0
0
0
0
0
0
0
0
0
0
0
0
0
0
0
0
0
0
0
0
0
0
0
0
0
0
0
0
0
0
0
0
0
0
0
0
0
0
0
0
0
0
0
0
0
0
0
0
0
0
0
0
0
0
0
0
0
0
0
0
0
0
0
0
0
0
0
0
0
0
0
0
0
0
0
0
0
0
0
0
0
0
0
0
0
0
0
0
0
0
0
0
0
0
0
0
0
0
0
0
0
0
0
0
0
0
0
0
0
0
0
0
0
0
0
0
0
0
0
0
0
0
0
0
0
0
0
0
0
0
0
0
0
0
0
0
0
0
0
0
0
0
0
0
0
0
0
0
0
0
0
0
0
0
0
0
0
0
0
0
0
0
0
0
0
0
0
0
0
0
0
0
0
0
0
0
0
0
0
0
0
0
0
0
0
0
0
0
0
0
0
0
0
0
0
0
0
0
0
0
0
0
0
0
0
0
0
0
0
0
0
0
0
0
0
0
0
0
0
0
0
0
0
0
0
0
0
0
0
0
0
0
0
0
0
0
0
0
0
0
0
0
0
0
0
0
0
0
0
0
0
0
0
0
0
0
0
0
0
0
0
0
0
0
0
0
0
0
0
0
0
0
0
0
0
0
0
0
0
0
0
0
0
0
0
0
0
0
0
0
0
0
0
0
0
0
0
0
0
0
0
0
0
0
0
0
0
0
0
0
0
0
0
0
0
0
0
0
0
0
0
0
0
0
0
0
0
0
0
0
0
0
0
0
0
0
0
0
0
0
0
0
0
0
0
0
0
0
0
0
0
0
0
0
0
0
0
0
0
0
0
0
0
0
0
0
0
0
0
0
0
0
0
0
0
0
0
0
0
0
0
0
0
0
0
0
0
0
0
0
0
0
0
0
0
0
0
0
0
0
0
0
0
0
0
0
0
0
0
0
0
0
0
0
0
0
0
0
0
0
0
0
0
0
0
0
0
0
0
0
0
0
0
0
0
0
0
0
0
0
0
0
0
0
0
0
0
0
0
0
0
0
0
0
0
0
0
0
0
0
0
0
0
0
0
0
0
0
0
0
0
0
0
0
0
0
0
0
0
0
0
0
0
0
0
0
0
0
0
0
0
0
0
0
0
0
0
0
0
0
0
0
0
0
0
0
0
0
0
0
0
0
0
0
0
0
0
0
0
0
0
0
0
0
0
0
0
0
0
0
0
0
0
0
0
0
0
0
0
0
0
0
0
0
0
0
0
0
0
0
0
0
0
0
0
0
0
0
0
0
0
0
0
0
0
0
0
0
0
0
0
0
0
0
0
0
0
0
0
0
0
0
0
0
0
0
0
0
0
0
0
0
0
0
0
0
0
0
0
0
0
0
0
0
0
0
0
0
0
0
0
0
0
0
0
0
0
0
0
0
0
0
0
0
0
0
0
0
0
0
0
0
0
0
0
0
0
0
0
0
0
0
0
0
0
0
0
0
0
0
0
0
0
0
0
0
0
0
0
0
0
0
0
0
0
0
0
0
0
0
0
0
0
0
0
0
0
0
0
0
0
0
0
0
0
0
0
0
0
0
0
0
0
0
0
0
0
0
0
0
0
0
0
0
0
0
0
0
0
0
0
0
0
0
0
0
0
0
0
0
0
0
0
0
0
0
0
0
0
0
0
0
0
0
0
0
0
0
0
0
0
0
0
0
0
0
0
0
0
0
0
0
0
0
0
0
0
0
0
0
0
0
0
0
0
0
0
0
0
0
0
0
0
0
0
0
0
0
0
0
0
0
0
0
0
0
0
0
0
0
0
0
0
0
0
0
0
0
0
0
0
0
0
0
0
0
0
0
0
0
0
0
0
0
0
0
0
0
0
0
0
0
0
0
0
0
0
0
0
0
0
0
0
0
0
0
0
0
0
0
0
0
0
0
0
0
0
0
0
0
0
0
0
0
0
0
0
0
0
0
0
0
0
0
0
0
0
0
0
0
0
0
0
0
0
0
0
0
0
0
0
0
0
0
0
0
0
0
0
0
0
0
0
0
0
0
0
0
0
0
0
0
0
0
0
0
0
0
0
0
0
0
0
0
0
0
0
0
0
0
0
0
0
0
0
0
0
0
0
0
0
0
0
0
0
0
0
0
0
0
0
0
0
0
0
0
0
0
0
0
0
0
0
0
0
0
0
0
0
0
0
0
0
0
0
0
0
0
0
0
0
0
0
0
0
0
0
0
0
0
0
0
0
0
0
0
0
0
0
0
0
0
0
0
0
0
0
0
0
0
0
0
0
0
0
0
0
0
0
0
0
0
0
0
0
0
0
0
0
0
0
0
0
0
0
0
0
0
0
0
0
0
0
0
0
0
0
0
0
0
0
0
0
0
0
0
0
0
0
0
0
0
0
0
0
0
0
0
0
0
0
0
0
0
0
0
0
0
0
0
0
0
0
0
0
0
0
0
0
0
0
0
0
0
0
0
0
0
0
0
0
0
0
0
0
0
0
0
0
0
0
0
0
0
0
0
0
0
0
0
0
0
0
0
0
0
0
0
0
0
0
0
0
0
0
0
0
0
0
0
0
0
0
0
0
0
0
0
0
0
0
0
0
0
0
0
0
0
0
0
0
0
0
0
0
0
0
0
0
0
0
0
0
0
0
0
0
0
0
0
0
0
0
0
0
0
0
0
0
0
0
0
0
0
0
0
0
0
0
0
0
0
0
0
0
0
0
0
0
0
0
0
0
0
0
0
0
0
0
0
0
0
0
0
0
0
0
0
0
0
0
0
0
0
0
0
0
0
0
0
0
0
0
0
0
0
0
0
0
0
0
0
0
0
0
0
0
0
0
0
0
0
0
0
0
0
0
0
0
0
0
0
0
0
0
0
0
0
0
0
0
0
0
0
0
0
0
0
0
0
0
0
0
0
0
0
0
0
0
0
0
0
0
0
0
0
0
0
0
0
0
0
0
0
0
0
0
0
0
0
0
0
0
0
0
0
0
0
0
0
0
0
0
0
0
0
0
0
0
0
0
0
0
0
0
0
0
0
0
0
0
0
0
0
0
0
0
0
0
0
0
0
0
0
0
0
0
0
0
0
0
0
0
0
0
0
0
0
0
0
0
0
0
0
0
0
0
0
0
0
0
0
0
0
0
0
0
0
0
0
0
0
0
0
0
0
0
0
0
0
0
0
0
0
0
0
0
0
0
0
0
0
0
0
0
0
0
0
0
0
0
0
0
0
0
0
0
0
0
0
0
0
0
0
0
0
0
0
0
0
0
0
0
0
0
0
0
0
0
0
0
0
0
0
0
0
0
0
0
0
0
0
0
0
0
0
0
0
0
0
0
0
0
0
0
0
0
0
0
0
0
0
0
0
0
0
0
0
0
0
0
0
0
0
0
0
0
0
0
0
0
0
0
0
0
0
0
0
0
0
0
0
0
0
0
0
0
0
0
0
0
0
0
0
0
0
0
0
0
0
0
0
0
0
0
0
0
0
0
0
0
0
0
0
0
0
0
0
0
0
0
0
0
0
0
0
0
0
0
0
0
0
0
0
0
0
0
0
0
0
0
0
0
0
0
0
0
0
0
0
0
0
0
0
0
0
0
0
0
0
0
0
0
0
0
0
0
0
0
0
0
0
0
0
0
0
0
0
0
0
0
0
0
0
0
0
0
0
0
0
0
0
0
0
0
0
0
0
0
0
0
0
0
0
0
0
0
0
0
0
0
0
0
0
0
0
0
0
0
0
0
0
0
0
0
0
0
0
0
0
0
0
0
0
0
0
0
0
0
0
0
0
0
0
0
0
0
0
0
0
0
0
0
0
0
0
0
0
0
0
0
0
0
0
0
0
0
0
0
0
0
0
0
0
0
0
0
0
0
0
0
0
0
0
0
0
0
0
0
0
0
0
0
0
0
0
0
0
0
0
0
0
0
0
0
0
0
0
0
0
0
0
0
0
0
0
0
0
0
0
0
0
0
0
0
0
0
0
0
0
0
0
0
0
0
0
0
0
0
0
0
0
0
0
0
0
0
0
0
0
0
0
0
0
0
0
0
0
0
0
0
0
0
0
0
0
0
0
0
0
0
0
0
0
0
0
0
0
0
0
0
0
0
0
0
0
0
0
0
0
0
0
0
0
0
0
0
0
0
0
0
0
0
0
0
0
0
0
0
0
0
0
0
0
0
0
0
0
0
0
0
0
0
0
0
0
0
0
0
0
0
0
0
0
0
0
0
0
0
0
0
0
0
0
0
0
0
0
0
0
0
0
0
0
0
0
0
0
0
0
0
0
0
0
0
0
0
0
0
0
0
0
0
0
0
0
0
0
0
0
0
0
0
0
0
0
0
0
0
0
0
0
0
0
0
0
0
0
0
0
0
0
0
0
0
0
0
0
0
0
0
0
0
0
0
0
0
0
0
0
0
0
0
0
0
0
0
0
0
0
0
0
0
0
0
0
0
0
0
0
0
0
0
0
0
0
0
0
0
0
0
0
0
0
0
0
0
0
0
0
0
0
0
0
0
0
0
0
0
0
0
0
0
0
0
0
0
0
0
0
0
0
0
0
0
0
0
0
0
0
0
0
0
0
0
0
0
0
0
0
0
0
0
0
0
0
0
0
0
0
0
0
0
0
0
0
0
0
0
0
0
0
0
0
0
0
0
0
0
0
0
0
0
0
0
0
0
0
0
0
0
0
0
0
0
0
0
0
0
0
0
0
0
0
0
0
0
0
0
0
0
0
0
0
0
0
0
0
0
0
0
0
0
0
0
0
0
0
0
0
0
0
0
0
0
0
0
0
0
0
0
0
0
0
0
0
0
0
0
0
0
0
0
0
0
0
0
0
0
0
0
0
0
0
0
0
0
0
0
0
0
0
0
0
0
0
0
0
0
0
0
0
0
0
0
0
0
0
0
0
0
0
0
0
0
0
0
0
0
0
0
0
0
0
0
0
0
0
0
0
0
0
0
0
0
0
0
0
0
0
0
0
0
0
0
0
0
0
0
0
0
0
0
0
0
0
0
0
0
0
0
0
0
0
0
0
0
0
0
0
0
0
0
0
0
0
0
0
0
0
0
0
0
0
0
0
0
0
0
0
0
0
0
0
0
0
0
0
0
0
0
0
0
0
0
0
0
0
0
0
0
0
0
0
0
0
0
0
0
0
0
0
0
0
0
0
0
0
0
0
0
0
0
0
0
0
0
0
0
0
0
0
0
0
0
0
0
0
0
0
0
0
0
0
0
0
0
0
0
0
0
0
0
0
0
0
0
0
0
0
0
0
0
0
0
0
0
0
0
0
0
0
0
0
0
0
0
0
0
0
0
0
0
0
0
0
0
0
0
0
0
0
0
0
0
0
0
0
0
0
0
0
0
0
0
0
0
0
0
0
0
0
0
0
0
0
0
0
0
0
0
0
0
0
0
0
0
0
0
0
0
0
0
0
0
0
0
0
0
0
0
0
0
0
0
0
0
0
0
0
0
0
0
0
0
0
0
0
0
0
0
0
0
0
0
0
0
0
0
0
0
0
0
0
0
0
0
0
0
0
0
0
0
0
0
0
0
0
0
0
0
0
0
0
0
0
0
0
0
0
0
0
0
0
0
0
0
0
0
0
0
0
0
0
0
0
0
0
0
0
0
0
0
0
0
0
0
0
0
0
0
0
0
0
0
0
0
0
0
0
0
0
0
0
0
0
0
0
0
0
0
0
0
0
0
0
0
0
0
0
0
0
0
0
0
0
0
0
0
0
0
0
0
0
0
0
0
0
0
0
0
0
0
0
0
0
0
0
0
0
0
0
0
0
0
0
0
0
0
0
0
0
0
0
0
0
0
0
0
0
0
0
0
0
0
0
0
0
0
0
0
0
0
0
0
0
0
0
0
0
0
0
0
0
0
0
0
0
0
0
0
0
0
0
0
0
0
0
0
0
0
0
0
0
0
0
0
0
0
0
0
0
0
0
0
0
0
0
0
0
0
0
0
0
0
0
0
0
0
0
0
0
0
0
0
0
0
0
0
0
0
0
0
0
0
0
0
0
0
0
0
0
0
0
0
0
0
0
0
0
0
0
0
0
0
0
0
0
0
0
0
0
0
0
0
0
0
0
0
0
0
0
0
0
0
0
0
0
0
0
0
0
0
0
0
0
0
0
0
0
0
0
0
0
0
0
0
0
0
0
0
0
0
0
0
0
0
0
0
0
0
0
0
0
0
0
0
0
0
0
0
0
0
0
0
0
0
0
0
0
0
0
0
0
0
0
0
0
0
0
0
0
0
0
0
0
0
0
0
0
0
0
0
0
0
0
0
0
0
0
0
0
0
0
0
0
0
0
0
0
0
0
0
0
0
0
0
0
0
0
0
0
0
0
0
0
0
0
0
0
0
0
0
0
0
0
0
0
0
0
0
0
0
0
0
0
0
0
0
0
0
0
0
0
0
0
0
0
0
0
0
0
0
0
0
0
0
0
0
0
0
0
0
0
0
0
0
0
0
0
0
0
0
0
0
0
0
0
0
0
0
0
0
0
0
0
0
0
0
0
0
0
0
0
0
0
0
0
0
0
0
0
0
0
0
0
0
0
0
0
0
0
0
0
0
0
0
0
0
0
0
0
0
0
0
0
0
0
0
0
0
0
0
0
0
0
0
0
0
0
0
0
0
0
0
0
0
0
0
0
0
0
0
0
0
0
0
0
0
0
0
0
0
0
0
0
0
0
0
0
0
0
0
0
0
0
0
0
0
0
0
0
0
0
0
0
0
0
0
0
0
0
0
0
0
0
0
0
0
0
0
0
0
0
0
0
0
0
0
0
0
0
0
0
0
0
0
0
0
0
0
0
0
0
0
0
0
0
0
0
0
0
0
0
0
0
0
0
0
0
0
0
0
0
0
0
0
0
0
0
0
0
0
0
0
0
0
0
0
0
0
0
0
0
0
0
0
0
0
0
0
0
0
0
0
0
0
0
0
0
0
0
0
0
0
0
0
0
0
0
0
0
0
0
0
0
0
0
0
0
0
0
0
0
0
0
0
0
0
0
0
0
0
0
0
0
0
0
0
0
0
0
0
0
0
0
0
0
0
0
0
0
0
0
0
0
0
0
0
0
0
0
0
0
0
0
0
0
0
0
0
0
0
0
0
0
0
0
0
0
0
0
0
0
0
0
0
0
0
0
0
0
0
0
0
0
0
0
0
0
0
0
0
0
0
0
0
0
0
0
0
0
0
0
0
0
0
0
0
0
0
0
0
0
0
0
0
0
0
0
0
0
0
0
0
0
0
0
0
0
0
0
0
0
0
0
0
0
0
0
0
0
0
0
0
0
0
0
0
0
0
0
0
0
0
0
0
0
0
0
0
0
0
0
0
0
0
0
0
0
0
0
0
0
0
0
0
0
0
0
0
0
0
0
0
0
0
0
0
0
0
0
0
0
0
0
0
0
0
0
0
0
0
0
0
0
0
0
0
0
0
0
0
0
0
0
0
0
0
0
0
0
0
0
0
0
0
0
0
0
0
0
0
0
0
0
0
0
0
0
0
0
0
0
0
0
0
0
0
0
0
0
0
0
0
0
0
0
0
0
0
0
0
0
0
0
0
0
0
0
0
0
0
0
0
0
0
0
0
0
0
0
0
0
0
0
0
0
0
0
0
0
0
0
0
0
0
0
0
0
0
0
0
0
0
0
0
0
0
0
0
0
0
0
0
0
0
0
0
0
0
0
0
0
0
0
0
0
0
0
0
0
0
0
0
0
0
0
0
0
0
0
0
0
0
0
0
0
0
0
0
0
0
0
0
0
0
0
0
0
0
0
0
0
0
0
0
0
0
0
0
0
0
0
0
0
0
0
0
0
0
0
0
0
0
0
0
0
0
0
0
0
0
0
0
0
0
0
0
0
0
0
0
0
0
0
0
0
0
0
0
0
0
0
0
0
0
0
0
0
0
0
0
0
0
0
0
0
0
0
0
0
0
0
0
0
0
0
0
0
0
0
0
0
0
0
0
0
0
0
0
0
0
0
0
0
0
0
0
0
0
0
0
0
0
0
0
0
0
0
0
0
0
0
0
0
0
0
0
0
0
0
0
0
0
0
0
0
0
0
0
0
0
0
0
0
0
0
0
0
0
0
0
0
0
0
0
0
0
0
0
0
0
0
0
0
0
0
0
0
0
0
0
0
0
0
0
0
0
0
0
0
0
0
0
0
0
0
0
0
0
0
0
0
0
0
0
0
0
0
0
0
0
0
0
0
0
0
0
0
0
0
0
0
0
0
0
0
0
0
0
0
0
0
0
0
0
0
0
0
0
0
0
0
0
0
0
0
0
0
0
0
0
0
0
0
0
0
0
0
0
0
0
0
0
0
0
0
0
0
0
0
0
0
0
0
0
0
0
0
0
0
0
0
0
0
0
0
0
0
0
0
0
0
0
0
0
0
0
0
0
0
0
0
0
0
0
0
0
0
0
0
0
0
0
0
0
0
0
0
0
0
0
0
0
0
0
0
0
0
0
0
0
0
0
0
0
0
0
0
0
0
0
0
0
0
0
0
0
0
0
0
0
0
0
0
0
0
0
0
0
0
0
0
0
0
0
0
0
0
0
0
0
0
0
0
0
0
0
0
0
0
0
0
0
0
0
0
0
0
0
0
0
0
0
0
0
0
0
0
0
0
0
0
0
0
0
0
0
0
0
0
0
0
0
0
0
0
0
0
0
0
0
0
0
0
0
0
0
0
0
0
0
0
0
0
0
0
0
0
0
0
0
0
0
0
0
0
0
0
0
0
0
0
0
0
0
0
0
0
0
0
0
0
0
0
0
0
0
0
0
0
0
0
0
0
0
0
0
0
0
0
0
0
0
0
0
0
0
0
0
0
0
0
0
0
0
0
0
0
0
0
0
0
0
0
0
0
0
0
0
0
0
0
0
0
0
0
0
0
0
0
0
0
0
0
0
0
0
0
0
0
0
0
0
0
0
0
0
0
0
0
0
0
0
0
0
0
0
0
0
0
0
0
0
0
0
0
0
0
0
0
0
0
0
0
0
0
0
0
0
0
0
0
0
0
0
0
0
0
0
0
0
0
0
0
0
0
0
0
0
0
0
0
0
0
0
0
0
0
0
0
0
0
0
0
0
0
0
0
0
0
0
0
0
0
0
0
0
0
0
0
0
0
0
0
0
0
0
0
0
0
0
0
0
0
0
0
0
0
0
0
0
0
0
0
0
0
0
0
0
0
0
0
0
0
0
0
0
0
0
0
0
0
0
0
0
0
0
0
0
0
0
0
0
0
0
0
0
0
0
0
0
0
0
0
0
0
0
0
0
0
0
0
0
0
0
0
0
0
0
0
0
0
0
0
0
0
0
0
0
0
0
0
0
0
0
0
0
0
0
0
0
0
0
0
0
0
0
0
0
0
0
0
0
0
0
0
0
0
0
0
0
0
0
0
0
0
0
0
0
0
0
0
0
0
0
0
0
0
0
0
0
0
0
0
0
0
0
0
0
0
0
0
0
0
0
0
0
0
0
0
0
0
0
0
0
0
0
0
0
0
0
0
0
0
0
0
0
0
0
0
0
0
0
0
0
0
0
0
0
0
0
0
0
0
0
0
0
0
0
0
0
0
0
0
0
0
0
0
0
0
0
0
0
0
0
0
0
0
0
0
0
0
0
0
0
0
0
0
0
0
0
0
0
0
0
0
0
0
0
0
0
0
0
0
0
0
0
0
0
0
0
0
0
0
0
0
0
0
0
0
0
0
0
0
0
0
0
0
0
0
0
0
0
0
0
0
0
0
0
0
0
0
0
0
0
0
0
0
0
0
0
0
0
0
0
0
0
0
0
0
0
0
0
0
0
0
0
0
0
0
0
0
0
0
0
0
0
0
0
0
0
0
0
0
0
0
0
0
0
0
0
0
0
0
0
0
0
0
0
0
0
0
0
0
0
0
0
0
0
0
0
0
0
0
0
0
0
0
0
0
0
0
0
0
0
0
0
0
0
0
0
0
0
0
0
0
0
0
0
0
0
0
0
0
0
0
0
0
0
0
0
0
0
0
0
0
0
0
0
0
0
0
0
0
0
0
0
0
0
0
0
0
0
0
0
0
0
0
0
0
0
0
0
0
0
0
0
