0
0
-1.2328452970187552e-08
0
0
0
0.0009408403508875998
0
0
0
0.0006920587423491881
0.0006818354517663809
0.00166454633920074
0
0
0
0
0
0
0
0
0
0.0012474112186817165
0.002226024710186083
0
0
0
0
0
0
0
0.0021848616348614414
0.0006571460325475053
0
0.001859819657035973
0.003959936429768691
0
0
0
0.0009134209527279717
0.0023920826880226946
0.006958729508057211
0
0
0
0
0.001863581608593698
0
0
0.0017390409100551149
0
0
0
0.005450965874724041
0.001595230279033252
0
0
0.0008102923996549737
0.0006667526286855867
0
0
0.002412387292759955
0.001683609239292557
0
0
0.007836035672654968
0.0007976370511726366
0
0
0.0008265630584087805
0.0012970499355920131
0
0
0
0
0
0
0
0
0
0
0
0
0
0
0
0.012863967808771347
0
0.0007853286787705428
0
0
0
0
0
0.002148775437213354
0
0
0.0010238437200520301
0.0009415513048176243
0
0
0
0.017172375186747656
0.0008724700532604135
0
0.0021504900380694865
0
0
0
0.0005676738317077484
0
0
0
0
0.0008062208495108649
0
0
0.0015283287221344608
0
0
0
0
0.002846289516142912
0
0
0.0014285563947091682
0.017020454576333104
0
0
0
0
0.001295440739688352
0
0.0035323229652196157
0
0.02584742730213865
0
0.06815228122341432
0.005565651916943698
0
0
0
0.0010705644813524713
0
0.0016394454936713642
0
0
0.0012735356489859428
0
0
0
0
0
0
0
0
0
0
0
0
0
0.0023725278789356583
0.0031183520583897687
0
0
0.0013126220900806886
0
0.001637763417362441
0
0.0006134344265496925
0.0015914593516014102
0.0018183078487857066
0
0.002647663392859155
0
0
0
0
0
0
0
0
0
0
0
0.0019034806010731432
0
0
0
0.005747500795357522
0
0.0005818975725394001
0.011234085140763945
0
0
0.004532309901026535
0.00972449884087043
0
0.0006219019772930562
0
0
0.0016445286016052872
0.004035085834249761
0.002346371126204997
0
0
0
0.0008616234709930111
0
0.002146565004286547
0
0
0.010186631116496737
0
0
0
0
0.0007450747375210437
0
0
0.001940488516840011
0.00327050335029754
0.000698716032900379
0.005804267361801099
0
0
0.001605991137155197
0
0
0
0
0
0.0034485004772145137
0.0032506768651809487
0
0.0010403454588699182
0.003130914256130616
0.0008860804152032773
0.0033745739058195804
0
0
0.0063687614658312
0
0
0
0.001062033946949328
0
0
0.0014285563947091682
0
0
0
0.0009878950195266443
0.0013158572731256722
0
0.010754590257125425
0
0
0.002871022719995558
0
0
0
0
0.0012352163011773427
0
0.0017975109390578321
0
0
0
0
0.011280883376431001
0
0.0024654136069488285
0.002431722477499044
0.0029099037825561034
0
0
0
0.0010292561023438496
0
0
0
0
0.0016138303812531318
0.0011678078103873294
0.0006515672954434765
0.0026001760583263703
0
0
0
0.0010668700859704147
0
0
0.0010059684461218791
0
0.004922216320382233
0.004830059016094312
0
0.0028246539144528727
0.0021183074501246913
0
0
0
0.0009415513048176243
0
0.004247401490168556
0
0.0013911218200582578
0
0.000823545589851761
0
0
0
0.0009429797787206832
0
0.0008767391625852565
0
0.0018269208651743019
0.013383644168406202
0
0
0.0010215140882078085
0
0.003904411698958958
0.0009562477485071153
0
0
0
0
0
0.004814214182646638
0
0.0011093493643814574
0
0
0
0.0037631175554271924
0
0.001172649950864064
0.0005055282460653859
0.0023894927139395204
0
0
0
0.0008596137071250645
0.0008737599520137712
0.006920714270504934
0
0
0
0
0
0
0
0
0
0
0
0
0
0
0
0.004662722627554352
0
0
0
0
0
0
0
0.0008724700532604135
0
0
0.0028332512931592093
0.003767106074875573
0
0
0
0.004079646791119729
0
0
0.0022370592039544996
0
0.0019637754392446438
0
0
0
0
0
0
0
0
0
0.0022543410333405183
0
0
0
0
0
0
0.002606434635919496
0
0.0006155225330744321
0
0
0
0.008153751705711563
0
0.007643398306907904
0
0
0
0.002580498088253449
0
0
0
0.0008536867567988887
0.0011716132444113956
0.021911535827143665
0
0
0.004456523013557833
0.0008906098521168292
0.0008672417629477202
0
0
0
0.0007466069297288784
0.0011518522986357009
0
0
0.0005565209217679277
0
0
0.0018444732252233275
0.0022528634242071945
0.0007372663904577128
0
0
0.0022719089590780527
0
0
0
0
0
0.0009818877196223219
0
0
0
0
0.0019553800467500774
0
0.0005289837342967832
0
0.0016269760094326138
0
0.0013650685540215598
0
0
0
0.0006120527184421497
0
0
0.002136190059174276
0.0027376181049615853
0.0007553792769237497
0
0
0
0
0
0.002682197670900453
0
0
0
0
0.0021537111028060527
0.0015283287221344608
0
0.0020081928997475974
0
0
0
0
0
0
0.001775537227495264
0
0.0015152503205714634
0
0
0
0.000906584075542852
0
0.0017621765197190135
0
0
0
0
0
0
0
0
0.0006155225330744321
0.00103632665372599
0.0008672417629477202
0.0007984044114638389
0
0
0
0.002304967949875424
0
0
0.0079735850071481
0
0
0
0
0
0.0039284611411052025
0.001997138745293689
0
0
0
0
0
0.0006685028822309182
0
0.0037056886651968554
0
0.004852940790502582
0
0
0.00455156624223038
0.00018449593372777366
0
0.0011260538533456308
0.00175990034680449
0
0.00115982485821982
0.0013819357568943186
0.0028602309699642895
0
0
0.014181940146410204
0
0
0
0.005224006482478453
0.002729204405697711
0
0
0.0029868658924244
0.0007050552110269376
0
0.0006423610813701592
0.0030749937141665747
0
0
0
0
0.005829226353227706
0
0
0.001610062944611391
0.000950257060495074
0
0
0
0
0
0
0.0013211635124706826
0.0005222205685700423
0
0
0.0037089933145463844
0
0.0007092050650444414
0
0.0018954372905825151
0
0
0
0
0.0009679148410746379
0
0.001008805055066813
0.002260510525187007
0
0
0
0
0
0.0007469145855415685
0.0012143801119248417
0
0.0007553792769237497
0
0
0
0.000803848158222207
0.0010859597095166013
0
0
0.0021848616348614414
0.0007050552110269376
0.006915694123881434
0
0.000793461322798432
0.002370892272110742
0
0.0006211844302713122
0.0015101204059073106
0
0
0
0
0.000392302334196839
0
0
0
0.0027622579693021214
0.0004617240750456798
0
0.000969515718293547
0.000709729052347517
0.002102177390304977
0
0.0007537882749674376
0
0
0
0
0
0.0018434283955748355
0
0
0
0
0.0013789821503339434
0
0.0031580853095222487
0
0
0
0
0
0.0007983020276041702
0
0
0.0007838801481623523
0
0.0030013039533920835
0.002089492177602703
0
0.002864206559573439
0.0032955088515474306
0
0
0.0011640637570145616
0
0.0011260538533456308
0.0027682349693967526
0.0008810882598595068
0
0.0030189662678852132
0
0.003345813223560498
0
0.004743916189570706
0.0033155469762183214
0
0.0011024081388229785
0
0
0.0012994742364189175
0.0013308970900990178
0
0.0009875047056074494
0
0
0
0
0
0
0.000713964084785432
0
0.0011506747392132732
0
0.0009810420856208129
0
0
0
0
0
0.002488326844637317
0.0021284007325320002
0
0
0
0
0.001338338662631224
0
0.0005644252819660793
0.0018098006167920832
0
0
0
0
0
0
0.00229932742539428
0
0
0
0.0026194280217723986
0
0
0
0
0.000823545589851761
0
0
0.0007802978814402511
0
0
0.004359040016758303
0.0043653081207227235
0.0020291688620471485
0.0007987890449846442
0.0008074163522908824
0.0006594578570374678
0.0007658283558394245
0
0
0.0014268609218516853
0
0.0021076116501680398
0.0007690974805473271
0
0
0
0.0006282769716645277
0
0.009217658416800346
0.00731176480255606
0.0021738681766924717
0
0
0
0
0
0
0.003288871250942892
0
0
0
0.0011312179904700633
0
0
0.003778493950436672
0
0.0014932138594577569
0
0
0.0007469145855415685
0
0.001669913480519717
0
0
0
0
0.0016319236856043816
0
0
0
0
0.0008789035258338924
0.0014014515935366512
0.0028644437308201504
0.0014060155549030057
0.003275526834724882
0.0053468309211711
0
0.0020195166941413575
0
0
0
0
0
0.0021614273893594605
0
0
0
0
0
0
0.0007144989381941716
0.0011595801123974764
0.007975948302166292
0.0019484963724851786
0
0
0
0
0
0
0
0
0
0.0010067237256994753
0.0027070960967898942
0.0014594243557842874
0
0.0026210855674429364
0
0
0.0029063548763639396
0
0
0.001088058083532407
0.0010743186269526572
0.0016726205001626106
0.0011567520887092297
0
0
0.002047065180578827
0.0011678078103873294
0
0
0
0
0
0
0
0.005959504498317479
0
0.0019064661583295455
0.003060263592210748
0.0009631774056913494
0
0
0
0.007350838747869341
0
0
0
0.0005339732723195178
0.0020410227626995003
0.0009172368130676095
0
0
0
0.0011567520887092297
0.0009071973553624525
0.001673526359090773
0
0.004627008354836919
0
0.0030705977708682403
0
0.004408572920333888
0
0.0008309429294172259
0
0
0
0.0006974687097664089
0
0
0
0
0
0.003179317994615461
0.0019406406324907553
0
0
0.006187372769244773
0.0008762012103706877
0
0
0
0
0
0
0.0023770062148202615
0.0010833218825318485
0
0.0011141307533894583
0.0003730755980948323
0
0
0
0
0.0017858163017186685
0
0
0
0.0009810420856208129
0
0.008201398570829662
0.0010195129872226862
0.0006624338757071664
0.0009059724117457292
0
0
0
0
0
0.011912338545061534
0
0
0
0.0006945021994028064
0
0.00116037913557624
0
0
0
0
0.0009593020856885245
0
0
0
0
0.0049335892074056755
0
0.00078605634794542
0.001962090590447432
0
0.0024225290572129814
0
0
0.0006096543444316563
0.002250977965044063
0
0
0.0011111547347197597
0.0016924348085616088
0
0
0
0.0009703203162453776
0.0005620530661272948
0
0
0.005997615940838391
0.002219361824277654
0
0.0014333015229975753
0
0.0008026708457574994
0.0007408376343851685
0
0
0.0007949710925220106
0
0
0
0
0
0.0027724695411388773
0
0.0012403181829597884
0
0.0030645766086325387
0.0007746788167114216
0
0
0
0
0
0
0
0
0
0
0.0034083151198766467
0
0
0
0
0
0
0.0010723962836887047
0
0
0
0
0.001753478325170513
0.0011010292420373339
0
0
0.002523853832524039
0
0
0.0006129153217265077
0.004472282207695547
0.0005586079705865381
0
0
0
0.0005379434604177106
0.0011585585279947576
0
0
0
0
0
0
0
0
0
0.002498154847331244
0.0011895546729865224
0
0
0
0.0010668700859704147
0
0
0
0
0
0.0007343696619978575
0
0.001977532076944909
0.0025702295306917265
0.006720503937884191
0
0.001222729872756789
0
0.0018873946514848545
0
0.0029086140139912764
0
0
0.0011038774529453688
0
0
0.003438454828500258
0.004222640701838078
0
0.00116037913557624
0
0
0.0007668325085662404
0
0.0027753773113663514
0.0009616195053691612
0
0.0016428280409002097
0
0
0
0
0
0
0
0
0.001316388016977335
0
0
0.0021270781011701314
0
0
0
0
0
0
0.0027555685035312518
0
0
0.001523053068164955
0
0
0.0006503455753774889
0
0
0
0
0.001747509754083112
0.0012302241458335722
0
0
0
0.0008993483849897092
0.005411699965272733
0
0.0007147668277526922
0.0008849617321865761
0
0
0
0
0.0006984660315012057
0.001469247116001254
0.002358338302028071
0.0011867335147494585
0
0
0.0019953217075401445
0.0012508711945839195
0
0
0.0007182778215017071
0.0026158256793932634
0
0
0.0010794205087351029
0
0
0
0
0
0
0.0009639602943818413
0
0
0
0
0.002033086628363706
0
0
0
0
0
0
0.006884931311864985
0.0006660996710772731
0
0
0
0
0
0.0008677593245371513
0
0
0
0
0.0025848704129790337
0
0
0
0.004415509811781475
0
0
0.0030789683508629243
0
0
0
0
0
0
0
0
0
0
0
0
0
0
0
0.0010349594567622897
0
0
0
0.0010718091292497287
0.002491503614055239
0
0.000934537892887147
0
0
0
0
0.00539067397103323
0.0008698411885071514
0
0.0027215920660873575
0
0.0016744339890052591
0.003239303957032203
0
0.0008911822969857228
0
0.0016753433968443182
0
0
0
0.004040794726506962
0
0
0
0
0
0.001068095029587138
0.0008546641320394514
0
0
0
0
0.0021442959077738167
0
0
0
0
0
0
0
0
0
0
0
0
0.002279268842102067
0
0.004197497369119739
0
0.0016262516164530759
0
0
0
0
0
0
0
0
0
0
0
0
0.0025353174409689654
0
0
0
0
0
0.0014509265123014584
0
0
0
0
0
0
0
0
0
0.0009011362727246424
0.000992283170557088
0.0014285563947091682
0
0
0.0009146859491921233
0
0.00289897478656265
0.0005003624968243741
0
0
0.005688684514066659
0
0
0
0
0.005416013684862225
0.0014889293625043576
0
0
0
0.004946422371814363
0
0
0
0
0.0007810099257921225
0
0.0008832937517639032
0
0
0.0015237092556288116
0
0.0014220884378128044
0.0034566534639625954
0
0.0020917188128225235
0
0
0
0.0011038774529453688
0
0
0.005874654069965923
0
0
0
0
0
0.001475715590608461
0
0
0
0
0.0007661625909968033
0
0.0008390411789530756
0
0
0
0
0
0
0
0.002759448061365134
0
0.002512666482673036
0
0
0
0
0
0.0031059221513565606
0
0
0.0009543725051236453
0.002088882274280169
0.0009639602943818413
0
0
0
0
0
0
0
0
0
0
0
0.004003311866503435
0
0
0
0
0
0
0
0
0
0
0
0.0010644394221200678
0
0
0
0
0.000936619756857147
0
0
0
0
0
0
0
0
0
0
0
0
0
0
0
0.001003166082789876
0
0
0
0
0.0028077711765629055
0
0
0
0
0.000667626105828006
0
0.0025394542303109418
0.001924146171725935
0
0
0
0
0
0
0
0
0
0
0
0
0
0
0
0
0.0012277677601951003
0.0013449797638912745
0
0.00101167675697084
0.0007118369104338092
0
0
0.0009760319714919422
0
0
0
0
0
0
0
0
0
0
0
0
0
0
0
0
0.001575132713318027
0
0
0
0
0
0
0
0
0
0
0
0
0
0
0.057091993628207834
0
0
0
0
0
0
0
0
0
0
0
0
0
0
0
0
0
0
0
0.020748530769903663
0
0.0012403181829597884
0
0
0
0.0015417862601443272
0.00117049706997803
0
0
0
0
0
0
0.0009577698934806897
0
0.0020195166941413575
0.0009810420856208129
0
0
0
0.0010003971480486333
0.0007246227255641572
0.0021169436739939857
0.0013344372888344782
0
0
0
0.0019792806762000048
0
0
0
0
0
0
0
0
0
0
0
0
0.0020436917359775075
0
0
0
0
0
0
0
0
0
0
0
0
0
0
0
0
0.0008450707718971937
0
0
0.003965595515639061
0
0
0
0.007967235796802481
0.011049909841755905
0
0
0
0
0
0
0
0
0
0
0
0
0
0.001117145422731801
0
0
0
0
0
0
0
0
0
0.0007223960775392177
0
0.0015343363875363802
0
0
0
0.001824884668313971
0
0
0
0
0
0
0.0007795880145974422
0
0
0
0
0
0
0
0
0
0
0
0
0.0011082163881849585
0.001036026705891498
0
0
0.0009480498209479461
0
0
0
0
0
0
0
0
0
0
0
0.0007068616503124657
0
0
0.007613922404292573
0
0
0
0
0
0
0
0
0
0.0025616285797800528
0.005191097878883007
0
0
0
0
0
0
0
0
0.0014184101300888827
0
0
0
0
0
0
0
0
0.0007658283558394245
0.001422824590486705
0.0011248579686065267
0
0
0
0
0.0019124954970142305
0.0009277301827909259
0
0
0
0.0015894540689338538
0.0015069427579546804
0
0
0
0
0
0
0
0
0
0
0.0010349594567622897
0
0.00092572620248807
0
0.005221534537924723
0.0009146859491921233
0
0.003497784705373256
0
0.009960849416338173
0
0
0
0
0
0
0
0
0
0
0
0
0.001106761046259797
0
0
0
0
0
0
0
0
0
0
0.0027770267720233564
0.003023566986055923
0
0
0
0
0
0
0
0
0.0008883340860776879
0
0
0
0
0.0011774409884065386
0
0
0
0
0
0
0
0
0
0
0
0
0
0.0006713754953756846
0
0
0
0.0010392582143684264
0
0
0
0
0
0
0
0
0
0
0
0
0.000784965697810426
0
0
0.0015191353018483976
0.0010820141254013343
0
0
0
0
0.001185446136055371
0
0
0
0
0
0
0
0
0
0
0
0
0
0
0
0
0
0
0
0.0034364558931603314
0
0
0
0
0
0
0.006183056262347323
0
0
0
0
0
0
0
0
0
0
0.0013019948695273383
0.004236514440180241
0
0
0
0
0.001106761046259797
0
0
0.0018816807017751995
0
0
0
0
0
0.000832718282443748
0
0
0.0008318289086481221
0
0
0
0
0
0
0
0
0.004398843926117599
0.0014172309155612035
0.0010693264716088867
0
0
0.00112019975991321
0.0009270602652214888
0
0.004243361972105187
0
0
0
0
0
0
0.0014404629161547465
0
0
0
0.0007835194234950509
0
0.0032059978973590373
0
0
0.0010381760386242733
0
0
0
0
0
0
0
0.0012953622389692938
0
0
0
0
0
0
0
0
0
0
0
0
0
0
0
0
0.002210629543888844
0
0
0
0
0
0.0008906098521168292
0
0
0
0
0
0
0
0.0009593020856885245
0
0
0
0
0.0049462190768885
0.000887768613747632
0
0.023106791406426994
0
0
0
0
0
0
0
0
0
0
0
0
0
0
0
0
0
0
0
0.0010693264716088867
0
0.0020656791347115466
0.0019637754392446438
0
0
0
0
0
0.005257537631707574
0
0
0
0
0
0
0
0
0.0010145844310235743
0.0010632335686202757
0
0
0
0
0
0
0
0
0
0.0019201439822526263
0
0
0
0
0
0
0
0.0016271789829305518
0.0005647059667363065
0
0
0
0
0
0
0.002269979930614393
0
0
0
0
0.0012229316211740135
0.000931790804296849
0.0008993483849897092
0
0
0
0
0.0013632331682843339
0.0056632019868914085
0
0
0.0012045357596015573
0
0
0
0
0.0019792806762000048
0.0012352163011773427
0
0.0030987152668456863
0
0
0
0
0
0
0.0008762012103706877
0
0
0.0013278726328004135
0
0.00116037913557624
0
0
0
0
0
0
0
0
0
0
0
0
0
0
0
0
0
0
0
0
0
0
0
0
0
0.0018357578663826147
0
0
0
0
0
0
0
0
0
0
0
0
0
0.0033821645575472076
0
0
0.002791867340059393
0
0
0
0
0.00110244897904231
0
0.004811985742822224
0
0
0
0
0
0
0
0
0
0
0
0
0
0.0030067182892682793
0
0
0
0
0.0007919613093285874
0
0
0
0
0
0
0
0.0008900388154778175
0
0
0
0
0
0
0.0017599866451237772
0
0
0.0011232948227891304
0.001026593640494138
0
0
0
0
0
0
0
0
0
0
0
0
0
0
0
0
0
0
0
0.0007628417006413627
0
0.0011895546729865224
0
0
0.000969515718293547
0
0
0
0
0
0
0
0
0
0
0
0
0
0
0
0.002716087066430593
0
0
0
0.0007824406007474773
0
0.0007923354049400871
0.0017939715123583618
0
0
0
0
0
0
0
0
0
0
0.0008611193963612777
0.004224508428780446
0
0
0
0.000931790804296849
0
0
0
0
0.0009408403508875998
0
0
0
0.0007556987900873345
0
0
0
0
0.0011567520887092297
0
0
0
0
0
0
0
0
0
0
0
0
0
0
0
0
0.0006776861129021833
0
0
0
0
0
0
0
0
0
0.0013423067297991212
0.007651613258497002
0
0
0
0
0
0
0
0
0
0
0
0
0
0
0.030692057643193
0
0
0
0.0011394211860237561
0.004045704621871968
0
0
0
0
0
0
0
0.0011038774529453688
0
0
0
0
0
0
0
0
0
0.0010392582143684264
0
0
0
0
0
0
0
0.001256333241336518
0.0010255687987557173
0.001446653317055898
0
0.0014662813087058663
0
0
0
0
0
0
0
0
0
0
0
0
0
0
0
0
0
0.002802431714368948
0.0010469780894279627
0
0
0
0
0
0
0
0
0
0
0
0
0.0020806909177398364
0
0
0
0
0
0
0
0
0
0.0016412515506688142
0.005688785956257809
0
0.0012229316211740135
0
0
0
0
0
0
0
0
0
0
0
0
0.0012481876239244312
0
0.0019438758550144753
0
0
0
0
0
0.0014285563947091682
0.0009671185237355505
0
0
0
0
0
0
0
0
0
0
0
0
0
0
0
0.0012135515054966977
0
0
0
0
0
0
0
0
0
0.05097760207793654
0.03774772972021448
0
0.0015894540689338538
0
0.0009191685269342512
0
0
0
0
0
0
0
0.003204285088761414
0
0
0
0
0.001744940106520827
0
0
0.004106448973659542
0
0
0
0
0.0013862347705694386
0
0
0
0
0
0
0
0
0
0
0
0
0
0
0
0
0
0
0
0
0
0
0
0
0.0020252838807702143
0
0
0
0
0
0
0.0014344333232106283
0
0
0.0013268259093491043
0
0
0
0
0
0
0
0
0
0
0
0
0
0
0
0
0
0
0.0010668700859704147
0
0
0
0
0.000895229432970426
0
0
0
0
0
0
0
0
0
0
0
0
0
0
0
0
0
0
0
0
0
0
0
0
0
0
0
0
0
0
0
0
0
0
0
0
0.0008363102500813053
0
0
0
0
0
0
0
0
0
0
0
0.0005765164262454531
0
0
0
0
0
0
0
0
0
0
0
0
0
0.000994061924676301
0
0
0
0
0
0
0
0
0
0
0
0
0
0
0
0
0
0
0
0
0
0
0
0
0
0
0
0
0
0
0
0
0
0
0
0
0
0
0
0.0048711198352262355
0.0007257441107242468
0
0
0
0
0
0
0.0008098259892580507
0
0
0.0015471324447941242
0
0
0
0
0
0
0
0
0
0.0025130150952664774
0
0.0010392582143684264
0
0
0
0.0010040964498737987
0
0
0.002017610110133626
0
0
0
0
0
0
0
0
0
0
0
0
0
0.0008940658903001511
0
0
0
0
0
0
0
0
0.005484162010940605
0
0
0
0
0
0
0
0
0
0
0
0
0
0
0.0024796891752263414
0
0
0
0
0
0
0
0.002445863242348027
0
0
0
0.004131358269423093
0
0
0
0
0
0
0
0
0
0
0.0006992168449105974
0
0
0
0
0.0007641643610672304
0
0
0
0
0.007175142785921852
0
0
0
0
0
0
0
0.00125358615274622
0
0
0
0
0
0.0010469780894279627
0
0
0
0.013946569625541937
0
0
0
0.0015757711273789116
0
0
0
0
0
0.002762896984405945
0
0
0
0
0
0
0
0
0
0
0.0011328356017319232
0
0
0
0
0.0022020584840746677
0.001899037959004364
0
0
0
0
0
0
0
0
0
0.0010656515725335199
0
0
0.0013676547548606326
0
0
0
0
0
0
0
0
0.0019603990421559344
0.0009509974958172886
0
0
0
0.0535246439663847
0
0
0
0
0.00466237267309724
0.0010469780894279627
0
0
0.0033745739058195804
0
0
0.0048727767431629
0.0010549635645248365
0
0
0
0
0
0
0
0
0
0
0
0.002889532217074048
0
0.0011186675677053752
0
0
0
0
0
0
0
0
0
0.0009570075733318526
0.006741865007928532
0.003330873129774992
0
0
0
0
0
0
0
0.0011186675677053752
0
0
0
0
0
0
0
0
0
0
0
0
0
0
0.006092552095480799
0
0
0
0
0
0
0
0
0
0
0
0
0
0
0
0
0
0.003316724206743485
0
0
0.0013767589129742078
0
0.0024528775127231547
0
0
0
0
0
0
0
0
0
0
0
0
0
0
0
0
0
0
0
0
0
0
0
0
0
0
0
0
0
0
0
0
0
0
0.0011622141354618281
0
0
0
0
0
0.0007602187769519632
0
0
0
0
0
0
0
0
0
0
0
0
0.0010538058250840199
0
0
0
0
0
0
0
0
0
0.0015673300717647903
0
0.001350452347211208
0
0
0
0
0
0
0
0
0
0
0
0
0
0
0
0.0030615341440492503
0
0
0
0
0
0
0
0
0
0
0
0
0
0
0
0
0
0
0
0
0
0
0
0
0
0
0
0
0
0.002692687620560113
0
0.005418539663220577
0
0
0
0
0
0
0.0011814090555744357
0
0
0.0028375901161053346
0
0
0
0
0
0
0
0
0
0.003022700042871787
0
0
0
0
0
0
0
0.0012112645286064907
0
0
0
0
0
0
0
0
0.0009198160204550447
0
0
0.0008975741627723072
0
0
0
0.0032780654355646036
0
0
0
0
0
0.000931790804296849
0
0
0
0
0
0
0
0
0
0
0
0
0
0
0
0
0
0
0
0
0.001350452347211208
0
0.0012735356489859428
0
0
0
0
0
0
0
0
0
0
0
0
0
0
0
0
0
0
0
0.0010886278570156115
0.0009191685269342512
0
0
0
0
0
0
0
0
0
0
0
0
0
0
0
0
0
0
0
0
0
0
0.0019247942971288897
0
0
0
0
0
0
0
0.0010768555514030264
0
0
0
0
0
0.0020441122030215152
0
0
0
0
0
0.002762896984405945
0
0
0
0
0
0
0
0
0
0.0009134209527279717
0
0
0
0.002480636365919577
0.005168462658778995
0.004208903802596892
0
0
0
0
0
0
0
0
0
0
0
0
0
0
0
0
0
0
0
0
0
0
0
0
0
0.002441101635956574
0
0
0
0
0
0
0
0
0
0
0
0.0009198160204550447
0
0
0.001185446136055371
0
0
0
0
0
0
0
0
0
0.0010370988845953733
0
0
0
0.0009011362727246424
0.001030738862731837
0.0010846370490907337
0.0008363102500813053
0
0
0
0
0
0
0
0
0
0
0.0020370377377731345
0
0
0
0
0
0
0.0020511375975114346
0.0011895546729865224
0
0
0.0010276230270001422
0.0020119368922437582
0
0
0
0
0
0
0
0
0
0
0
0.0010469780894279627
0
0
0
0
0
0
0
0
0
0
0
0
0
0
0
0
0
0
0
0
0
0
0
0
0
0.0009380181121504109
0
0
0
0
0
0
0
0
0.005653586657648044
0
0
0
0
0
0
0
0
0
0
0
0
0
0.0012591132299731743
0
0
0.0016601206378735703
0
0
0
0
0
0
0
0
0
0
0
0
0
0
0
0
0
0
0
0
0
0
0.0013546349158051444
0
0
0
0
0
0
0
0
0
0
0
0
0
0
0
0
0
0
0
0
0
0
0.0013344372888344782
0
0
0
0
0
0
0
0
0
0
0.003517791138580931
0
0.0010349594567622897
0
0
0
0
0.0012253370963447533
0
0
0
0
0.0012302241458335722
0
0.0013268259093491043
0
0
0
0
0
0
0
0.0026317145462513443
0
0
0
0
0
0
0
0.0015032044040238066
0
0
0
0
0
0
0
0.004474670270821501
0
0
0
0
0
0
0
0
0
0
0
0.0009444170977197364
0.0028015442006745625
0
0
0.0008436653612870019
0.001030738862731837
0
0
0
0
0
0
0
0.006940512532255378
0
0
0
0
0
0
0
0.0012302241458335722
0
0
0
0
0
0
0
0
0
0
0
0
0
0
0
0
0
0
0.013323388399747053
0.005454281861491117
0
0
0
0
0.0020939561788559254
0
0
0
0
0
0
0
0
0
0
0
0
0.0015894540689338538
0
0.0010656515725335199
0
0.0013344372888344782
0
0
0
0
0
0
0
0
0
0
0
0
0.002765308226354887
0
0
0
0
0
0
0
0
0
0
0.0012676587204844827
0
0
0
0
0
0
0.008486723944210375
0
0
0
0
0
0
0
0.002391714261973951
0
0
0
0.0009768595170268762
0
0.0011296115738394748
0
0
0
0
0
0
0
0
0
0
0
0
0
0
0
0
0
0
0
0
0
0
0
0
0
0
0
0
0.0046488565418473125
0
0.0008536867567988887
0
0
0
0
0
0.0027443244056623525
0
0
0
0
0
0
0.0013862347705694386
0
0
0
0
0
0
0.0030736453854920557
0.0012429117996260199
0
0
0
0
0
0
0.0020390259744453723
0
0
0
0
0
0
0
0
0
0
0
0
0
0
0
0
0
0
0
0
0
0
0
0.0008740617825376041
0
0
0
0
0
0
0
0
0
0
0
0
0
0
0
0
0.008642777496928478
0
0
0
0
0
0
0
0
0
0
0
0
0.0021169436739939857
0
0
0
0
0
0
0
0
0
0
0
0
0
0
0
0
0
0
0
0
0.001411768868808605
0
0.000583414743147521
0
0
0
0
0
0
0
0
0
0
0
0
0.0037689997240095536
0
0
0
0
0
0
0
0
0
0
0
0
0
0
0.0010954355671118324
0
0
0
0
0
0
0
0
0
0
0
0
0
0
0
0.0011479249309587097
0
0
0
0
0.003824990994028461
0
0.0026688745776689564
0
0
0.0013123132916654148
0.0021313031450670397
0
0.0012826398070995178
0
0
0
0
0
0
0
0
0
0
0
0
0
0
0
0.0024858235992520398
0
0.0024271030109933953
0
0.0031409342682838883
0
0
0
0
0.0013721622028311762
0
0
0
0
0
0.0012023354940596486
0
0.0011010292420373339
0
0.006484282168078382
0
0
0
0
0
0
0
0
0.004135588368342184
0
0
0.001422824590486705
0
0
0
0
0
0
0
0
0
0
0
0
0
0.0013721622028311762
0
0
0
0
0
0
0
0.0011659282351244187
0.0020119368922437582
0.0015894540689338538
0
0
0
0
0
0
0
0
0
0
0
0
0
0
0
0
0
0
0
0.0038910039203828993
0
0
0
0
0
0
0.002690957268537543
0
0
0.0026846134595982425
0
0
0
0
0
0
0.00311129665378612
0.0011394211860237561
0
0
0
0.002571511285662425
0
0
0
0
0
0
0
0
0
0.001422824590486705
0
0
0
0
0
0
0
0
0.004021209631928326
0
0
0.0037445628717732936
0.002577827744369843
0
0
0
0
0
0
0
0
0
0
0
0
0.003720954548879365
0
0
0.0010538058250840199
0.001446653317055898
0
0
0
0
0
0.0026317145462513443
0
0
0.0014285563947091682
0
0.0015113500214358935
0
0.0009735668905199227
0.0038860867169078816
0
0
0
0
0.0015471324447941242
0
0.0014344333232106283
0
0
0
0
0
0
0
0
0
0
0
0
0
0
0.003626336302171408
0
0
0.0009760319714919422
0
0
0.0010743186269526572
0
0
0
0
0
0
0
0
0
0
0
0
0
0
0
0
0
0
0.0013423067297991212
0.002082875639669926
0
0
0
0.0014064323975401048
0
0
0
0
0
0
0
0
0
0
0
0
0
0
0
0
0
0
0
0
0
0
0
0
0.001422824590486705
0
0
0
0
0
0
0.002085070691292928
0
0
0
0.001276530868307184
0.0022465896455782608
0
0
0
0
0
0
0
0
0
0
0.0013123132916654148
0
0
0.0012647751271700543
0
0
0
0
0
0
0
0
0
0
0.001279565241930061
0
0
0
0
0
0
0
0
0
0
0.0014953349630591637
0
0
0
0
0
0
0
0
0
0.0007311459457407344
0
0
0
0
0
0
0
0
0
0
0.0015285524290853181
0
0
0
0
0
0.0012429117996260199
0
0
0
0
0
0
0
0
0
0
0.0024179997280832856
0
0
0.005564487280233031
0
0
0
0
0.0015471324447941242
0
0
0
0
0
0
0.0013632331682843339
0
0.006206492494642525
0
0.0013588942330447443
0
0
0
0
0
0
0
0
0
0
0
0
0
0
0
0
0
0
0
0
0
0
0.0013546349158051444
0
0
0
0
0
0
0
0
0
0
0
0
0
0
0
0
0
0
0
0
0
0
0
0.005401809388844832
0
0
0.0013814484922029726
0
0
0
0
0
0.0025907244779385876
0
0
0
0
0
0
0
0
0
0
0
0
0
0
0
0
0
0
0
0
0
0
0.0018595032290413616
0
0
0
0
0
0
0
0
0
0
0.0010286569987618367
0.0011678078103873294
0
0
0
0
0
0
0
0
0
0
0
0
0
0.001068095029587138
0
0.0012089998640416428
0
0
0
0
0
0
0
0
0
0
0
0
0
0
0
0
0
0
0
0
0
0.0030753131743977867
0
0
0.0012508711945839195
0
0
0
0
0
0
0
0
0
0
0
0
0
0
0
0
0
0
0
0
0
0
0
0
0
0
0
0
0
0
0
0
0
0
0
0
0
0.004039031430840169
0
0
0
0
0.01868716869523692
0
0.010905865346274671
0
0
0
0
0
0
0
0
0
0
0
0
0
0
0
0
0
0
0
0
0
0
0
0
0
0
0
0
0
0
0
0
0
0
0
0
0.0012455347233154192
0
0
0
0
0
0
0
0
0
0.001043638085376872
0
0
0
0
0
0
0.002354881976813077
0
0
0
0
0
0
0
0
0
0
0
0
0
0
0
0
0
0
0
0
0
0
0
0
0
0
0
0
0
0
0
0
0
0
0
0
0
0
0
0
0
0
0
0
0
0
0
0.000994061924676301
0
0
0
0
0
0
0
0
0
0
0
0.003616588127521251
0
0
0
0
0
0
0
0
0
0
0
0
0
0
0
0.00856451585081977
0
0
0
0
0
0
0
0
0
0
0
0
0.00348113740672872
0
0.0014404629161547465
0
0
0
0
0
0
0
0
0
0
0
0
0
0
0
0
0
0
0
0
0.0008894691801571196
0
0
0
0
0
0
0
0
0
0
0
0
0
0
0
0
0
0
0
0
0
0
0
0.00161391101314412
0
0
0
0
0
0
0
0
0
0
0
0.0034033936942338247
0
0
0
0
0
0
0
0.0011895546729865224
0
0
0
0
0
0
0
0
0
0.013017607013866206
0
0
0
0
0.0033792951363107917
0
0
0
0
0
0
0
0
0
0
0
0
0
0
0
0
0
0
0
0
0
0
0
0
0
0
0
0
0
0
0
0
0
0
0
0
0
0
0
0
0
0
0
0
0
0
0
0.003574909610869567
0
0
0
0.0016412515506688142
0.0011916365369565225
0
0
0
0
0
0
0.0012277677601951003
0
0.001026593640494138
0
0
0
0
0
0
0
0
0
0
0
0
0
0
0
0
0
0
0
0
0
0
0.0014344333232106283
0
0
0
0.014397048657017346
0
0
0
0
0
0
0
0
0
0
0
0
0
0
0
0.0063676676498945
0
0
0
0
0
0
0
0
0
0
0
0
0
0
0
0
0
0
0.0013344372888344782
0
0
0
0
0.001672247695660579
0
0
0
0
0
0
0
0
0
0
0
0
0
0
0
0
0.0009776900233750387
0
0
0
0
0
0
0
0
0
0
0
0
0
0
0
0
0
0
0
0
0.01005030560899733
0
0
0
0
0
0.0012253370963447533
0
0
0
0
0
0
0
0
0.0019201439822526263
0
0
0
0
0
0
0
0
0
0
0
0
0
0
0.004930827213897657
0
0.0012647751271700543
0
0
0.0012986548654762473
0
0
0
0
0
0
0
0
0
0
0
0
0
0
0
0
0
0
0
0
0.0035034234311619884
0
0
0
0.0014064323975401048
0
0
0
0
0
0.007919939903056998
0
0
0
0
0
0
0
0
0
0
0
0
0
0
0.0010705644813524713
0
0
0
0
0
0
0
0
0
0
0
0
0
0
0
0
0
0
0
0
0
0
0
0
0
0
0
0
0
0
0
0
0
0
0
0
0
0
0
0
0
0
0
0
0
0
0
0
0
0
0
0
0
0
0
0
0
0
0
0
0
0
0
0
0
0
0
0
0
0
0
0
0.0032543579658611036
0
0
0.0022373351354107503
0
0
0
0
0
0
0
0
0
0
0
0
0.001043638085376872
0
0
0
0
0
0.0012112645286064907
0
0
0
0
0
0
0
0
0
0
0
0
0
0.003962071772864175
0
0
0
0
0
0
0
0
0.002317117055989515
0
0
0
0
0
0
0
0
0
0.0026039897390546765
0
0
0
0.0022465896455782608
0
0
0
0
0
0
0
0
0
0
0
0
0
0
0
0
0
0
0
0
0.0012889138721849215
0.0014404629161547465
0
0.00534047514793569
0
0
0
0.0021692740981814674
0
0
0
0
0
0
0
0
0.0020081928997475974
0
0
0
0
0
0
0
0
0
0
0
0
0
0.0012619269162620194
0
0
0
0
0
0.003459542534345321
0
0.0011296115738394748
0
0
0
0
0
0
0
0
0
0
0
0.001276530868307184
0
0
0.001446653317055898
0.0013194562022194431
0
0
0
0
0
0
0
0
0
0
0
0.022950933171370053
0
0
0
0
0
0
0
0
0
0
0
0
0
0
0
0
0
0
0
0
0
0
0
0
0
0
0
0
0
0
0
0
0
0
0
0
0
0
0
0
0.0013721622028311762
0
0
0
0
0
0
0
0
0
0
0
0
0
0
0
0
0
0.005190880193121366
0
0
0
0
0
0.00220489795808462
0
0
0
0
0
0
0
0
0
0
0
0
0
0
0
0
0
0
0
0
0
0
0
0
0
0
0
0
0
0
0
0
0
0
0
0
0
0
0
0
0
0
0
0
0
0.023470792292195855
0
0
0.006444569360924608
0
0
0
0.0008900388154778175
0
0
0
0
0
0
0
0
0
0
0
0
0
0
0
0
0.0014404629161547465
0
0
0
0
0
0
0
0
0
0
0
0
0
0
0
0
0
0
0
0
0
0
0
0
0
0
0
0
0
0
0
0
0.0013862347705694386
0
0
0.00453405006430768
0
0.06428379613368773
0
0
0
0.0015197919072694299
0
0
0
0
0.0010097583470706788
0
0
0
0
0
0
0
0
0
0
0.012067570806359472
0
0
0
0
0.002403330981287208
0
0
0
0
0
0.0013721622028311762
0
0.001459552539700933
0
0
0
0
0
0
0
0.002571511285662425
0
0
0
0
0
0
0
0
0
0
0
0
0
0.00518013352945749
0.0008566313156492406
0
0
0
0.0014803538764441287
0
0
0
0
0
0
0
0
0
0
0
0.001446653317055898
0
0
0
0.0009250620352919159
0.0028128647950802096
0
0.0013158572731256722
0
0
0
0
0.0015032044040238066
0
0.006126685481723766
0
0
0
0
0
0
0
0
0
0
0
0
0.0014732109658901003
0
0
0
0
0
0
0
0
0
0
0
0
0
0
0
0.0009976608537700723
0
0
0
0
0
0
0
0
0
0
0
0
0
0
0
0
0
0
0
0
0
0
0
0
0
0
0
0
0
0
0
0.0015570116496267138
0
0
0
0
0.0007618546278144058
0
0
0
0
0
0
0
0.0009801995210779672
0
0
0
0.006012817616095226
0
0
0.0030571048581706363
0
0
0
0
0.001105314771944422
0
0.0007366764885476216
0
0
0
0.0015673300717647903
0
0
0
0
0
0
0
0
0
0
0
0
0
0
0
0
0
0
0
0
0
0
0
0
0
0
0
0
0
0
0
0
0
0
0
0
0.0025973097309524946
0
0
0
0
0
0
0
0
0
0
0
0
0
0
0
0
0
0
0
0
0
0
0
0
0
0
0
0.001338338662631224
0
0
0
0
0
0
0
0
0
0
0
0
0
0
0
0
0
0
0
0.0010225211452176968
0
0
0
0
0
0
0
0
0
0
0
0
0
0
0.033840498477518334
0
0
0
0
0
0
0
0
0
0
0
0
0
0
0.0032988544071173064
0
0
0
0
0
0
0
0
0
0
0
0
0
0
0
0.0027264663365686678
0
0
0
0
0
0
0.0014803538764441287
0
0
0
0
0.004209023098231393
0
0
0
0
0
0.0011774409884065386
0.0011264317121035972
0
0
0
0
0
0
0
0
0
0.001422824590486705
0
0
0.002136190059174276
0
0
0
0
0
0
0
0
0
0
0
0
0
0
0
0
0
0
0
0
0
0
0
0
0
0.0015894540689338538
0.0010668700859704147
0.0013268259093491043
0
0
0
0
0
0
0
0
0.004285669184127505
0
0
0
0
0
0
0
0
0
0
0
0.0012481876239244312
0
0
0
0
0
0
0
0
0
0
0
0
0
0
0
0
0
0
0
0
0
0
0
0
0
0
0
0
0
0.003261869849099237
0
0
0
0
0
0
0
0
0
0
0
0
0.0009639602943818413
0
0
0
0
0
0
0
0
0
0
0
0
0
0
0
0
0
0
0
0
0
0
0
0
0.0011186675677053752
0
0
0
0
0
0
0
0
0
0
0
0
0
0
0
0
0
0
0.0026317145462513443
0
0
0
0
0
0
0
0
0
0
0
0
0
0
0
0
0
0
0
0
0
0
0
0
0
0.0029060266778388687
0
0
0
0
0
0
0
0.0012229316211740135
0
0.001218194185790725
0
0
0
0
0
0
0
0
0
0
0
0.0023628181111488714
0
0
0.002523853832524039
0.0011377571912515618
0
0
0
0.0010954355671118324
0
0
0
0
0
0
0
0
0
0
0
0
0
0
0
0
0
0
0
0
0.0014064323975401048
0
0
0
0
0
0
0
0
0
0
0
0
0
0
0
0.002061477725463674
0
0
0
0
0
0
0
0
0
0
0
0
0
0
0
0
0
0
0
0
0
0.0029325626174117325
0.0024271030109933953
0
0
0
0
0
0
0
0
0
0
0
0
0
0
0
0
0
0.0012229316211740135
0
0
0
0.0015570116496267138
0
0
0
0
0
0
0.001411768868808605
0
0
0
0
0
0
0
0
0
0
0
0
0
0
0
0
0
0
0
0
0
0
0
0
0
0
0
0
0
0
0
0
0
0
0
0
0.0025842313293894977
0
0
0
0
0
0
0
0.001185446136055371
0
0
0.002919105079401866
0
0
0
0
0
0
0.0012067570806359473
0
0.0012481876239244312
0.0014344333232106283
0
0
0
0
0
0
0
0
0
0
0
0
0.0009870272567340241
0.005194619461904989
0
0
0
0
0
0
0
0
0
0
0
0.0015894540689338538
0
0
0
0.00125358615274622
0
0
0
0
0
0.0046941584584391715
0
0.0012676587204844827
0
0
0
0
0
0
0
0
0
0
0
0
0
0
0
0
0
0
0
0
0
0
0.001446653317055898
0
0
0
0
0
0
0
0
0
0
0
0
0
0
0
0
0.006565006202675257
0.0016013605903794318
0
0
0
0
0
0
0
0.0012302241458335722
0
0
0
0.004203647571553421
0
0
0
0
0
0
0
0
0
0
0
0
0
0
0.0048040817711382956
0
0.0026246265833308295
0
0
0
0.002285570787694015
0
0
0
0
0
0
0.0014404629161547465
0
0
0
0
0
0
0
0
0
0
0
0
0
0
0
0
0
0
0
0
0
0
0
0
0
0
0
0
0
0
0
0
0
0
0
0
0
0
0
0
0
0
0
0
0
0
0
0
0
0
0
0
0
0
0
0
0
0
0
0.001422824590486705
0
0
0
0
0
0
0
0
0
0
0.01196267970447331
0
0
0
0
0
0
0
0
0
0
0
0
0
0
0
0
0
0
0
0
0
0
0
0
0
0
0
0
0
0
0
0
0
0
0.0009047538983088342
0
0
0
0
0
0
0
0
0
0.0030705977708682403
0
0
0
0
0
0
0
0
0
0
0
0
0
0
0
0
0
0.0011774409884065386
0
0
0
0.001089973520359234
0.0012705785863635125
0
0
0
0
0
0
0
0
0
0
0
0
0
0
0
0.0015285524290853181
0
0
0
0
0
0
0
0
0
0
0.0071995425504128895
0
0
0
0
0
0
0
0
0
0
0
0
0.017218873964380644
0
0
0.00463423411197903
0
0
0.0025842313293894977
0
0
0
0
0
0
0.009118751443616579
0
0
0
0.0014877235835737898
0
0.004768362206801561
0
0
0
0.0010596531437536015
0
0
0
0
0
0
0
0
0
0
0
0
0
0
0
0
0
0
0
0
0
0.0032027211807588636
0.0028688666464212567
0
0.0035812117247413762
0
0
0
0
0.001256333241336518
0
0
0
0
0
0
0
0
0.001215861238749522
0
0
0
0
0
0
0
0
0
0
0
0
0.0013961139754020283
0.04465616028429998
0.0012826398070995178
0
0
0
0
0
0
0
0.0014285563947091682
0
0
0
0
0
0
0
0
0
0
0
0
0
0
0
0
0
0
0
0
0
0
0
0
0
0
0
0
0
0
0
0
0
0
0
0
0
0
0
0
0
0
0
0.0013268259093491043
0
0
0
0.0015376565871988933
0
0.0027443244056623525
0
0
0
0.0013721622028311762
0
0
0
0
0.0013194562022194431
0
0
0
0
0
0.007267587171638943
0
0
0
0
0
0
0
0
0
0
0
0
0
0
0
0
0
0
0
0
0
0
0.0015285524290853181
0
0
0
0
0
0
0
0
0
0
0
0
0
0
0
0
0
0
0
0
0
0
0
0
0
0
0
0
0
0
0
0
0
0
0
0
0
0
0
0
0.00864113872994738
0
0
0
0
0
0
0
0
0
0
0
0
0
0
0
0
0
0
0
0
0
0
0.0014732109658901003
0
0
0
0.008084717192306905
0
0
0
0
0
0
0
0
0
0
0
0
0
0
0
0
0
0
0
0
0
0
0
0
0
0
0
0
0
0
0
0
0
0
0
0
0
0
0
0
0
0
0
0
0
0
0
0
0
0
0
0
0
0
0
0
0
0
0
0
0
0
0
0
0
0
0
0
0
0
0
0
0
0
0
0
0
0
0
0
0
0.0015673300717647903
0
0
0
0
0
0
0
0
0
0.005865125234823465
0
0
0
0.0015197919072694299
0
0
0
0
0
0
0
0
0
0
0
0
0
0
0
0
0
0
0.0025907244779385876
0
0.016714823356805762
0
0
0
0
0
0
0
0
0
0
0
0
0
0
0
0
0
0
0
0
0.0015285524290853181
0
0
0
0
0
0
0
0
0
0
0
0.005063209701925536
0
0
0
0
0
0
0
0
0
0
0
0
0
0
0
0
0
0
0
0
0
0
0
0.0012508711945839195
0
0
0
0
0
0
0
0
0
0
0
0
0
0
0
0
0
0
0
0
0
0
0
0
0
0
0
0
0
0
0
0
0
0
0
0
0
0
0
0
0
0
0
0
0
0.0014803538764441287
0
0
0
0
0
0
0
0
0
0
0
0
0
0
0.0014953349630591637
0
0
0
0
0.0014530133389194344
0
0
0
0.00116037913557624
0
0
0
0
0
0
0
0
0
0
0
0
0
0
0
0
0
0
0
0
0
0
0
0
0
0
0
0
0
0
0
0
0
0
0
0
0
0
0
0.0014953349630591637
0
0
0
0
0
0
0.05230848020109964
0.002663305841242896
0
0
0
0
0
0
0
0
0
0.0010730604868715663
0
0
0
0
0
0
0
0
0
0
0
0
0
0
0
0
0
0
0
0
0
0
0.0012735356489859428
0
0
0
0
0
0
0
0
0
0
0
0
0
0.0012455347233154192
0
0
0
0.0013632331682843339
0
0
0.0016562326372838493
0
0
0
0
0
0
0
0
0
0
0
0
0
0
0
0
0
0
0
0
0
0
0
0
0
0
0
0
0
0
0
0
0
0.0013676547548606326
0
0
0
0
0
0
0
0
0
0
0.001338338662631224
0
0
0
0
0
0
0
0
0
0
0
0
0
0
0
0
0
0
0
0
0
0
0
0
0
0
0
0
0
0
0
0
0
0
0
0
0
0
0
0
0
0
0
0
0
0
0
0
0
0
0
0
0
0
0
0
0
0
0
0
0
0
0
0
0
0
0
0.004203647571553421
0
0
0
0
0
0
0
0
0
0
0
0
0
0
0
0
0
0
0
0
0
0
0
0
0
0
0
0
0
0
0
0
0
0
0
0
0
0
0
0
0
0
0
0
0
0
0
0
0
0
0
0
0
0
0
0
0
0
0
0
0
0
0
0
0
0
0
0
0
0
0
0
0
0
0
0
0
0
0
0.0011264317121035972
0
0
0.001350452347211208
0
0
0
0
0
0
0
0
0.005737733292842513
0
0
0
0
0
0
0
0.0011958571309869754
0
0
0
0
0
0
0
0
0
0
0
0
0
0
0
0
0
0
0
0
0
0
0
0
0.020913810479170725
0
0
0
0
0
0
0
0
0
0.0013423067297991212
0
0
0
0
0
0
0
0
0
0
0
0
0
0
0
0
0.0013053836344811807
0
0
0
0
0
0
0
0
0
0
0
0
0
0
0
0
0
0
0
0
0
0
0
0
0
0
0
0
0
0
0
0
0
0
0
0
0
0
0
0
0
0
0
0.004187912357711851
0
0
0
0
0
0
0
0
0
0
0
0
0
0
0
0
0
0
0
0
0
0
0
0
0
0
0
0
0
0
0
0
0
0
0
0
0
0
0
0
0
0
0
0
0
0
0
0
0
0
0
0
0
0
0
0
0
0
0
0
0
0
0
0
0
0
0
0
0
0
0
0
0
0
0
0
0
0
0
0.001276530868307184
0
0
0
0
0
0
0
0
0
0
0
0.0012508711945839195
0
0
0
0
0
0
0
0
0
0
0
0
0
0
0
0.08048492286384559
0
0
0
0
0
0
0
0
0
0
0
0
0
0
0
0
0
0
0
0
0
0
0
0
0
0
0
0
0
0
0
0
0
0
0
0
0
0
0
0
0
0
0
0
0
0
0
0
0
0
0
0
0
0
0
0.0026612008070323687
0
0
0
0
0
0
0
0
0
0
0
0
0
0
0
0
0
0
0
0
0
0
0
0
0
0.004076682699134233
0
0
0
0
0
0
0
0
0
0.0282004049490059
0
0
0
0
0
0
0
0
0
0
0
0
0
0
0
0
0
0
0
0
0
0
0.0010069101361626438
0
0
0
0
0
0
0
0
0
0
0
0
0
0.0013721622028311762
0
0
0
0
0
0
0
0
0
0
0
0
0
0
0.03378900206620007
0
0
0
0
0
0
0
0
0
0
0
0
0
0
0
0
0.0012327068034744143
0
0
0
0
0
0
0
0
0
0
0
0
0
0
0
0
0
0
0
0
0
0
0
0
0
0
0
0
0
0
0
0
0
0
0
0
0
0
0
0
0
0
0
0.0028688666464212567
0
0
0
0
0
0
0
0
0
0
0
0
0
0
0
0
0
0
0
0
0
0
0
0
0
0
0
0
0
0
0
0
0
0
0
0
0
0
0
0
0
0
0
0
0
0
0
0
0
0
0
0
0
0
0
0
0
0
0
0
0
0
0
0
0
0
0
0
0
0
0
0
0
0
0
0
0
0
0
0
0
0
0
0
0
0
0
0
0
0
0
0
0
0
0
0
0
0
0
0
0
0
0
0
0
0
0
0
0
0
0
0
0
0
0
0
0
0
0
0
0
0
0
0
0
0
0
0
0
0
0
0
0
0
0
0
0
0
0
0
0
0
0
0
0.0014344333232106283
0
0
0
0
0
0
0
0
0
0
0
0
0
0
0
0
0
0
0
0
0
0
0
0
0
0
0
0
0
0
0
0
0
0
0
0
0
0
0
0
0
0
0
0
0
0
0
0
0
0
0
0
0
0
0
0
0
0
0
0
0
0
0
0
0
0
0
0
0
0
0
0
0
0
0
0
0
0.0026688745776689564
0
0
0.002571511285662425
0
0
0
0
0
0
0
0
0.002177255714031223
0
0
0
0
0
0
0
0
0
0
0
0
0
0
0
0
0
0
0
0
0
0
0.002523853832524039
0
0
0
0
0
0
0
0
0
0
0
0
0
0
0
0
0
0
0
0
0
0
0
0
0
0
0
0
0
0
0
0
0
0
0
0
0
0
0
0
0
0
0
0
0
0
0
0
0
0
0
0
0
0
0
0
0
0
0
0
0
0
0
0
0.0012986548654762473
0
0
0
0
0
0
0
0
0
0
0
0
0
0
0
0
0
0
0
0
0
0
0
0
0
0
0
0
0
0
0
0
0
0
0
0
0
0
0
0
0
0
0
0
0
0
0
0
0
0
0
0
0
0
0.0010235325902894134
0
0
0
0
0
0
0
0
0
0
0
0
0
0
0
0
0
0
0
0
0.0032027211807588636
0
0
0
0
0
0
0
0
0
0
0
0
0
0
0
0
0
0
0
0
0
0
0
0
0
0
0
0
0
0
0
0
0
0
0
0
0
0
0
0
0
0
0
0
0
0
0
0
0
0
0
0
0
0
0
0
0
0
0
0
0
0
0
0
0
0
0
0
0
0
0
0
0
0
0
0
0
0
0
0
0
0
0
0
0.0011814090555744357
0
0
0
0
0
0
0
0
0
0
0.003022700042871787
0
0
0
0
0
0
0
0
0
0
0
0
0
0
0
0
0
0
0
0
0
0
0
0.003344495391321158
0
0
0
0
0
0
0
0
0
0
0
0
0
0
0
0
0
0
0
0
0
0
0
0
0
0
0
0
0
0
0
0
0
0
0.011209812509838775
0
0
0
0
0
0
0
0
0
0
0
0
0
0
0
0.0010926884785215345
0
0
0
0
0
0
0
0
0
0
0
0
0
0
0
0
0
0
0
0
0
0
0
0
0
0
0
0
0
0
0
0
0
0
0
0
0
0
0
0
0
0
0
0
0
0
0
0
0
0
0
0
0
0
0
0
0.0014530133389194344
0
0
0
0
0
0
0
0
0
0
0
0
0
0
0
0
0
0
0
0
0.0011659282351244187
0
0
0
0
0
0
0
0
0
0
0
0
0
0
0
0
0
0
0
0
0
0
0
0
0
0
0
0
0
0
0
0
0
0
0
0
0
0
0
0
0
0
0
0
0.0030942648895882483
0
0
0
0
0
0
0
0
0
0
0
0
0
0.001411768868808605
0
0
0
0
0.0012229316211740135
0
0
0
0
0
0
0
0
0
0
0
0
0
0
0
0
0
0
0
0
0
0
0
0
0
0
0
0
0
0
0
0
0
0
0.04239406137513494
0
0
0
0
0
0
0
0
0
0
0
0
0
0
0
0
0
0
0
0
0
0
0
0
0
0
0
0
0
0
0
0
0
0
0
0
0
0
0
0
0
0
0
0
0
0
0
0
0
0
0
0
0
0
0
0
0
0
0
0
0
0
0
0
0
0
0
0
0
0
0
0
0
0.0013306004035161844
0.0012676587204844827
0
0
0
0
0.0012045357596015573
0
0
0
0
0.010901380757458416
0
0
0
0
0
0
0
0
0
0
0
0
0
0.001215861238749522
0.0013546349158051444
0
0
0
0
0
0
0
0
0
0
0
0
0
0
0
0
0
0
0
0
0
0
0
0
0
0
0
0
0
0
0
0
0
0
0
0
0
0
0
0
0
0
0
0
0
0
0
0
0
0
0
0
0
0
0
0
0
0
0
0
0
0
0
0
0
0
0
0
0
0
0
0
0
0
0
0
0
0
0
0
0
0
0
0
0
0
0
0
0
0
0
0
0
0
0
0
0.0028571127894183364
0
0
0
0
0
0
0
0
0
0
0
0.0027443244056623525
0
0
0
0
0
0
0
0
0
0
0
0
0
0
0
0
0.0010705644813524713
0
0
0
0
0
0
0
0
0
0
0
0
0
0
0
0
0.0015032044040238066
0
0
0
0
0
0
0
0
0
0
0
0
0
0
0
0
0
0
0
0
0
0
0
0
0.0019049709797315688
0
0
0
0
0
0
0
0
0
0
0
0
0
0
0
0
0
0
0
0
0
0
0
0
0
0
0
0
0
0
0
0
0
0
0
0
0
0
0
0
0
0
0
0
0
0
0
0
0
0
0
0
0
0
0
0
0
0
0
0
0
0
0
0
0
0
0
0
0
0
0
0
0
0
0
0
0
0
0
0
0
0
0
0
0
0
0
0
0
0
0
0
0
0
0
0
0
0
0
0
0
0
0
0
0
0
0
0
0
0
0
0
0
0
0
0
0
0
0
0
0
0
0
0
0
0
0
0
0
0
0
0
0
0
0
0
0.0027264663365686678
0
0
0
0
0
0
0
0
0
0
0
0
0
0
0
0
0
0
0
0
0
0
0
0
0
0
0
0
0
0
0
0
0
0
0
0
0
0
0
0
0
0
0
0
0
0
0
0
0
0
0
0
0
0
0
0
0
0
0
0
0
0
0
0
0
0
0
0
0
0
0
0
0.00161391101314412
0
0
0
0
0
0
0
0
0
0
0
0
0
0
0.0011814090555744357
0
0
0
0
0
0
0
0
0
0
0
0
0
0
0
0
0.0013814484922029726
0
0
0
0
0
0
0
0
0
0
0
0
0
0
0
0
0
0
0
0
0
0
0
0
0
0
0
0
0
0
0
0
0
0
0
0
0
0
0
0
0
0
0
0
0
0
0
0
0
0
0
0
0
0
0.001411768868808605
0
0
0
0
0
0
0
0
0
0
0
0
0
0
0
0
0
0
0
0
0
0
0
0
0
0
0
0
0
0
0
0
0
0
0
0
0
0
0
0
0
0
0
0
0
0
0
0
0
0
0
0
0
0
0
0
0
0
0
0
0
0
0
0
0
0
0
0
0
0
0
0
0
0
0
0
0
0
0
0
0
0
0
0
0
0
0
0
0
0
0
0
0
0
0
0
0
0
0
0
0
0
0
0
0
0
0
0
0
0
0
0
0
0
0
0
0
0
0
0
0
0
0
0
0
0
0
0
0
0
0
0
0.00322782202628824
0
0
0
0
0
0
0
0
0
0
0
0
0
0
0
0
0
0
0
0
0
0
0
0
0
0
0
0
0
0
0
0
0.001422824590486705
0
0
0
0
0
0
0
0
0
0
0
0
0
0
0
0
0
0
0
0
0
0
0
0
0
0
0
0
0
0
0
0
0
0
0
0
0
0
0
0
0
0
0
0
0
0
0
0
0
0
0
0.0029464219317802006
0
0
0
0
0
0
0
0
0
0.00282353773761721
0
0
0
0
0
0.0010185188688865672
0
0
0
0
0
0
0
0
0
0
0
0
0
0
0
0
0
0
0
0.005737733292842513
0
0
0
0
0
0
0
0
0
0
0
0
0
0
0
0
0
0
0
0
0
0
0
0
0
0
0
0
0
0
0
0
0
0
0
0
0
0
0.0015376565871988933
0
0
0
0
0
0
0
0
0
0
0
0
0
0
0
0
0.001459552539700933
0
0
0
0
0
0
0
0
0
0
0
0
0
0
0
0
0
0
0
0.0014877235835737898
0
0
0
0
0
0
0
0
0
0
0
0
0
0
0
0
0
0
0
0
0
0
0
0
0
0
0
0
0.0011716132444113956
0
0
0
0
0
0
0
0
0
0
0
0
0
0
0
0
0
0
0
0
0
0
0
0
0
0
0
0
0
0
0
0
0
0
0
0
0
0
0
0
0
0
0
0
0
0
0
0
0
0.0013632331682843339
0
0
0
0
0
0
0
0
0
0
0
0
0
0
0
0
0
0
0
0
0
0
0
0
0
0
0
0
0
0
0
0
0
0
0
0
0
0
0
0
0
0
0
0
0
0
0
0
0
0
0
0
0
0
0
0
0
0
0
0
0
0
0
0
0
0
0
0
0
0
0
0
0
0
0
0
0
0
0
0
0
0
0
0
0
0
0
0
0
0
0
0
0
0
0
0
0
0
0
0
0
0
0
0
0
0
0
0
0
0
0
0
0
0
0
0
0
0
0.0013721622028311762
0
0
0
0
0
0
0
0
0
0
0
0
0
0
0
0
0
0
0
0
0
0
0
0
0.0013814484922029726
0
0
0
0
0
0
0
0
0
0
0
0
0
0
0
0
0
0
0
0
0
0
0
0
0
0
0
0
0
0
0
0
0
0
0
0
0
0
0
0
0
0
0
0
0
0
0
0
0
0
0
0
0
0.00322782202628824
0
0
0
0
0
0
0
0
0
0
0
0
0
0.0015197919072694299
0
0
0
0
0
0
0
0
0
0
0
0
0
0
0
0
0
0
0
0
0
0
0
0
0
0
0
0
0
0
0
0
0
0
0
0
0
0
0
0
0
0
0
0
0
0
0
0
0
0
0
0.004768362206801561
0
0
0
0
0
0
0
0
0
0
0
0
0
0
0
0
0
0.001446653317055898
0
0
0
0
0.0014344333232106283
0
0
0
0
0
0
0
0
0
0
0
0
0
0
0
0
0
0
0
0
0
0
0
0
0
0
0
0
0
0
0
0
0
0
0
0
0
0
0
0
0
0.004203647571553421
0
0
0
0
0
0
0
0
0
0
0
0
0
0
0
0
0
0
0
0
0
0
0
0
0
0
0
0
0
0
0
0
0
0
0
0
0
0
0
0
0
0
0
0
0
0
0
0
0
0
0
0
0
0
0
0
0
0
0
0
0
0
0
0
0
0
0
0
0
0
0
0
0
0
0
0
0
0
0
0
0
0
0
0
0
0
0
0
0
0
0
0
0
0
0
0
0
0
0
0
0
0
0
0
0
0
0
0
0
0
0
0
0
0
0
0
0
0
0
0
0
0
0
0
0
0
0
0
0
0
0
0
0
0
0
0
0
0
0
0
0
0
0
0
0
0
0
0
0
0
0
0
0
0
0
0
0
0
0
0
0
0
0
0
0
0
0
0
0
0
0
0
0
0
0
0
0
0
0
0
0
0
0
0
0
0
0
0
0
0
0
0
0
0
0
0
0
0
0
0
0
0
0
0
0
0
0
0
0
0
0
0
0
0
0
0
0
0
0
0
0
0
0
0
0
0
0
0
0
0
0
0
0
0
0
0
0
0
0
0
0
0
0
0
0
0
0
0
0
0
0
0
0
0
0
0
0
0
0
0
0
0
0
0
0
0
0
0
0
0
0
0
0
0
0
0
0
0
0
0
0
0
0
0
0
0
0
0
0
0
0
0
0
0
0
0
0
0
0
0
0
0
0
0
0
0
0
0
0
0
0
0
0
0
0
0
0
0
0
0
0
0
0
0
0
0
0
0
0
0
0
0
0
0
0
0
0
0
0
0
0
0
0
0
0
0
0
0
0
0
0
0
0
0
0
0
0
0
0
0
0
0
0
0
0
0
0
0
0
0
0
0
0
0
0
0
0
0
0
0
0
0
0
0
0
0
0
0
0
0
0
0
0
0
0
0
0
0
0
0
0
0
0
0
0
0
0
0
0
0
0
0
0
0
0
0
0
0
0
0
0
0
0
0
0
0
0
0
0
0
0
0
0
0
0
0
0
0
0
0
0
0
0
0
0
0
0
0
0
0
0
0
0
0
0
0
0
0
0
0
0
0
0
0
0
0
0
0
0
0
0
0
0
0
0
0
0
0
0
0
0
0
0
0
0
0
0
0
0
0
0
0
0
0
0
0
0
0
0
0
0
0
0
0
0
0
0
0
0
0
0
0
0
0
0
0
0
0
0
0
0
0
0
0
0
0
0
0
0
0
0
0
0
0
0
0
0
0
0
0
0
0
0
0
0
0
0
0
0
0
0
0
0
0
0
0
0
0
0
0
0
0
0
0
0
0
0
0
0
0
0
0
0
0
0
0
0
0
0
0
0
0
0
0
0
0
0
0
0
0
0
0
0
0
0
0
0
0
0
0
0
0
0
0
0
0
0
0
0
0
0
0
0
0
0
0
0
0
0
0
0
0
0
0
0
0
0
0
0
0
0
0
0
0
0
0
0
0
0
0
0
0
0
0
0
0
0
0
0
0
0
0
0
0
0
0
0
0
0
0
0
0
0
0
0
0
0
0
0
0
0
0
0
0
0
0
0
0
0
0
0
0
0
0
0
0
0
0
0
0
0
0
0
0
0
0
0
0
0
0
0
0
0
0
0
0
0
0
0
0
0
0
0
0
0
0
0
0
0
0
0
0
0
0
0
0
0
0
0
0
0
0
0
0
0
0
0
0
0
0
0
0
0
0
0
0
0
0
0
0
0
0
0
0
0
0
0
0
0
0
0
0
0
0
0
0
0
0
0
0
0
0
0
0
0
0
0
0
0
0
0
0
0
0
0
0
0
0
0
0
0
0
0
0
0
0
0
0
0
0
0
0
0
0
0
0
0
0
0
0
0
0
0
0
0
0
0
0
0
0
0
0
0
0.0014732109658901003
0
0
0
0
0
0
0
0
0
0
0
0
0
0
0
0
0
0
0
0
0
0
0
0
0
0
0
0
0
0
0
0
0
0
0
0
0
0
0
0
0
0
0
0
0
0
0
0
0
0
0
0
0
0
0
0
0
0
0
0
0
0
0
0
0
0
0
0
0
0
0
0
0
0
0
0
0
0
0
0
0
0
0
0
0
0
0
0
0
0
0
0
0
0
0
0
0
0
0
0
0
0
0
0
0
0
0
0
0
0
0
0
0
0
0
0
0
0
0
0
0
0
0
0
0
0
0
0
0
0
0
0
0
0
0
0
0
0
0
0
0
0
0
0
0
0
0
0
0
0
0
0
0
0
0
0
0
0
0
0
0
0
0
0
0
0
0
0
0
0
0
0
0
0
0
0
0
0
0
0
0
0
0
0
0
0
0
0
0
0
0
0
0
0
0
0
0
0
0
0
0
0
0
0
0
0
0
0
0
0
0
0
0
0
0
0
0
0
0
0
0
0
0
0
0
0
0
0
0
0
0
0
0
0
0
0
0
0
0
0
0
0
0
0
0
0
0
0
0
0
0
0
0
0
0
0
0
0
0
0
0
0
0
0
0
0
0
0
0
0
0
0
0
0
0
0
0
0
0
0
0
0
0
0
0
0
0
0
0
0
0
0
0
0
0
0
0
0
0
0
0
0
0
0
0
0
0
0
0
0
0
0
0
0
0
0.0029607077528882573
0
0
0
0
0
0
0
0
0
0
0
0
0
0
0
0
0
0
0
0
0
0
0
0
0
0
0
0
0
0
0
0
0
0
0
0
0
0
0
0
0
0
0
0
0
0
0
0
0
0
0
0
0
0
0
0.0016271789829305518
0
0
0
0
0
0
0
0
0
0
0
0
0
0
0
0
0
0
0
0
0
0
0
0
0
0
0
0
0
0
0
0
0
0
0
0
0
0
0
0.0012857556428312125
0
0.001672247695660579
0
0
0
0
0
0
0
0
0
0
0
0
0
0.0014803538764441287
0
0
0
0
0
0
0
0
0
0
0
0.0027177884660894887
0
0
0
0
0
0
0
0
0
0
0
0
0
0
0
0
0
0
0
0
0
0
0
0
0
0
0
0
0
0
0
0
0
0
0
0
0
0
0
0
0
0
0
0
0
0
0
0
0
0
0
0
0
0
0.0014803538764441287
0
0
0
0
0
0
0
0
0
0
0
0
0
0
0
0
0
0
0
0
0
0
0
0
0
0
0
0
0
0
0
0
0
0
0
0
0
0
0
0
0
0
0
0
0
0
0
0
0
0
0
0
0
0
0
0
0
0
0
0
0
0
0
0
0
0
0
0
0
0
0
0
0
0
0
0
0
0
0
0
0
0
0
0
0
0
0
0
0
0
0
0
0
0
0
0
0
0
0
0
0
0
0
0
0
0
0
0
0
0
0
0
0
0
0
0
0
0
0
0.0012676587204844827
0
0
0
0
0
0
0
0
0
0
0
0
0
0
0
0
0
0
0
0
0
0
0
0
0
0
0.0015197919072694299
0.0016894501033100037
0
0
0
0
0
0
0
0
0
0
0
0
0
0.0030753131743977867
0
0
0
0
0
0
0
0
0
0
0
0
0
0
0
0
0
0
0
0
0
0.0015032044040238066
0
0
0
0
0
0
0
0
0
0
0
0
0
0
0
0
0
0
0
0
0
0
0
0
0
0
0
0
0
0
0
0
0
0
0
0
0
0
0
0
0
0
0
0
0
0
0
0
0
0
0
0
0
0
0
0
0
0
0
0
0
0
0
0
0
0
0
0
0
0
0
0
0
0
0
0
0
0
0
0
0
0
0
0
0
0
0
0
0
0
0
0
0
0
0
0
0
0
0
0
0
0
0
0
0
0
0
0
0
0
0
0
0
0
0
0
0
0
0
0
0
0
0
0
0
0
0
0
0
0
0
0
0
0
0
0
0
0
0
0
0
0
0
0
0
0
0
0
0
0
0
0
0
0
0
0
0
0
0
0
0
0
0
0
0
0
0
0
0
0
0
0
0
0
0
0
0
0
0
0
0
0
0
0
0
0
0
0
0
0
0
0
0
0
0
0
0
0
0
0
0
0
0
0
0
0
0
0
0
0
0
0
0
0
0
0
0
0
0
0
0
0
0
0
0
0
0
0
0
0
0.0012921156646947488
0
0
0
0
0
0
0
0
0
0
0
0
0
0
0
0
0
0.0016013605903794318
0
0
0
0
0
0
0
0
0
0
0
0
0
0
0
0
0
0
0
0
0
0
0
0
0
0
0
0
0
0
0
0
0
0
0
0
0
0
0
0
0
0
0
0
0
0
0
0
0
0
0
0
0
0
0
0
0
0
0
0
0
0
0
0
0
0
0
0
0
0
0
0
0
0
0
0
0
0
0
0
0
0
0
0
0
0
0
0
0
0
0
0
0
0
0
0
0
0
0
0
0
0
0
0
0
0
0
0
0
0
0
0
0
0
0
0
0
0
0
0
0
0
0
0
0
0
0
0
0
0
0
0
0
0
0
0
0
0
0
0
0.0014404629161547465
0
0
0
0
0
0
0
0
0
0
0
0
0
0
0
0
0
0
0
0
0
0
0
0
0
0
0
0
0
0
0
0
0
0
0
0
0.0011937372415804588
0
0
0
0
0
0
0
0
0
0
0
0
0
0
0
0
0
0
0
0
0
0
0
0
0
0
0
0
0
0
0
0
0
0
0
0
0
0
0
0
0
0
0
0
0
0
0
0
0
0
0
0
0
0
0
0
0
0
0
0
0
0
0
0
0
0
0
0.001728227745989476
0
0
0
0
0
0
0
0
0
0
0
0
0
0
0
0
0
0
0
0
0
0
0
0
0
0
0
0
0
0
0
0
0
0
0
0
0
0
0
0
0
0
0
0
0
0
0
0
0
0
0
0
0
0
0
0
0
0
0
0
0
0
0
0
0
0
0
0
0
0
0
0
0
0
0
0
0
0
0
0
0
0
0
0
0
0
0
0
0
0
0
0
0
0
0
0
0
0
0
0
0
0
0
0
0
0
0
0
0
0
0
0
0
0
0
0
0
0
0
0
0
0
0
0
0
0
0
0
0
0
0
0
0
0
0
0
0
0
0
0
0
0
0
0
0
0
0
0
0
0
0
0
0
0
0
0
0
0
0
0
0
0
0
0
0
0
0
0
0
0
0
0
0
0
0
0
0
0
0
0
0.00484173303943236
0
0
0
0
0
0
0
0
0
0
0
0
0
0
0
0
0
0
0
0
0
0
0
0
0
0
0
0
0
0
0
0
0
0
0
0
0
0
0.00976307389758331
0
0
0
0
0
0
0
0
0
0
0
0
0
0
0
0
0
0
0
0
0
0
0
0
0
0
0
0
0
0
0
0
0
0
0
0
0
0
0
0
0
0
0
0
0.0013961139754020283
0
0
0
0
0
0
0
0
0
0
0
0
0
0
0
0
0
0
0
0
0
0.0014344333232106283
0
0
0
0
0
0
0
0
0
0
0
0
0
0
0
0
0
0
0
0
0
0
0
0
0
0
0
0
0
0
0
0
0
0
0
0
0
0
0
0
0
0
0
0
0
0
0
0
0
0
0
0
0
0
0
0
0
0
0
0
0.001446653317055898
0
0
0.036048591650590184
0
0
0
0
0
0
0
0
0
0
0
0
0
0
0
0
0
0
0
0
0
0
0
0
0
0
0
0
0
0
0
0
0
0
0
0
0
0
0
0.0014732109658901003
0
0
0
0.0031789081378677075
0
0
0
0
0
0
0
0
0
0
0
0
0
0
0
0
0
0
0
0
0
0
0
0
0
0
0
0
0
0
0
0
0
0
0
0
0
0
0
0
0
0
0
0
0
0
0
0
0
0
0
0
0
0
0
0
0
0
0
0
0
0
0
0
0
0
0
0
0
0
0
0.0015894540689338538
0
0
0
0
0
0
0
0
0
0
0
0
0
0
0
0
0
0
0
0
0
0
0
0
0
0
0
0
0
0
0
0
0
0
0
0
0
0
0
0
0
0
0
0
0
0
0
0
0
0
0
0
0
0
0
0
0
0
0
0
0
0
0
0
0
0
0
0
0
0
0
0
0
0
0.001279565241930061
0
0
0
0
0
0
0
0
0
0
0
0
0
0
0
0
0
0
0
0
0
0
0
0
0
0
0
0
0
0
0
0
0
0
0
0
0
0
0
0
0
0
0
0
0
0
0
0
0
0
0
0
0
0
0
0
0
0
0
0
0
0
0
0
0
0
0
0
0
0
0
0
0
0
0
0
0
0
0
0
0
0
0
0
0
0
0
0
0
0
0
0
0
0
0
0
0
0
0
0
0
0
0
0
0
0
0
0
0
0
0
0
0
0
0
0
0
0
0
0
0
0
0
0
0
0
0
0
0
0
0
0
0
0
0
0
0
0
0
0
0
0
0
0
0
0
0
0
0
0
0
0
0
0
0
0
0
0
0
0
0
0
0
0
0
0
0
0.0012953622389692938
0
0
0
0
0
0
0
0
0
0
0
0
0
0
0
0
0
0
0
0
0
0
0
0
0
0
0
0
0
0
0
0
0
0
0
0
0
0
0
0
0
0
0
0
0
0
0
0
0
0
0
0
0
0
0
0
0
0
0
0
0
0
0
0
0
0
0
0
0
0
0
0
0
0
0
0
0
0
0
0
0
0
0
0
0
0
0
0
0
0
0
0
0
0
0
0
0
0
0
0
0
0
0
0
0
0
0
0
0
0
0
0
0
0
0
0
0
0
0
0
0
0
0
0
0
0
0
0
0
0
0
0
0.013756971861767863
0
0
0
0
0
0
0
0
0
0
0
0
0
0
0
0
0.00161391101314412
0
0
0
0
0
0
0
0
0
0
0
0
0
0
0
0
0
0
0
0
0
0
0
0
0
0
0
0
0
0
0
0
0
0
0
0
0
0.001459552539700933
0
0
0
0
0
0
0
0
0
0
0
0
0.004173365460174773
0
0
0
0
0
0
0
0
0
0
0
0
0
0
0
0
0
0
0
0
0
0
0
0
0
0
0
0
0
0
0
0
0
0
0
0
0.0032027211807588636
0
0
0
0
0
0
0
0
0
0
0
0
0
0
0
0
0
0
0
0
0
0
0
0
0
0.0016562326372838493
0
0
0
0
0
0
0
0
0
0
0
0
0
0
0
0
0
0
0
0
0
0
0.004982138893261677
0
0
0
0
0
0
0
0
0
0
0
0
0
0
0
0
0
0
0
0
0
0
0
0
0
0
0
0
0
0
0
0
0
0
0.0015376565871988933
0
0
0
0
0
0
0
0
0
0
0
0
0
0
0
0
0
0
0
0
0
0
0
0
0
0
0
0
0
0
0
0
0
0
0
0
0
0
0
0
0
0
0
0
0
0
0
0
0
0
0
0
0
0
0
0
0
0
0
0
0
0
0
0
0
0
0
0
0
0
0
0
0
0
0
0
0
0
0
0
0
0
0
0
0
0
0
0
0
0
0
0
0
0
0
0
0
0
0
0
0
0
0
0.0029607077528882573
0
0
0.001672247695660579
0
0
0
0
0
0
0
0
0
0
0
0
0
0
0
0
0
0
0
0
0
0
0
0
0
0
0
0
0
0
0
0
0
0
0
0
0
0
0
0
0
0
0
0
0
0
0
0
0
0
0
0
0
0
0
0
0
0
0
0
0
0
0
0
0
0
0
0
0
0
0
0
0
0
0
0
0
0
0
0
0
0
0
0
0
0
0
0
0
0.005401809388844832
0
0
0
0
0
0
0
0
0
0
0
0
0
0
0
0
0
0.0036687948635220407
0
0
0
0
0
0
0
0
0
0
0
0
0
0
0
0
0
0
0
0
0
0
0
0
0
0
0
0
0
0
0
0
0
0
0
0
0
0
0
0
0
0
0
0
0
0
0
0
0
0
0
0
0
0
0
0
0
0
0
0
0
0
0
0
0
0
0
0
0
0
0
0
0
0
0
0
0
0
0
0
0
0
0
0
0
0
0
0
0
0
0
0
0
0
0
0
0
0
0
0
0
0
0
0.0015673300717647903
0
0
0
0
0
0.0032543579658611036
0
0
0
0
0
0
0
0
0
0
0
0
0
0
0
0
0
0
0
0
0
0
0
0
0
0
0
0
0
0
0
0
0
0
0
0
0
0
0
0
0.0014953349630591637
0
0
0
0
0
0
0
0
0
0
0
0
0
0
0
0
0
0
0
0
0
0
0
0
0
0
0
0
0
0
0
0
0
0
0
0
0
0
0
0
0
0
0
0
0
0
0
0
0
0
0
0
0
0
0
0
0
0
0
0
0
0
0
0
0
0
0
0
0
0
0
0
0
0
0
0
0
0
0
0
0
0
0
0
0
0
0
0
0
0
0
0
0
0
0
0
0
0
0
0
0.0017748086873688052
0
0
0
0
0
0
0
0
0
0
0
0
0
0
0
0
0
0.006476811194846469
0
0
0
0
0
0
0
0
0
0
0
0
0
0
0
0
0
0
0
0
0
0
0
0
0
0
0
0
0
0
0
0
0
0
0
0
0
0
0
0
0
0
0
0
0
0
0
0
0
0
0
0
0
0
0
0
0
0
0
0
0
0
0
0
0
0
0
0
0
0
0
0
0
0
0
0
0
0
0
0
0
0
0
0
0
0
0
0
0
0
0
0
0
0
0
0
0
0
0
0
0
0
0
0
0
0
0
0
0
0
0
0
0
0.003344495391321158
0
0
0
0
0
0
0
0
0
0
0
0
0
0
0
0
0
0
0
0
0
0
0
0
0
0
0
0
0
0
0
0
0
0
0
0
0
0
0
0
0
0
0
0
0
0
0
0
0
0
0
0
0
0
0
0
0
0
0
0
0
0
0
0
0
0
0
0
0
0
0
0
0
0
0
0
0
0
0
0
0
0
0
0
0
0
0
0
0
0
0
0
0
0
0
0
0
0
0
0
0
0
0
0
0
0
0
0
0
0
0
0.0014064323975401048
0
0
0
0
0
0
0
0
0
0
0
0
0
0
0
0
0
0
0
0
0
0
0
0
0
0
0
0
0
0
0
0
0
0
0
0
0
0
0
0
0
0
0
0
0
0
0
0
0
0
0
0
0
0
0
0
0
0
0
0
0
0
0
0
0
0
0
0
0
0
0
0
0
0
0
0
0
0
0
0
0
0
0
0
0
0
0
0
0
0
0
0
0
0
0
0
0
0
0
0
0
0
0
0
0
0
0
0
0
0
0
0
0
0
0
0
0
0
0
0
0
0
0
0
0
0
0
0
0
0
0
0
0
0
0
0
0
0
0
0
0
0
0
0
0
0
0
0
0
0
0
0
0
0
0
0
0
0
0
0
0
0
0
0
0
0
0
0
0
0
0
0
0
0
0
0
0
0
0
0
0
0
0
0
0
0
0
0
0
0
0
0
0
0
0
0
0
0.0013721622028311762
0
0
0
0
0
0
0
0
0
0
0
0
0
0
0
0
0
0
0
0
0
0
0
0
0
0
0
0
0
0
0
0
0
0
0
0
0
0
0
0.0032027211807588636
0
0
0
0
0
0
0
0
0
0
0
0
0
0
0
0
0
0
0
0
0
0
0.0030571048581706363
0
0
0
0.0032543579658611036
0
0
0
0
0
0
0
0
0
0
0
0
0
0
0
0
0
0
0
0
0
0
0
0
0
0
0
0
0
0
0
0
0
0
0
0
0
0
0
0
0
0
0
0
0
0
0
0
0
0
0
0
0
0
0
0
0
0
0
0
0
0
0
0
0
0
0
0
0
0
0
0
0
0
0
0
0
0
0
0
0
0
0
0
0
0
0
0
0
0
0
0
0
0
0
0
0
0
0
0
0
0
0
0
0
0
0
0
0
0
0
0
0
0
0
0
0
0
0
0
0
0
0
0
0
0
0
0
0
0
0
0
0
0
0
0
0
0
0
0
0
0
0
0
0
0
0
0
0
0
0
0
0
0
0
0
0
0
0
0
0
0
0
0
0
0
0
0
0
0
0
0
0
0
0
0
0
0
0
0
0
0
0
0
0
0
0
0
0
0
0
0
0
0
0
0
0
0
0
0
0
0
0
0
0
0
0
0
0
0
0
0
0
0
0
0
0
0
0
0
0
0
0
0
0
0
0
0
0
0
0
0
0
0
0
0
0
0
0
0
0
0.001459552539700933
0
0
0
0
0
0
0
0
0
0
0
0
0
0
0
0
0
0
0
0
0
0
0
0
0
0
0
0
0
0
0
0
0
0
0
0
0
0
0
0
0
0.013377981565284632
0
0
0
0
0
0
0
0
0
0
0
0
0
0
0
0
0
0
0
0
0
0
0
0
0
0
0
0
0
0
0
0
0
0
0
0
0
0
0
0
0
0
0
0
0
0
0
0
0
0
0
0
0
0
0.09898984997380428
0
0
0
0
0
0
0
0
0
0
0
0
0
0
0
0
0
0
0
0
0
0
0
0
0
0
0
0
0
0
0
0
0
0
0
0
0
0
0
0
0
0
0
0
0
0
0
0
0
0
0
0
0
0
0
0
0
0
0
0
0
0
0
0
0
0
0
0
0
0
0
0
0
0
0
0
0
0
0
0
0
0
0
0
0
0
0
0
0
0
0
0
0
0
0
0
0
0
0
0
0
0
0
0
0
0
0
0
0
0
0
0
0
0
0
0
0
0
0
0
0
0
0
0
0
0
0
0
0
0
0
0
0
0
0
0
0
0
0
0
0
0
0
0
0
0
0
0
0
0
0
0
0
0
0
0
0
0
0
0
0
0
0
0
0
0
0
0
0
0
0
0
0
0
0
0
0
0
0
0
0
0
0
0
0
0
0
0
0
0
0
0
0
0
0
0
0
0
0
0
0
0
0
0
0
0
0
0
0
0
0
0
0
0
0
0
0
0
0
0
0
0
0
0
0
0
0
0
0
0
0
0
0
0
0
0
0
0
0
0
0
0
0
0
0
0
0
0
0
0
0
0
0
0
0
0
0
0
0
0
0
0
0
0
0
0
0
0
0
0
0
0
0
0
0
0
0
0
0
0
0
0
0
0
0
0
0
0
0
0
0
0
0
0
0
0
0
0
0
0
0
0
0
0
0
0
0
0
0
0
0
0
0
0
0
0
0
0
0
0
0
0
0
0
0
0
0
0
0
0
0
0
0
0
0
0
0
0
0
0
0
0
0
0
0
0
0
0
0
0
0
0
0
0
0
0
0
0
0
0
0
0
0
0
0
0
0
0
0
0
0
0
0
0
0.0033789002066200073
0
0
0
0
0
0
0
0
0
0
0
0
0
0
0
0
0
0
0
0
0
0
0
0
0
0
0
0
0
0
0
0
0
0
0
0
0
0
0
0
0
0
0
0
0
0
0
0
0
0
0
0
0
0
0
0
0
0
0
0
0
0
0
0
0
0
0
0
0
0
0
0
0
0
0
0
0
0
0
0
0
0
0
0
0
0
0
0
0
0
0
0
0.0029607077528882573
0
0
0
0
0
0
0
0
0
0
0
0
0
0
0
0
0
0
0
0
0
0
0
0
0
0
0
0
0
0
0
0
0
0
0
0
0
0
0
0
0
0
0
0
0
0
0
0
0
0
0
0
0
0
0
0
0
0
0
0
0
0
0
0
0
0
0
0
0
0
0
0
0
0
0
0
0
0
0
0
0.003156257179571778
0
0
0
0
0
0
0
0
0
0
0
0
0
0
0
0
0
0
0
0
0
0
0
0
0
0
0
0
0
0
0
0
0
0
0
0
0
0
0
0
0
0
0
0
0
0
0
0
0
0
0
0
0
0
0
0
0
0
0
0
0
0
0
0
0
0
0
0
0
0
0
0
0
0
0
0
0
0
0
0
0
0
0
0
0
0
0
0
0
0
0
0
0
0
0
0
0
0
0
0
0
0
0
0
0
0
0
0
0
0
0
0
0
0
0
0
0
0
0
0
0
0
0
0
0
0
0
0
0
0
0
0
0
0
0
0
0
0
0
0
0
0
0
0
0
0
0
0
0
0
0
0
0
0
0
0
0
0
0
0
0
0
0
0
0
0
0
0
0
0
0
0
0
0
0
0
0
0
0
0
0
0
0
0
0
0
0
0
0
0
0
0
0
0
0
0
0
0
0
0
0
0
0
0
0
0
0
0
0
0
0
0
0
0
0
0
0
0
0
0
0
0
0
0
0
0
0
0
0
0
0
0
0
0
0
0
0
0
0
0
0
0
0
0
0
0
0
0
0
0
0
0
0
0
0
0
0
0
0
0
0
0
0
0
0
0
0
0
0
0
0
0
0
0
0
0
0
0
0
0
0
0
0
0
0
0
0
0
0
0
0
0
0
0
0
0
0
0
0
0
0
0
0
0
0
0
0
0
0
0
0
0
0
0
0
0
0
0
0
0
0
0
0
0
0
0
0
0
0
0
0
0
0
0
0
0
0
0
0
0
0
0
0
0
0
0
0
0
0
0
0
0
0
0
0
0
0
0
0
0
0
0
0
0
0
0.05103921937707282
0.04204748718243094
0
0
0
0
0
0
0
0
0
0
0
0
0
0
0
0
0
0
0
0
0
0
0
0
0
0
0
0
0
0
0
0
0
0
0
0
0
0
0
0
0
0
0
0
0
0
0
0
0
0
0
0
0.0030942648895882483
0
0
0
0
0
0
0
0
0
0
0
0
0
0
0
0
0
0
0
0
0
0
0
0
0
0
0
0
0
0
0
0
0
0
0
0
0
0
0
0
0.0014285563947091682
0
0
0
0
0
0
0
0
0
0
0
0
0
0
0
0
0
0
0
0
0
0
0
0
0
0.0032825031013376284
0
0
0
0
0
0
0
0
0
0
0
0
0
0
0
0
0
0
0
0
0
0.001422824590486705
0
0
0
0
0
0
0
0
0
0
0
0
0
0
0
0
0
0
0
0
0
0
0
0
0
0
0.0324772074794909
0
0
0
0
0
0
0
0
0
0
0
0
0
0
0
0
0
0
0
0
0
0
0
0
0
0
0
0
0
0
0
0
0
0
0
0
0
0
0
0
0
0
0
0
0
0
0
0
0
0
0
0
0
0
0
0
0
0
0
0
0
0
0
0
0
0
0
0
0
0
0
0
0
0
0
0
0
0
0
0
0
0
0
0
0
0
0
0
0
0
0
0
0
0
0
0
0
0
0
0
0
0
0
0
0
0
0
0
0
0
0
0
0
0
0
0
0
0
0
0
0
0
0
0
0
0
0
0
0
0
0
0
0
0
0
0
0
0
0
0
0
0
0
0
0
0
0
0
0
0
0
0
0
0
0
0
0
0
0
0
0
0
0
0
0
0
0
0
0
0
0
0
0
0
0
0
0
0
0
0
0
0
0
0
0
0
0
0
0
0
0
0
0
0
0
0
0
0
0
0
0
0
0
0
0
0
0
0
0
0
0
0
0
0
0
0
0
0
0
0
0
0
0
0
0
0
0
0
0
0
0
0
0
0
0
0
0
0
0
0
0
0.010136700619860023
0
0
0
0
0
0
0
0
0
0
0
0
0
0
0
0
0
0
0
0
0
0
0
0
0
0
0
0
0
0
0
0
0
0
0
0
0
0
0
0
0
0
0
0
0
0
0
0
0
0
0
0
0
0
0
0
0
0
0
0
0
0
0
0
0
0
0
0
0
0
0
0
0
0
0
0
0
0
0
0
0
0
0
0
0
0
0
0
0
0
0
0
0
0
0
0
0
0
0
0
0
0
0
0
0
0
0
0
0
0
0
0
0
0
0
0
0
0
0
0
0
0
0
0
0
0
0
0
0
0
0
0
0
0
0
0
0
0
0
0
0
0
0
0
0
0
0
0
0
0
0
0
0
0
0
0
0
0
0
0
0
0
0
0
0
0
0
0
0
0
0
0
0
0
0
0
0
0
0
0
0
0
0
0
0
0
0
0
0
0
0
0
0
0
0
0
0
0
0
0
0
0
0
0
0
0
0
0
0
0
0
0
0
0
0
0
0
0
0
0
0
0
0
0
0
0
0
0
0
0
0
0
0
0
0
0
0
0
0
0
0
0
0
0
0
0
0
0
0
0
0
0
0
0
0
0
0
0
0
0
0
0
0
0
0
0
0
0
0
0
0
0
0
0
0
0
0
0
0
0
0
0
0
0
0
0
0
0
0
0
0
0
0
0
0
0
0
0
0
0
0
0
0
0
0
0
0
0
0
0
0
0
0
0
0
0
0
0
0
0
0
0
0
0
0
0
0
0
0
0
0
0.03822498834766449
0
0
0
0
0
0
0
0
0
0
0
0
0
0
0
0
0
0
0
0
0
0
0
0
0
0
0
0
0
0
0
0
0
0
0
0
0
0
0
0
0
0
0
0
0
0
0
0
0
0
0
0
0
0
0
0
0
0
0
0
