0
0
-1.0622195079113596e-07
0
0
0
0
0
0
0
0
0.001958231417473046
0
0
0.005218015012174851
0.013679413755950054
0.0032488580686300217
0
0
0
0
0
0
0.0012786285935308863
0.0007136938790234574
0
0.002037588967943968
0.012633479755809744
0.003758938522086711
0
0
0
0
0
0.002289172309288849
0.0069501284271806935
0.0038913173419632967
0
0
0
0.0017175153700002947
0.0024981838933925385
0
0
0
0
0
0.02282456042989014
0
0.011986861184827896
0
0
0
0
0.0013090003889667141
0
0
0.0011635798859045423
0
0
0
0.0008660470381008238
0
0
0
0.010229588387211396
0.004581627221935625
0
0
0
0.009312818537550656
0
0
0
0
0
0
0
0
0
0
0
0
0
0.002287521423207424
0
0.003518601480646791
0
0
0
0
0
0
0
0.0030856415278383764
0
0
0.0029404791639894307
0
0
0
0
0.003440864758349251
0.0025057339929639077
0
0.00741144886720268
0
0
0
0
0
0
0
0
0
0
0
0.0021946800449850856
0
0
0
0
0
0
0
0
0.0025727760812225614
0
0
0.004318875437227414
0.004856788304637791
0
0
0
0
0
0
0
0.004795365691638691
0
0
0
0.0030746611904442973
0
0
0
0
0
0
0.003387284311815518
0.002731264807987253
0
0
0
0
0
0
0
0
0
0
0
0
0.0035122596160117666
0
0.001884925321355869
0
0
0
0
0
0.008703633569520915
0
0.004345193865309425
0
0
0
0
0
0
0
0
0.003448130260571946
0
0
0
0
0.002370161228239499
0
0.006602728913706722
0
0.003342419656666314
0.002481868655713388
0
0
0.0016270992544685258
0.004409804316470507
0
0.0035722049575713146
0
0.0022407788698411398
0
0
0.0037437654858115286
0
0
0
0
0
0.004931947753848771
0
0
0.000943742082792859
0
0
0.0023763859855701255
0.00514279339126733
0
0.004201355546685873
0.00826725271127768
0.005573083020364512
0
0
0
0
0
0.004612406545909726
0
0
0
0
0
0.0016506822284266805
0.002333985989199921
0
0
0
0
0
0
0
0.002032342547763023
0
0
0
0
0
0
0
0
0
0
0
0.00377914208841693
0
0
0
0
0
0
0.002777564400168501
0
0
0
0
0
0
0
0
0
0
0
0
0
0.005850070564450791
0.0024760334616403252
0
0
0
0
0.0013198891190076398
0
0
0.0030899472366393297
0
0.0018713012725136645
0
0
0
0.002564432209268008
0
0
0.0037297367736477825
0.002889141377262037
0
0
0.007469500496889235
0
0.005408270694872434
0.008517290595461361
0
0.002822419071557382
0
0
0
0.0020330895132940154
0
0
0
0.014191337604325546
0.004050949918935327
0
0
0
0
0
0
0
0.008356049141665786
0
0
0
0
0
0
0
0.0025304854823165034
0
0
0
0.0021271420203940222
0
0
0
0
0
0.0036025578730622993
0
0
0.004355631368099365
0
0
0
0
0.002468810566863185
0.005018877164367101
0.002208476820543352
0
0
0
0
0.0015406748393195402
0.017964969076179865
0.0030711056264607225
0
0
0
0
0
0
0
0
0
0
0
0
0.0023992890012381977
0
0
0
0.0050114679859278154
0
0
0.0027123659046510828
0.0019671142994622994
0
0.002339880516254228
0
0.0033476415954559607
0
0.005715029787761993
0
0.0022430605068749754
0
0
0
0
0.024833354696531234
0
0
0.0030412516950605083
0
0
0.003237233723876984
0
0
0.0035925020708450165
0
0
0
0.002994272109744317
0
0
0
0
0
0.02341757489880361
0
0.007683143978103826
0
0
0
0.0018527976273659764
0
0
0
0
0.0033648732379495277
0
0.003632434165232396
0
0
0
0
0.0024475998700734117
0.013941279695146061
0
0
0.0033081198016817327
0
0
0.007991640436587443
0
0
0.0017657757009471322
0.0032351118771615315
0.002117429073394551
0
0
0
0
0
0
0
0.008055171100412428
0.0056399630615106165
0
0
0
0
0
0.00530635646355045
0.0015192412849003613
0
0.002336337549545233
0
0.0019602384435749597
0
0
0
0
0
0
0
0.0031449756789798697
0
0
0
0
0
0.004615045846819913
0
0
0
0.0022430605068749754
0
0
0
0
0
0.0034468477120394177
0
0
0
0.00549268706742487
0
0
0
0
0
0
0.004920490277089238
0.005207418929918142
0
0.0025304854823165034
0
0.002685979913797311
0.002616137698831924
0
0
0
0
0
0.005303342144969307
0.0014881650747505216
0
0.0022930174697241455
0
0.005096102737562009
0
0.002206622650680739
0
0
0.0028625170175661675
0
0
0
0
0
0
0
0
0.0027640046106770857
0.002875780876673073
0
0
0.0038398805555343936
0
0
0
0
0
0
0
0.000529872321666166
0
0
0.0016848112653408318
0
0.0033310169928073225
0.002645946329200322
0.0013690972242895734
0
0.003422380134139132
0.002262807338916117
0
0
0
0
0
0
0
0.0017156557686085754
0.0020249185660693647
0
0.003689722051390195
0
0.0018199721958759632
0.002616137698831924
0.002731264807987253
0
0.002575621244072303
0.002881092989772524
0
0
0.005458276555483706
0
0
0.0021540395784586273
0
0
0
0.0012647938692719335
0.0014998174729331615
0
0
0.005326114399688608
0
0
0
0
0
0.0017861024787856573
0
0
0
0
0.002897288118151887
0.001623046557084271
0
0.00172359515024066
0.006332466935619028
0
0
0
0.001162566560482715
0
0.002169449283325009
0
0
0.002656778165358382
0
0
0
0.002405793117868441
0
0.004049837132138729
0.0012413670952367173
0
0
0
0
0.005352125051217626
0
0.0023864680932862725
0
0.0017713040653324717
0
0.0033800769114399653
0.0014802909674649586
0
0
0
0
0.006192804495006942
0.0027844491429390673
0
0
0
0
0
0
0
0
0
0.005294326352090928
0
0
0
0
0.003960436735759085
0.009138334637901554
0.001295717286992557
0
0
0.003286930757256383
0.006149214381744807
0
0.0034390851349187655
0
0.002483335469653123
0
0.0018437348993012006
0.002154936238535516
0
0
0
0.0021032669825876045
0
0
0
0.0028372344960805223
0.0016170133334043257
0
0
0
0
0
0
0.002842247051023207
0
0
0
0.014247522786148176
0
0
0.009330225017487828
0.0019111682213821895
0
0.004254170271756892
0
0.0012220485826928658
0
0.002283156977723214
0
0
0
0
0.0016523689255102604
0.0028540590523366007
0
0
0
0
0
0
0.005359856023348782
0
0
0
0
0
0
0
0
0.0012994368428567156
0
0
0
0
0
0
0
0
0
0
0.001880749319632582
0
0
0
0
0
0.0033816105187035785
0.0021460234498140926
0.002241015515496401
0.0017637766989496279
0.00419183489402108
0
0
0
0.004588244274391797
0
0.0018939629654116075
0.002199459037970827
0
0
0.0020489722837790203
0
0
0.0022088479641319235
0
0
0
0.003608822925241047
0
0.018909367837893282
0.006999796170980334
0
0.006516364459893029
0
0
0
0
0
0
0.002911091233726348
0.0020406055643428277
0
0
0.002510305439447999
0
0
0
0.0042885102043626775
0
0
0.0021451386896753845
0
0
0.0034531075389393107
0
0
0.001998147018171322
0
0
0.00183423885828392
0
0.0034531075389393107
0
0.006037453464955894
0
0
0.0023518282673324654
0.0021937283436576282
0.004588244274391797
0
0
0
0
0.0016553309530212541
0.0024645140965680904
0.0031038097311201856
0
0
0.0024448220882768478
0
0
0
0.004104081900987322
0.004995471124208328
0
0.0013990203954443582
0
0
0
0.010340543136118253
0.0037689637736630713
0
0.0056744689921610445
0
0
0.0028913105402088926
0.007774779989980576
0
0.01343958194437038
0.0015055515499392226
0
0
0.0020867628012293084
0
0
0
0
0.002401883038233509
0
0
0
0
0
0
0
0
0
0.005716768164805535
0
0
0.0057052323063892674
0
0
0.0035156308147317075
0
0
0
0.004755275884239184
0.02111160888388075
0
0
0.0018070685672406592
0.001533571238101655
0.002930908687236482
0.0026343041271301745
0
0
0
0
0
0.00720955155496305
0
0
0.004730445868108515
0
0
0.0015826776783998654
0
0
0
0.00335394403143241
0.01616056337289925
0
0
0
0
0
0
0
0
0
0
0.005923378197756996
0.005032899752369231
0
0
0
0
0
0
0
0
0
0
0.0010714731177283582
0
0
0
0
0.002564432209268008
0
0
0
0
0
0.0018118782073402143
0
0
0
0
0
0
0
0
0.006037453464955894
0
0
0
0
0
0
0
0
0
0
0
0
0
0
0
0.003148726267482022
0
0
0
0
0
0
0
0
0
0.014472807306587687
0
0.0031912363981151494
0.0016202242567296466
0
0
0
0
0
0
0
0
0
0
0.002058220987024518
0
0
0.002127685685954204
0
0
0.004566313955446428
0
0
0
0
0
0
0
0
0
0.0035205856079970604
0
0
0
0
0
0
0
0
0
0
0
0
0
0
0
0
0
0
0
0
0
0.0050515480750022166
0
0
0.006324311966262446
0
0
0
0
0
0.0017602928039985302
0
0.003208644183049075
0
0
0
0
0.0033273800924009432
0
0
0.0027333981431410335
0
0
0
0.003003708215213143
0
0
0
0
0
0.004665626624526269
0
0
0
0
0
0
0.0035925020708450165
0.004218219338515693
0
0
0
0
0
0
0
0
0.002535230460829079
0
0
0.00269398801809598
0
0.002582928561690445
0
0.00493762113372637
0.0020212373492798264
0.009129971486581031
0
0
0
0
0
0
0
0
0
0
0.004756700134279215
0
0
0
0
0
0
0.003780666384758906
0
0
0.0030544841532803083
0
0
0
0
0
0
0
0
0
0.006561312617654626
0.0027333981431410335
0
0.0018677924924841481
0
0
0.008951838969538517
0
0.0016729493379088994
0
0
0
0.005441398692987808
0
0.0023911388154251216
0
0.0020528103293057315
0
0
0.003178617724858137
0
0
0
0
0
0.0017041493271802222
0
0
0
0
0
0
0.0020628939033529026
0.002504217117072484
0
0
0
0
0
0
0.002922343258917916
0
0
0
0
0
0
0
0.0029195123983302815
0
0.004087271745181221
0
0
0
0.0026215358389870035
0.004943380681919058
0
0
0
0
0
0
0.0024922047800706986
0
0
0
0
0
0
0
0
0
0
0
0
0
0
0
0
0
0
0
0
0.004246785808867046
0
0
0
0
0.003540590984541436
0
0
0
0
0
0.012312943276820884
0
0
0
0
0
0
0
0.0019352519556009294
0
0.004832667043772405
0
0
0
0
0
0
0
0.004811586235736882
0
0
0.002564432209268008
0.0016578803506468562
0.005155665990964132
0
0
0.003478751726157841
0
0.00613513784994852
0
0
0.0030199296156528306
0
0
0
0
0
0
0
0
0
0.002616137698831924
0
0
0
0
0
0
0
0
0
0
0
0
0
0
0
0
0
0
0
0
0
0
0
0
0
0.0027937408148349216
0
0.00416544966418103
0
0
0
0
0
0.003322191998772907
0
0
0
0
0.002588063375265173
0.002849837265839957
0
0
0
0
0
0
0
0
0
0.002333985989199921
0
0
0
0
0
0.0021381025645562574
0
0
0
0
0.001593025687251773
0
0
0
0
0
0.00253681965506593
0
0
0
0
0.0061263569900975616
0.003971003499400229
0
0
0
0
0
0
0
0
0.004218001622235533
0
0.0026548761193701115
0
0.0019174221759380332
0.007252988602872336
0
0
0
0
0
0
0
0
0
0
0
0
0
0
0
0
0
0
0
0
0
0
0
0
0
0
0
0.002999634945866323
0.002768493965464648
0
0.0035548272640027884
0
0.013762584467724834
0
0
0.0035548272640027884
0
0
0
0
0
0
0
0.0028007955543886127
0
0
0
0.0027270185091302665
0
0
0
0
0.0030570700203288344
0
0.004416149718435221
0
0
0
0
0
0
0
0
0
0
0
0
0
0
0
0
0
0
0
0
0
0
0
0.005375945879392443
0.0035548272640027884
0.0019806482007880314
0.0010025589463983047
0
0.0019174221759380332
0
0
0
0
0
0
0
0
0
0
0
0.003118876285731679
0
0
0
0
0
0
0
0
0
0
0
0.0020443956067658997
0.006516364459893029
0
0
0
0
0
0
0
0
0
0
0
0
0.011002860536306162
0
0
0
0
0
0
0
0
0
0
0
0
0
0
0
0
0
0
0
0
0.0022461398041125056
0
0
0
0
0
0
0
0
0
0
0
0
0
0
0.003311935386213254
0
0
0
0
0
0.003562193821460512
0
0
0
0
0.0022140050695672537
0
0
0
0
0
0
0
0
0
0.002900025972786989
0
0
0
0
0
0.006243349403460779
0.003039931115855363
0
0
0
0
0
0
0
0
0
0
0
0
0.003967520069606937
0
0.0031304039504717195
0
0
0.0014673706664318502
0
0
0
0
0
0.0044698358240247
0
0
0
0
0
0
0
0
0
0
0
0
0
0
0
0
0
0
0
0
0
0
0
0
0
0
0.004340597261563886
0
0
0.014881121401279247
0
0
0.003208441654085732
0
0
0
0.00305016149563847
0
0.002978547996557912
0
0
0
0
0
0
0
0
0
0
0
0
0
0
0
0
0.002238976777923854
0
0
0
0.003465163849223577
0.0028103195258869307
0
0
0
0
0.0037490617982299506
0
0
0
0
0
0
0
0
0
0
0.003692690206211242
0
0
0
0
0
0
0
0.004060213319394803
0
0
0
0
0.003115077604988587
0
0.0024630880710689237
0
0
0
0
0
0.0036784986405641556
0
0
0
0
0
0.004532385309865073
0
0
0
0
0
0
0
0
0
0
0
0.01636208823130114
0.002199459037970827
0
0
0
0
0
0
0
0
0.003967520069606937
0
0.003498653701590962
0
0
0.0030265303296413046
0
0
0
0.002625159036310975
0
0
0
0
0.007359571196972784
0.005944807119642593
0
0
0
0
0
0
0
0
0
0
0
0
0
0
0
0
0.0035191681407021314
0
0
0
0
0
0
0
0
0
0
0
0
0
0
0
0.0019939052223127696
0
0.015660822637250427
0
0
0
0
0
0
0
0
0
0
0
0.004024291941833809
0
0
0
0
0
0
0
0.003799977117419667
0
0
0
0
0
0
0
0
0
0
0
0
0
0
0
0.0022461398041125056
0
0
0
0
0
0
0
0
0
0
0
0
0
0
0
0.004009639337354625
0
0
0
0
0
0
0
0
0
0
0
0
0
0
0
0
0
0
0
0
0.0024673753312891176
0
0
0
0.0054796788341643825
0
0
0
0.0024774874789378985
0
0
0
0
0
0
0
0
0
0
0.002027878245366275
0
0
0
0
0
0
0
0
0
0.0028175528699029744
0
0
0
0.0023915669071784443
0
0
0
0
0
0
0
0
0
0.002720699346493904
0.002616137698831924
0
0
0
0
0
0
0
0
0.0030467338959715242
0
0
0.0028175528699029744
0
0.0034919534776886273
0
0
0.003927904455959736
0
0
0.002250267784277786
0.033403103566054096
0
0
0
0
0.00419805112533325
0
0
0
0
0
0
0
0
0
0
0
0
0
0
0
0
0
0
0
0
0
0
0
0
0
0
0
0
0
0
0
0
0
0
0
0
0
0.002755115590097442
0
0
0
0
0.004058726053949649
0.002549671458683199
0
0.004281464833500537
0
0
0
0
0
0
0
0
0
0
0
0
0
0
0
0
0
0
0
0
0
0
0
0
0.006221779392107654
0
0
0
0.012079718462611322
0
0
0
0.005762185979545048
0
0
0
0
0
0
0
0
0
0
0
0
0
0
0
0
0
0
0
0.0037017606409150946
0
0
0
0
0.0016218355364666724
0
0.0035475412169813283
0
0.0031500710600695183
0
0
0.0021731274535748456
0
0.0022908136109678124
0
0
0
0.0026761031899405503
0
0
0
0.0035054219492336404
0.003758938522086711
0
0
0
0
0
0
0
0
0
0
0
0
0
0
0
0
0
0
0
0.025164498761846153
0
0
0
0
0
0
0
0
0
0
0
0
0
0
0
0.0020183069416311343
0
0
0.0032488580686300217
0
0
0
0
0
0
0.002960282013765836
0
0
0
0
0
0
0
0
0
0
0
0
0
0
0
0
0
0
0
0
0
0
0
0
0
0
0
0
0
0
0
0
0
0
0
0
0
0.0037490617982299506
0.004416149718435221
0
0
0
0
0
0
0
0
0
0
0
0
0
0
0.0544736208440164
0
0
0
0
0
0
0
0
0
0
0
0
0.005896753870998329
0
0
0.0029847495916661207
0
0
0
0
0
0
0
0
0
0
0
0
0
0
0
0
0
0
0
0
0
0
0
0
0
0.010972783151662883
0
0
0
0
0
0
0.003296840401713414
0
0
0
0
0
0
0
0
0.004494338810693509
0
0
0.002576143091746607
0
0
0
0.002616137698831924
0
0
0
0
0
0
0
0
0.0030640508869070313
0
0
0.0026761031899405503
0
0
0
0
0
0
0
0
0
0
0
0
0
0
0
0
0
0
0.002626978046079778
0
0
0
0
0
0
0
0
0
0
0
0.0038926290325101407
0
0
0
0
0
0
0
0
0
0
0.0043950866556806785
0
0
0
0
0
0
0
0
0
0
0
0
0
0
0
0
0
0
0
0
0
0
0
0
0
0
0
0.003170336044859099
0
0
0
0
0
0
0
0
0
0
0
0
0
0
0
0
0
0
0
0
0
0
0
0
0
0
0
0
0
0
0
0
0
0
0
0
0
0
0
0
0
0
0.0022199135277391506
0.002936680729065225
0
0
0
0
0
0
0
0
0
0
0
0
0
0
0
0
0
0.002481868655713388
0
0
0
0
0
0
0
0
0
0
0
0
0
0
0
0
0
0
0
0
0
0
0
0
0.004054600191218313
0
0
0
0
0
0
0
0
0
0
0
0
0
0
0
0
0
0
0
0
0
0
0
0
0
0
0
0
0
0
0
0
0
0.0032772311449092185
0
0
0
0.0039027442373045056
0
0
0
0
0
0
0
0.0025057339929639077
0
0
0
0
0
0.0038106440116506277
0
0
0
0
0
0
0
0
0
0
0.0027270185091302665
0
0
0
0
0.007385380412422484
0
0
0.0028297856290151052
0
0
0
0
0
0
0
0.0029083076527860277
0
0
0
0
0
0
0
0
0
0
0
0
0
0
0
0
0
0
0
0
0
0
0
0
0
0.009591983032105254
0
0
0
0
0.0030927291436294913
0
0.007855808911919473
0
0
0.003866699423124322
0
0
0
0
0
0
0
0
0
0
0
0
0
0
0
0.002839736062492889
0
0
0
0
0
0
0
0
0
0
0
0
0
0
0.002643576413827596
0
0
0
0.009607532152934035
0
0
0
0
0
0
0
0
0
0
0
0
0.002685979913797311
0
0
0
0
0
0
0
0
0
0
0
0
0
0
0
0
0
0
0
0.0031304039504717195
0.004718202133465402
0.0023726441609668203
0
0
0
0
0
0
0
0
0
0
0
0
0
0
0.0035332037468340195
0
0
0
0.0029572857540406095
0
0
0
0.003692690206211242
0
0
0
0
0
0
0
0.0023316426944616246
0.0020843370860000364
0
0
0
0
0
0
0
0
0
0
0
0
0
0
0
0
0
0
0
0
0
0
0
0
0
0.0028837650040375497
0
0
0
0
0
0
0
0
0
0
0
0
0
0
0
0
0
0
0
0
0
0
0
0
0
0.0028637296900766215
0
0
0
0
0
0.0025027036847161243
0
0
0
0
0
0
0
0
0
0.0034919534776886273
0
0
0
0
0
0
0
0
0
0
0
0
0
0
0
0
0
0
0
0
0
0
0
0
0
0
0
0.0065837674987768045
0
0
0
0
0
0
0
0
0
0
0
0
0
0
0
0
0.0035847948559109663
0
0
0.002729138277741853
0
0.00333787899704637
0
0
0
0
0
0
0
0
0
0
0
0
0
0
0
0
0
0
0.0029395855993111955
0
0
0
0
0
0
0
0
0.003322191998772907
0
0.003927904455959736
0
0
0
0
0
0
0
0
0
0
0
0
0
0
0.0026820116481124476
0
0
0
0
0
0
0
0
0
0
0
0
0.002930908687236482
0
0
0
0
0.003230592085837945
0
0
0
0
0
0
0
0
0
0
0
0
0
0
0
0
0
0
0
0
0
0
0
0
0
0
0
0
0
0
0
0
0
0
0
0
0
0.006425626508899675
0
0
0
0
0
0
0
0
0
0
0
0
0
0
0.002499687088317265
0
0
0
0
0
0
0.002954302900443995
0
0
0
0
0
0
0
0.0029847495916661207
0
0
0
0
0
0
0
0.0023482214055136337
0
0
0
0
0
0
0
0
0
0
0
0
0
0
0
0.0033326088773749612
0
0
0
0
0
0
0
0
0
0
0
0
0.004340597261563886
0
0.002521095655728677
0
0
0
0
0
0
0
0
0
0.002183348327406038
0
0
0
0.0030232218034132187
0
0
0.003459426701575673
0
0
0
0
0
0
0
0
0
0.0033273800924009432
0
0
0
0
0
0
0
0.007756998282381178
0
0
0.0035475412169813283
0
0
0
0
0
0
0
0
0
0.008193794423961759
0
0
0
0
0
0
0
0
0
0
0
0
0
0
0
0
0
0
0
0
0
0
0
0
0
0
0
0
0
0
0
0
0
0
0
0
0
0
0
0
0
0
0
0
0.00543303920896968
0
0
0
0.00238014893064991
0
0
0
0
0
0
0
0
0
0
0.00978868102428573
0
0
0
0
0.0024189948693992274
0
0
0
0
0
0
0
0
0
0
0
0
0
0
0
0
0
0
0
0
0
0
0
0
0
0
0
0
0
0
0
0
0
0
0
0
0
0
0
0
0
0
0
0
0
0
0
0
0
0
0
0
0
0.007440560700639623
0
0
0
0
0
0
0
0
0
0
0
0
0
0
0
0
0
0
0
0
0
0
0
0
0
0.004039273845735181
0
0
0
0
0
0
0
0
0
0
0
0
0
0
0
0.003498653701590962
0
0.004416149718435221
0
0
0
0
0
0
0
0
0
0
0
0.0026644410849755392
0
0
0
0
0
0
0
0
0
0
0.003562193821460512
0
0
0
0
0
0
0
0
0
0
0
0
0
0
0
0
0
0
0
0
0
0
0
0
0
0
0.0036575943838876275
0
0
0
0
0
0
0
0
0
0
0
0
0.0026417116107468885
0
0
0
0
0
0
0
0
0
0
0
0
0
0
0
0
0
0.002960282013765836
0
0
0
0
0
0
0
0
0
0
0
0
0
0
0
0
0
0
0
0
0.003416401020817292
0.003178617724858137
0
0.0029513333335444087
0
0
0.002936680729065225
0
0
0
0
0
0
0
0
0
0.006013842145674218
0
0
0
0
0
0
0
0
0
0
0
0
0
0
0
0
0
0
0
0
0
0
0
0
0
0
0
0.0031304039504717195
0.002227873821320429
0
0
0
0
0
0
0
0
0
0
0
0
0
0
0
0
0.007459473547295565
0.013905457289249738
0
0
0
0
0
0
0
0
0
0
0
0
0
0
0
0
0
0
0
0
0
0
0
0
0.002493694538604976
0
0
0
0
0
0
0
0
0
0
0
0
0
0
0
0
0
0
0
0
0
0
0
0
0
0
0
0
0
0
0
0
0
0
0
0
0
0
0
0
0
0
0
0
0
0
0
0
0
0.002229878835363066
0
0
0
0
0
0
0
0.0037297367736477825
0
0
0
0
0
0
0
0
0
0
0
0
0
0
0
0
0
0
0
0
0
0
0
0
0
0
0
0
0
0
0
0
0
0
0
0
0
0
0
0
0.004599107615569728
0.003322191998772907
0
0
0
0
0
0
0
0.007066407493668039
0
0
0
0
0
0
0
0
0
0
0
0
0
0
0
0
0
0
0
0
0
0
0
0
0.006013842145674218
0
0
0
0
0
0
0
0.009064770619730145
0
0
0
0
0
0
0
0
0
0
0
0
0
0
0
0
0
0
0
0
0
0
0
0
0
0
0
0
0
0
0
0
0
0
0
0
0
0
0
0
0
0
0
0
0
0
0
0
0
0
0
0
0
0
0
0
0
0
0
0
0
0
0
0
0
0
0
0
0
0
0
0
0
0.003387284311815518
0
0
0
0
0
0
0.004024291941833809
0
0
0
0
0
0
0
0
0.0027061834801275306
0
0.003006921072837109
0
0
0
0
0
0
0
0
0
0
0
0
0
0
0
0
0.005408270694872434
0
0
0
0
0
0
0
0
0
0
0
0
0.004532385309865073
0
0
0
0
0
0
0
0
0
0
0
0
0
0
0
0
0
0
0.003758938522086711
0
0
0
0
0
0
0
0
0
0
0
0
0
0
0
0
0
0
0
0
0
0
0
0
0
0
0.0037393292652825156
0
0.004364842357677802
0
0
0
0.003995301867207316
0
0
0
0
0
0
0.004635152429749912
0
0
0
0
0
0
0.004054600191218313
0
0
0
0
0
0
0
0
0
0.0036837415259898146
0
0
0.02233865478680605
0
0
0
0.004251576333147537
0
0
0
0
0
0
0
0
0
0
0
0
0.006292181897490366
0
0
0
0.0036242541035045196
0
0.0030854430966080312
0
0.007216378138236958
0
0
0
0
0
0
0
0
0
0
0
0
0
0
0
0
0
0
0.0030605513163162686
0
0
0
0
0
0
0
0
0.017737706084906643
0
0
0
0
0
0
0
0
0
0
0
0
0
0
0
0
0
0
0
0
0
0
0
0.0034531075389393107
0
0
0
0.0031038097311201856
0
0
0
0
0
0
0
0
0
0
0
0
0
0
0
0
0
0
0.002577832995482066
0
0.003393006807609779
0
0
0
0
0
0
0
0
0
0
0
0
0
0
0
0
0
0
0
0
0
0
0.0024760334616403252
0.003967520069606937
0
0
0
0
0
0
0
0
0
0
0.005587481629669843
0
0
0
0
0
0
0.002576143091746607
0
0
0
0
0
0
0
0
0
0
0
0
0
0
0
0
0
0
0
0
0
0
0
0
0
0
0
0
0
0
0.011464453076695445
0
0
0
0
0
0
0
0.004086352223877817
0.0035475412169813283
0
0.003878499141190589
0
0
0
0
0.008078547691470362
0
0
0
0
0
0
0.0030265303296413046
0
0
0
0
0
0
0
0
0
0
0
0
0
0
0
0
0.004673258038976545
0
0
0
0
0
0
0
0
0
0.0029337884613328258
0.0037689637736630713
0
0
0
0
0
0
0.00317446402502438
0
0
0
0
0
0
0
0
0
0.0031304039504717195
0
0
0
0
0
0
0
0
0
0.002768493965464648
0
0.0030711056264607225
0
0
0
0
0
0
0.01869303215590618
0
0
0
0
0
0
0.004564912085978028
0
0
0
0
0
0
0
0.006740811546318649
0
0.004272742132023924
0
0
0.0035847948559109663
0
0
0
0
0
0
0
0
0
0
0
0
0
0
0
0
0
0
0
0
0
0
0
0
0
0
0
0.0026002006849295545
0
0.0032628936747619098
0.0037689637736630713
0
0
0
0
0
0
0
0
0.003100095701087215
0
0
0
0
0
0
0
0
0
0
0
0
0
0
0
0
0
0
0
0
0
0
0
0.007897395136512365
0
0
0
0
0
0
0
0
0
0
0
0.0036002994306871443
0
0.0025984531959429716
0
0.0036161731964829565
0
0
0.003569642688525929
0
0
0
0.003915205659312607
0
0
0.0029483769354991646
0.0037393292652825156
0
0
0
0
0
0
0
0
0
0
0
0
0
0.003640715845231434
0
0
0
0
0
0.002546435206373333
0
0
0
0
0
0
0.0032488580686300217
0
0
0.0026324650455041214
0
0
0
0
0
0
0
0
0
0
0
0
0
0
0
0
0
0
0
0.004317203048356372
0
0
0
0
0
0
0
0
0
0
0
0
0
0
0
0
0
0
0
0
0
0
0
0
0
0
0
0
0
0
0
0
0
0
0
0
0
0
0
0
0
0
0
0
0
0
0
0
0
0
0.0026702466369033953
0
0
0
0
0
0
0
0
0
0
0
0
0
0
0
0
0.004501371966108478
0
0
0
0
0
0
0
0
0
0
0
0
0
0
0
0
0
0
0
0
0
0
0
0
0
0
0
0
0
0
0
0
0
0.0029663152374457807
0
0
0.004559804585316684
0
0.002994161512696644
0
0
0
0
0
0
0
0
0
0
0
0
0
0
0
0.004501371966108478
0
0
0
0
0
0
0
0
0
0
0
0
0
0
0
0
0.0032581822299465146
0
0.003866699423124322
0
0
0
0
0
0
0
0
0
0
0
0
0
0.007313783557241078
0
0
0
0
0
0
0
0
0.008886728762897448
0
0
0
0
0
0
0
0
0
0
0
0
0
0
0
0
0.004039273845735181
0
0
0
0
0
0
0
0
0
0
0
0
0.004009639337354625
0
0
0
0
0
0
0
0
0
0
0
0
0
0
0
0
0
0
0
0
0
0
0
0
0
0
0
0
0
0
0
0
0
0
0
0
0
0
0
0
0
0
0
0
0
0
0
0
0
0.004756700134279215
0
0
0
0
0
0
0
0
0
0
0
0
0
0
0
0
0
0
0
0
0
0
0
0.0035122596160117666
0
0
0
0
0
0
0
0
0
0
0
0
0
0
0
0
0
0
0
0
0
0
0
0
0
0
0
0
0
0
0
0
0.003398778849438522
0
0
0
0
0
0
0
0
0
0
0
0
0
0
0
0
0
0
0
0
0
0
0.0038214843588984812
0
0
0
0
0
0
0
0
0
0
0
0
0
0
0
0
0
0
0
0
0
0
0
0
0
0
0
0
0
0
0
0
0
0
0
0
0
0
0
0
0
0
0
0
0
0
0
0
0
0
0
0
0
0
0
0
0
0
0
0
0
0
0
0
0
0
0
0
0
0
0.003111300446631469
0
0
0
0
0
0
0
0
0
0
0
0
0
0
0
0
0
0
0
0
0
0
0
0
0
0
0.004119692504260924
0
0
0
0
0
0
0
0
0
0
0.003526149007280328
0
0
0
0
0
0
0
0
0
0
0
0
0
0
0
0
0
0
0
0
0
0
0
0
0
0
0
0
0
0
0
0
0
0
0
0
0
0
0
0
0
0
0
0
0
0
0
0
0
0.008109200382436626
0
0
0
0
0
0
0
0
0
0
0
0
0
0
0
0
0
0
0
0
0
0.004635152429749912
0.0048026953819371825
0
0
0
0
0
0
0
0
0
0
0
0
0
0
0
0
0
0
0.004024291941833809
0
0
0
0
0
0.006178152332906149
0
0
0.002535230460829079
0
0
0
0
0
0
0
0
0
0
0
0
0
0
0
0
0
0
0
0
0
0
0
0
0
0
0
0
0
0
0
0
0
0
0
0
0
0
0
0
0.0037297367736477825
0
0
0
0
0
0
0
0
0
0
0.006316206571493936
0
0
0
0
0
0
0
0
0
0
0
0
0
0
0
0
0
0
0
0
0
0
0
0
0
0
0
0
0
0
0
0
0
0
0.0030746611904442973
0
0
0
0
0
0
0
0
0
0
0
0
0
0
0
0
0
0
0
0
0
0
0
0
0
0
0
0
0
0
0
0
0
0
0
0
0
0
0
0
0
0
0
0
0
0
0
0
0
0
0
0
0
0
0
0
0
0
0
0
0
0
0
0
0
0
0
0.004294602013905918
0
0
0
0
0
0
0
0
0
0
0
0
0
0
0
0
0
0
0
0
0
0
0
0
0
0
0
0
0
0
0
0
0
0
0
0
0.0048026953819371825
0
0
0
0
0
0
0
0.0041547883265845385
0
0
0
0
0
0
0
0
0.0036242541035045196
0
0
0
0
0
0
0
0
0
0
0
0
0
0
0
0
0
0
0
0
0
0
0
0
0
0
0
0
0.002468810566863185
0
0
0
0
0
0
0
0
0
0
0
0
0
0
0
0.004364842357677802
0
0
0.003416401020817292
0
0
0
0
0
0.0031304039504717195
0
0
0
0
0
0
0
0
0
0
0
0
0
0
0
0
0
0
0
0
0
0
0
0
0
0
0
0
0
0
0
0
0
0
0
0
0
0
0
0
0
0
0
0
0
0.04719136423117774
0
0
0
0
0
0
0
0
0
0
0
0
0
0
0
0
0
0
0
0
0
0
0
0
0
0
0
0
0
0
0
0
0
0
0
0
0
0
0.004673258038976545
0
0
0
0.007264868330464792
0
0
0
0
0
0
0
0
0
0
0
0
0.002981641582928913
0
0
0
0
0
0
0
0
0
0
0
0
0
0
0
0
0
0
0
0
0
0
0
0
0
0
0
0
0.004317203048356372
0
0
0
0
0
0
0
0
0
0
0
0
0
0
0
0
0
0
0
0
0
0
0
0
0
0
0
0
0
0
0
0
0
0
0.00680920260550205
0
0
0
0
0
0
0
0
0
0
0
0
0
0
0
0
0
0
0
0
0
0
0
0
0
0
0
0
0
0
0
0
0
0
0
0
0
0.0037689637736630713
0
0
0
0
0
0
0
0
0
0
0
0
0
0
0
0
0
0
0
0
0.002900025972786989
0
0
0
0
0
0
0
0
0
0
0
0
0
0
0
0
0
0
0
0
0
0
0
0
0
0
0
0
0
0.007332393307556465
0.0035925020708450165
0
0
0
0
0
0
0
0
0
0
0
0
0
0
0
0
0
0
0
0
0
0
0.009002743932216955
0
0
0
0
0
0
0
0
0
0
0
0
0
0
0
0
0
0
0
0
0
0
0
0
0
0
0
0
0
0
0
0
0
0
0
0
0
0
0
0
0
0
0
0
0
0
0
0
0
0
0
0
0
0
0.0048026953819371825
0
0
0
0.004364842357677802
0
0
0
0
0
0
0
0
0
0
0.004024291941833809
0
0
0
0
0
0
0
0
0
0
0
0
0
0
0
0
0
0
0
0
0
0
0
0
0.0034284133578190777
0
0
0
0
0
0
0
0
0
0
0
0
0
0
0
0
0
0
0
0
0
0
0
0
0.0038106440116506277
0
0
0
0
0
0
0
0
0
0
0
0
0
0
0
0
0
0
0
0
0
0
0
0
0
0
0
0
0
0
0
0
0
0
0
0
0
0
0
0
0
0
0
0
0
0
0
0
0
0
0
0
0.004173054309376615
0.0038214843588984812
0
0
0
0
0
0
0
0
0
0
0
0
0
0
0
0
0
0
0
0
0
0
0
0
0
0
0
0
0
0
0
0
0
0
0
0
0
0
0
0
0
0
0
0
0
0
0
0
0
0
0
0
0
0
0
0
0
0
0
0
0
0
0
0
0
0
0
0
0
0
0
0
0
0
0
0.014141023360562503
0
0
0
0
0
0
0
0
0
0
0
0
0
0
0
0
0
0
0
0
0
0
0
0
0
0.004054600191218313
0
0
0
0
0
0
0
0
0
0
0
0
0
0
0
0
0
0
0
0
0
0
0
0
0
0
0
0
0.006128101773814063
0
0
0
0
0
0
0
0
0
0
0
0
0
0
0
0
0
0
0
0.0036661966537782325
0
0
0
0
0
0
0
0
0
0
0
0
0
0
0
0
0
0
0
0
0
0
0
0
0
0
0
0
0
0
0
0
0
0
0
0
0
0
0
0
0
0
0
0
0
0
0
0
0
0
0
0
0
0
0
0
0
0
0
0
0
0
0
0
0
0
0.00419183489402108
0
0
0
0
0
0
0
0
0
0
0
0
0
0
0
0
0
0
0
0
0
0
0
0
0
0
0.004364842357677802
0
0
0
0
0
0
0
0
0
0
0
0
0
0.009198215231139456
0
0
0
0
0
0
0
0
0
0
0
0.0028007955543886127
0
0
0
0
0
0
0
0
0
0
0
0
0
0
0
0
0
0
0
0
0
0
0
0
0
0
0
0
0
0
0
0
0
0
0
0
0
0
0
0
0
0
0
0
0
0
0
0
0
0
0
0
0
0
0
0
0
0
0
0
0
0.002960282013765836
0
0
0
0
0.013094527073033409
0
0
0
0
0
0
0
0
0
0
0.0023826694125431806
0
0
0
0
0
0
0
0
0
0
0
0
0
0
0
0
0
0
0
0
0
0
0
0
0
0
0
0
0
0
0
0
0
0
0
0
0
0
0
0
0
0
0
0
0
0
0
0
0
0
0
0
0
0
0
0
0
0
0
0
0
0
0
0
0
0
0
0
0
0
0
0
0
0
0
0
0
0
0
0
0.003404601302751025
0
0
0
0
0
0
0
0
0
0
0
0.0035847948559109663
0
0.004272742132023924
0
0
0
0
0
0
0
0
0
0
0
0
0
0
0
0
0
0
0
0
0
0
0
0
0
0
0
0
0
0
0
0
0
0.003182797466867201
0
0
0
0
0
0
0
0
0
0
0
0
0
0
0
0
0
0
0
0
0
0
0
0
0
0
0
0
0.003866699423124322
0
0
0
0
0
0
0
0
0
0
0
0
0
0
0
0
0
0
0
0
0
0.025912324486405666
0
0
0
0
0
0
0
0
0
0
0
0
0
0
0
0
0
0
0
0
0
0
0
0
0
0
0
0
0
0
0
0
0
0
0.004564912085978028
0
0
0
0.003967520069606937
0
0
0
0
0
0
0
0
0
0
0
0
0
0
0
0
0
0
0
0
0
0
0
0
0
0
0
0
0
0
0
0
0
0
0
0
0
0
0
0
0
0
0
0
0
0
0
0
0
0
0
0
0
0
0
0
0
0
0
0
0
0
0
0
0
0
0
0
0
0.006507007696348167
0
0
0
0
0
0
0
0
0
0
0
0
0
0
0
0
0.004364842357677802
0
0
0
0
0
0
0
0
0
0
0
0
0
0
0
0
0
0
0
0
0
0
0
0
0
0
0
0
0
0
0
0
0
0
0
0
0
0
0
0
0
0
0
0
0.0031304039504717195
0
0
0
0
0
0
0
0.007881699693062275
0
0
0
0
0
0
0
0
0
0
0
0
0
0
0
0
0
0
0.003422380134139132
0
0
0
0
0
0
0
0
0
0
0
0
0
0
0
0
0
0
0
0
0
0
0
0
0
0
0
0
0
0
0
0
0
0
0
0
0.0030433238288603433
0
0
0
0
0
0
0
0
0
0
0
0
0
0
0
0
0
0
0
0
0
0
0
0
0
0
0
0
0
0
0
0
0
0
0
0
0
0
0
0
0
0
0
0
0.0037109561890033183
0
0
0
0
0
0
0
0
0
0
0
0
0
0
0
0
0
0
0
0
0
0
0
0
0
0
0
0
0
0
0
0
0
0
0
0
0
0
0
0
0
0
0
0
0
0
0
0
0
0
0
0
0
0
0
0
0
0
0
0
0
0
0
0
0
0
0
0
0
0
0
0
0
0
0
0
0
0
0
0
0
0
0
0
0
0
0
0
0
0
0
0
0.009664930216849554
0
0
0
0
0
0
0
0
0
0
0
0
0
0
0
0
0
0
0
0
0
0
0.14503632991568233
0
0.0016469026907444697
0
0
0
0
0
0
0
0
0
0
0
0
0
0
0
0
0
0
0
0
0
0
0
0
0
0
0.007935040139213874
0
0
0
0
0
0
0
0
0
0
0
0
0
0
0
0
0
0
0
0.004390002576333034
0
0
0
0
0
0
0
0
0
0
0
0
0
0
0
0
0.004340597261563886
0
0
0
0
0.00333787899704637
0
0
0
0
0
0
0
0
0
0
0
0
0
0
0
0
0
0
0
0
0
0
0
0
0
0
0
0
0
0
0
0
0
0
0
0
0.004756700134279215
0
0
0
0
0
0.003158103285746968
0
0
0
0
0
0
0
0
0
0
0
0
0
0
0
0
0
0
0
0
0
0
0
0
0
0
0
0
0
0
0
0
0
0
0
0
0
0.00419183489402108
0
0
0
0
0
0
0
0
0
0
0
0
0
0
0
0
0
0
0
0
0
0
0
0
0
0
0
0
0
0
0
0
0
0
0
0
0
0
0
0
0
0
0
0
0
0
0
0
0
0
0
0
0
0
0
0
0
0
0
0
0
0
0
0
0
0
0
0
0
0
0
0
0
0
0.004317203048356372
0.003855104927983076
0
0
0
0
0
0
0
0
0
0
0
0
0
0
0
0
0
0
0
0
0
0
0
0
0
0
0
0
0
0
0
0
0.004024291941833809
0
0.0038325038935326213
0
0
0
0
0
0
0
0
0
0
0
0
0
0
0
0
0
0
0
0
0
0
0
0.004599107615569728
0
0
0
0
0
0
0
0
0
0
0
0
0
0
0
0
0
0
0
0
0
0
0
0
0
0
0
0
0
0
0
0
0
0
0
0
0.004673258038976545
0
0
0
0
0
0
0
0
0
0
0
0
0
0
0
0
0
0
0
0
0
0
0
0
0
0
0
0
0
0
0
0
0
0
0
0
0
0
0
0
0
0
0
0
0
0
0
0
0
0
0.004599107615569728
0
0
0
0
0
0
0
0
0
0
0
0
0
0
0
0
0
0
0
0
0
0
0
0
0
0
0
0
0
0
0
0
0
0
0
0
0
0
0
0
0
0
0
0
0
0
0
0
0
0
0
0
0
0
0
0
0
0
0
0
0
0
0
0
0
0
0
0
0
0
0
0
0
0
0
0
0
0
0
0
0
0
0
0
0
0
0
0
0
0
0
0
0
0
0
0
0
0
0
0
0
0
0
0
0
0
0
0
0
0
0
0
0
0
0
0
0
0
0
0
0
0
0
0
0
0
0
0
0
0
0
0
0
0
0
0
0
0
0
0
0
0
0
0
0
0
0
0
0
0
0
0
0
0
0
0
0
0
0
0
0
0
0
0
0
0
0
0
0
0
0
0
0
0
0
0
0
0
0
0
0
0
0
0
0
0
0
0
0
0
0
0
0
0
0
0
0
0
0
0
0
0
0
0
0
0
0
0
0
0
0
0
0
0
0
0
0
0
0
0
0
0
0
0
0
0
0
0
0
0
0
0
0
0
0
0
0
0
0
0
0
0
0
0
0
0
0
0
0
0
0
0
0
0
0
0
0
0
0
0
0
0
0
0
0
0
0
0
0
0
0
0
0
0
0
0
0
0
0
0
0
0
0
0
0
0
0
0
0
0
0
0
0
0
0
0
0
0
0
0
0
0
0
0
0
0
0
0
0
0
0
0
0
0
0
0
0
0
0
0
0
0
0
0
0
0
0
0
0
0
0
0
0
0
0
0
0
0
0
0.0032488580686300217
0
0
0
0
0
0
0
0
0
0
0
0
0
0
0
0
0
0
0
0
0
0
0
0
0
0
0
0
0
0
0
0
0
0
0
0
0
0
0
0
0
0
0
0
0
0
0
0
0
0
0
0
0
0
0
0
0
0
0
0
0
0
0
0
0
0
0
0
0
0
0
0
0
0
0
0
0
0
0
0
0
0
0
0
0
0
0
0
0
0
0
0
0
0
0
0
0
0
0
0
0
0
0
0
0
0
0
0
0
0
0
0
0
0
0
0
0
0
0
0
0
0
0
0
0
0
0
0
0
0
0
0
0
0
0
0
0
0
0
0
0
0
0
0
0
0
0
0
0
0
0
0
0
0
0
0
0
0
0
0
0
0
0
0
0
0
0
0
0
0
0
0
0
0
0
0
0
0
0
0
0
0
0
0
0
0
0
0
0
0
0
0
0
0
0
0
0
0
0
0
0
0
0
0
0
0
0
0
0
0
0
0
0
0
0
0
0
0
0
0
0
0
0
0
0
0
0
0
0
0
0
0
0
0
0
0
0
0
0
0
0
0
0
0
0
0
0
0
0
0
0
0
0
0
0
0
0
0
0
0
0
0
0
0
0
0
0
0
0
0
0
0
0
0
0
0
0
0
0
0
0
0
0
0
0
0
0
0
0
0
0
0
0
0
0
0
0
0
0
0
0
0
0
0
0
0
0
0
0
0
0
0
0
0
0
0
0
0
0
0
0
0
0
0
0
0
0
0
0
0
0
0
0
0
0
0
0
0
0
0
0
0
0
0
0
0
0
0
0
0
0
0
0
0
0
0
0
0
0
0
0
0
0
0
0
0
0
0
0
0
0
0
0
0
0
0
0
0
0
0
0
0
0
0
0
0
0
0
0
0
0
0
0
0
0
0
0
0
0
0
0
0
0
0
0
0
0
0
0
0
0
0
0
0
0
0
0
0
0
0
0
0.0033816105187035785
0
0
0.0037017606409150946
0
0
0
0
0
0
0
0
0
0
0
0
0
0
0
0
0
0
0
0
0
0
0
0
0
0
0
0
0
0
0
0
0
0
0
0
0
0
0
0
0
0
0
0
0
0
0
0
0
0
0
0
0
0
0
0
0
0
0
0
0
0
0
0
0
0
0
0
0
0
0
0
0
0
0
0
0
0
0
0
0
0
0
0
0
0
0
0
0
0
0
0
0
0
0
0
0
0
0
0
0
0
0
0
0
0
0
0
0
0
0
0
0
0
0
0
0
0
0
0
0
0
0
0
0
0
0
0
0
0
0
0
0
0
0
0
0
0
0
0
0
0
0
0
0
0
0
0
0
0
0
0
0
0
0
0
0
0
0
0
0
0
0
0
0
0
0
0
0
0
0
0
0
0
0
0
0
0
0
0
0
0
0
0
0
0
0
0
0
0
0
0
0
0
0
0
0
0
0
0
0
0
0
0
0
0
0
0
0
0
0
0
0
0
0
0
0
0
0
0
0
0
0
0
0
0
0
0
0
0
0
0
0
0
0
0
0
0
0
0
0
0
0
0
0
0
0
0
0
0
0
0
0
0
0
0
0
0
0
0
0
0
0
0
0
0
0
0
0
0
0
0
0
0
0
0
0
0
0
0
0
0
0
0
0
0
0
0
0
0
0
0
0
0
0
0
0
0
0
0
0
0
0
0
0
0
0
0
0
0
0
0
0
0
0
0
0
0
0
0
0
0
0
0
0
0
0
0
0
0
0
0
0
0
0
0
0
0
0
0
0
0
0
0
0
0
0
0
0
0
0
0
0
0
0
0
0
0
0
0
0
0
0
0
0
0
0
0
0
0
0
0
0
0
0
0
0
0
0
0
0
0
0
0
0
0
0
0
0
0
0
0
0
0
0
0
0
0
0
0
0
0
0.003608189069118479
0
0
0
0
0
0
0
0
0
0
0
0
0
0
0
0
0
0
0
0
0
0
0
0
0
0
0
0
0
0
0
0
0
0
0
0
0
0
0
0
0
0
0
0
0
0
0
0
0
0
0
0
0
0
0
0
0
0
0
0
0
0
0
0
0
0
0
0
0
0
0
0
0
0
0
0
0
0
0
0
0
0
0
0
0
0
0
0
0
0
0
0
0
0
0
0
0
0
0
0
0
0
0
0
0
0
0
0
0
0
0
0
0
0
0
0
0
0
0
0
0
0
0
0
0
0
0
0
0
0
0
0
0
0
0
0
0
0
0
0
0
0
0
0
0
0
0
0
0
0
0
0
0
0
0
0
0
0
0
0
0
0
0
0
0
0
0
0
0
0
0
0
0
0
0
0
0
0
0
0
0
0
0
0
0
0
0
0
0
0
0
0
0
0.0035122596160117666
0
0
0
0
0
0
0
0
0
0
0
0
0
0
0
0
0
0
0
0
0
0
0
0
0
0
0
0
0
0
0
0
0
0
0
0
0
0
0
0
0
0
0
0
0
0
0
0
0
0
0
0
0.0035191681407021314
0
0
0
0
0
0
0
0
0
0
0
0
0
0
0
0
0
0
0
0
0
0
0
0
0
0
0
0
0
0
0
0
0
0
0
0
0
0
0
0
0
0
0
0
0
0
0
0
0
0
0
0
0
0
0
0
0
0
0
0
0
0
0
0
0
0
0
0
0
0.0034658063355864402
0
0
0
0
0
0
0
0
0
0
0
0
0
0
0
0
0
0
0
0
0
0
0
0
0
0
0
0
0
0
0
0
0
0
0
0
0
0
0
0
0
0
0
0
0
0
0
0
0
0
0
0.004272742132023924
0
0
0
0
0
0
0
0
0
0
0
0
0
0
0
0
0
0
0
0
0
0
0
0
0
0
0
0
0
0
0
0
0
0
0
0
0
0
0
0
0
0
0
0
0
0
0
0
0
0
0
0
0
0
0
0
0
0
0
0
0
0
0
0
0
0
0
0
0
0
0
0
0
0
0
0
0
0
0
0
0
0
0
0
0
0
0
0
0
0
0
0
0
0
0
0
0
0
0
0
0
0
0
0
0
0
0
0
0
0
0
0
0
0
0
0
0
0
0
0
0
0
0
0
0
0
0
0
0
0
0
0
0
0
0
0
0
0
0
0
0
0
0
0
0
0
0
0
0
0
0
0
0
0
0
0
0
0
0
0
0
0
0
0
0
0
0
0
0
0
0
0
0
0
0
0
0
0
0
0
0
0
0
0
0
0
0
0
0
0
0
0
0
0.0036661966537782325
0
0
0
0
0
0
0
0
0
0
0
0
0
0
0
0
0
0
0
0
0
0
0
0
0
0
0
0
0
0
0
0
0
0
0
0
0
0
0
0
0
0
0
0
0
0
0
0
0
0
0
0
0.003208441654085732
0
0
0
0
0
0
0
0
0
0
0
0
0
0
0
0
0
0
0
0
0
0
0
0
0
0
0
0
0
0
0
0
0
0
0
0
0
0
0
0
0
0
0
0
0
0
0
0
0
0
0
0
0
0
0
0
0
0
0
0
0
0
0
0
0
0
0
0
0
0
0
0
0
0
0
0
0
0
0
0
0
0
0
0
0
0
0
0
0
0
0
0
0
0
0
0
0
0
0
0
0
0
0
0
0
0
0
0
0
0
0
0
0
0
0
0
0
0
0
0
0
0
0
0
0
0
0
0
0
0
0
0
0
0
0
0
0
0
0
0
0
0
0
0
0
0
0
0
0
0
0
0
0
0
0
0
0
0
0
0
0
0
0
0
0
0
0
0
0
0
0
0
0
0
0
0
0
0
0
0
0
0
0
0
0
0
0
0
0
0
0
0
0
0
0
0
0
0
0
0
0
0
0
0
0
0
0
0
0
0
0
0
0
0
0
0
0
0
0
0
0
0
0
0
0
0
0
0
0
0
0
0
0
0
0
0
0
0
0
0
0
0
0
0
0
0
0
0
0
0
0
0
0
0
0
0
0
0
0
0
0
0
0
0
0
0
0
0
0
0
0
0
0
0
0
0
0
0
0
0
0
0
0
0
0
0
0
0
0
0
0
0
0
0
0
0
0
0
0
0
0
0
0
0
0
0
0
0
0
0
0
0
0
0
0
0
0
0
0
0
0
0
0
0
0
0
0
0
0
0
0
0
0
0
0
0
0
0
0
0
0
0
0
0
0
0
0
0
0
0
0
0
0
0
0
0
0
0
0
0
0
0
0
0
0
0
0
0
0
0
0
0
0
0
0
0
0
0
0
0
0
0
0
0
0
0
0
0
0
0
0
0
0
0
0
0
0
0
0
0
0
0
0
0
0
0
0
0
0
0
0
0
0
0
0
0
0
0
0
0
0
0
0
0
0
0
0
0
0
0
0
0
0
0
0
0
0
0
0
0
0
0
0
0
0
0
0
0
0
0
0
0
0
0
0
0
0
0
0
0
0
0
0
0
0
0
0
0
0
0
0
0
0
0
0
0
0
0
0
0
0
0
0
0
0
0
0
0
0
0
0
0
0
0
0
0
0
0
0
0
0
0
0
0
0
0
0
0
0
0
0
0
0
0
0
0
0
0
0
0
0
0
0
0
0
0
0
0
0
0
0
0
0
0
0
0
0
0
0
0
0
0
0
0
0
0
0
0
0
0
0
0
0.004501371966108478
0
0
0
0
0
0
0
0
0
0
0
0
0
0
0
0
0
0
0
0
0
0
0
0
0
0
0
0
0
0
0
0
0
0
0
0
0
0
0
0
0
0
0
0
0
0
0.004251576333147537
0
0
0
0
0
0
0
0
0
0
0
0
0
0
0
0
0
0
0
0
0
0
0
0
0
0
0
0
0
0
0
0
0
0
0
0
0
0
0
0
0
0
0
0
0
0
0
0
0
0
0
0
0
0
0
0
0
0
0
0
0
0
0
0
0
0
0
0
0
0
0
0
0
0
0
0
0
0
0
0
0
0
0
0
0
0
0
0
0
0
0
0
0
0
0
0
0
0
0
0
0
0
0
0
0
0
0
0
0
0
0
0
0
0
0
0
0
0
0
0
0
0
0
0
0
0
0
0
0
0
0
0
0
0
0
0
0
0
0
0
0
0
0
0
0
0
0
0
0
0
0
0
0
0
0
0
0
0
0
0
0
0
0
0
0
0
0
0
0
0
0
0
0
0
0
0
0
0
0
0
0
0
0
0
0
0
0
0
0
0
0
0
0
0
0
0
0
0
0
0
0
0
0
0
0
0
0
0
0
0
0
0
0
0
0
0
0
0
0
0
0
0
0
0
0
0
0
0
0
0
0
0
0
0
0
0
0
0
0
0
0
0
0
0
0
0
0
0
0
0
0
0
0
0
0
0
0
0
0
0
0
0
0
0
0
0
0
0
0.0041547883265845385
0
0
0
0
0
0
0
0
0
0
0
0
0
0
0
0
0
0
0
0
0
0
0
0
0
0
0
0
0
0
0
0
0
0
0
0
0
0
0
0
0
0
0
0
0
0
0
0
0
0
0
0
0
0
0
0
0
0
0
0
0
0
0
0
0
0
0
0
0
0
0
0
0
0
0
0
0
0
0
0
0
0
0
0
0
0
0
0
0
0
0
0
0
0
0
0
0
0
0
0
0
0
0
0
0
0
0
0
0
0
0
0
0
0
0
0
0
0
0
0
0
0
0
0
0
0
0
0
0
0
0
0
0
0
0
0
0
0
0
0
0
0
0
0
0
0
0
0
0
0
0
0
0
0
0
0
0
0
0
0
0
0
0
0
0.004756700134279215
0
0
0
0
0
0
0
0
0
0
0
0
0
0
0
0
0
0
0
0
0.0038106440116506277
0
0
0
0
0
0
0
0
0
0
0
0
0
0
0
0
0
0
0
0
0
0
0
0
0
0
0
0
0
0
0
0
0
0
0
0
0
0
0
0
0
0
0
0
0
0
0
0
0
0
0
0
0
0
0
0
0
0
0
0
0
0
0
0
0
0
0
0
0
0
0
0
0
0
0
0
0
0
0
0
0
0
0
0
0
0
0
0
0
0
0
0
0
0
0
0
0
0
0
0
0
0
0
0
0
0
0
0
0
0
0
0
0
0
0
0
0
0
0
0
0
0
0
0
0
0
0
0
0
0
0
0
0
0
0
0
0
0
0
0
0
0
0
0
0
0
0
0
0
0
0
0
0
0
0
0
0
0
0
0
0
0
0
0
0
0
0
0
0
0
0
0
0
0
0
0
0
0
0
0
0
0
0
0
0
0
0
0
0
0
0
0
0
0
0
0
0
0
0
0
0
0
0
0
0
0
0
0
0
0
0
0
0
0
0
0
0
0
0
0
0
0
0
0
0
0
0
0
0
0
0
0
0
0
0
0
0
0
0
0
0
0
0
0
0
0
0
0
0
0
0
0
0
0
0
0
0
0
0
0
0
0
0
0
0
0
0
0
0
0
0
0
0
0
0
0
0
0
0
0
0
0
0
0
0
0
0
0
0
0
0
0
0
0
0
0
0
0
0
0
0
0
0
0
0
0
0
0
0
0
0
0
0
0
0
0
0
0
0
0
0
0
0
0
0
0
0
0
0
0
0
0
0
0
0
0
0
0
0
0
0
0
0
0
0
0
0
0
0
0
0
0
0
0
0
0
0
0
0
0
0
0
0
0
0
0
0
0
0
0
0
0
0
0
0
0
0
0
0
0
0
0
0
0
0
0
0
0
0
0
0
0
0
0
0
0
0
0
0
0
0
0
0
0
0
0
0
0
0
0
0
0
0
0
0
0
0
0
0
0
0
0
0
0
0
0
0
0
0
0
0
0
0
0
0
0
0
0
0
0
0
0
0
0
0
0
0
0
0
0
0
0
0
0
0
0
0
0
0
0
0
0
0
0
0
0
0
0
0
0
0
0
0
0
0
0
0
0
0
0
0
0
0
0
0
0
0
0
0
0
0
0
0
0
0
0
0
0
0
0
0
0
0
0
0
0
0
0
0
0
0
0
0
0
0
0
0
0
0
0
0
0
0
0
0
0
0
0
0
0
0
0
0
0
0
0
0
0
0
0
0
0
0
0
0
0
0
0
0
0
0
0
0
0
0
0
0
0
0
0
0
0
0
0
0
0
0
0
0
0
0
0
0
0
0
0
0
0
0
0
0
0
0
0
0
0
0
0
0
0
0
0
0
0
0
0
0
0
0
0
0
0
0
0
0
0
0
0
0
0
0
0
0
0
0
0
0
0
0
0
0
0
0
0
0
0
0
0
0
0
0
0
0
0
0
0
0
0
0
0
0
0
0
0
0
0
0
0
0
0
0
0
0
0
0
0
0
0
0
0
0
0
0
0
0
0
0
0
0
0
0
0
0
0
0
0
0
0
0
0
0
0
0
0
0
0
0
0
0
0
0
0
0
0
0
0
0
0
0
0
0
0
0
0
0
0
0
0
0
0
0
0
0
0
0
0
0
0
0
0
0
0
0
0
0
0
0
0
0
0
0
0
0
0
0
0
0
0
0
0
0
0
0
0
0
0
0
0
0
0
0
0
0
0
0
0
0
0
0
0
0
0
0
0
0
0
0
0
0
0
0
0
0
0
0
0
0
0
0
0
0
0
0
0
0
0
0
0
0
0
0
0
0
0
0
0
0
0
0
0
0
0
0
0
0
0
0
0
0
0
0
0
0
0
0
0
0
0
0
0
0
0
0
0
0
0
0
0
0
0
0
0
0
0
0
0
0
0
0
0
0
0
0
0
0
0
0
0
0
0
0
0
0
0
0
0
0
0
0
0
0
0
0
0
0
0
0
0
0
0
0
0
0
0
0
0
0
0
0
0
0
0
0
0
0
0
0
0
0
0
0
0
0
0
0
0
0
0
0
0
0
0
0
0
0
0
0
0
0
0
0
0
0
0
0
0
0
0
0
0
0
0
0
0
0
0
0
0
0
0
0
0
0
0
0
0
0
0
0
0
0
0
0
0
0
0
0
0
0
0
0
0
0
0
0
0
0
0
0
0
0
0
0
0
0
0.0038214843588984812
0
0
0
0
0
0
0
0
0
0
0
0
0
0
0
0
0
0
0
0
0
0
0
0
0
0
0
0
0
0
0
0
0
0
0
0
0
0
0
0
0
0
0
0
0
0
0
0
0
0
0
0
0
0
0
0
0
0
0
0
0
0
0
0
0
0
0
0
0
0
0
0
0
0
0
0
0
0
0
0
0
0
0
0
0
0
0
0
0
0
0
0
0
0
0
0
0
0
0
0
0
0
0
0
0
0
0
0
0
0
0
0
0
0
0
0
0
0
0
0
0
0
0
0
0
0
0
0
0
0
0
0
0
0
0
0
0
0
0
0
0
0
0
0
0
0
0
0
0
0
0
0
0
0
0
0
0
0
0
0
0
0
0
0
0
0
0
0
0
0
0
0
0
0
0
0
0
0
0
0
0
0
0
0
0
0
0
0
0
0
0
0
0
0
0
0
0
0
0
0
0
0
0
0
0
0
0
0
0
0
0
0
0
0
0
0
0
0
0
0
0
0
0
0
0
0
0
0
0
0
0
0
0
0
0
0
0
0
0
0
0.004070287189491776
0
0
0
0
0
0
0
0
0
0
0
0
0
0
0
0
0
0
0
0
0
0
0
0
0
0
0
0
0
0
0
0
0
0
0
0
0
0
0
0
0
0
0
0
0
0
0
0
0
0
0
0
0
0
0
0
0
0
0
0
0
0
0
0
0
0
0
0
0
0
0
0
0
0
0
0
0
0
0
0
0
0
0
0
0
0
0
0
0
0
0
0
0
0
0
0
0
0
0
0
0
0
0
0
0
0
0
0
0
0
0
0
0
0
0
0
0
0
0
0
0
0
0
0
0
0
0
0
0
0
0
0
0
0
0
0
0
0
0
0
0
0
0
0
0
0
0
0
0
0
0
0
0
0
0
0
0
0
0
0
0
0
0
0
0
0
0
0
0
0
0
0
0
0
0
0
0
0
0
0
0
0
0
0
0
0
0
0
0
0
0
0
0
0
0
0
0
0
0
0
0
0
0
0
0
0
0
0
0
0
0
0
0
0
0
0
0
0
0
0
0
0
0
0
0
0
0
0
0
0
0
0
0
0
0
0
0
0
0
0
0
0
0
0
0
0
0
0
0
0
0
0
0
0
0
0
0
0
0
0
0
0
0
0
0
0
0
0
0
0
0
0
0
0
0
0
0
0
0
0
0
0
0
0
0
0
0
0
0
0
0
0
0
0
0
0
0
0
0
0
0
0
0
0
0
0
0
0
0
0
0
0
0
0
0
0
0
0
0
0
0
0
0
0
0
0
0
0
0
0
0
0
0
0
0
0
0
0
0
0
0
0
0
0
0
0
0
0
0
0
0
0
0
0
0
0
0
0
0
0
0
0
0
0
0
0
0
0
0
0
0
0
0
0
0
0
0
0
0
0
0
0
0
0
0
0
0
0
0
0
0
0
0
0
0
0
0
0
0
0
0
0
0
0
0
0
0
0
0
0
0
0
0
0
0
0
0
0
0
0
0
0
0
0
0
0
0
0
0
0
0
0
0
0
0
0
0
0
0
0
0
0
0
0
0
0
0
0
0
0
0
0
0
0
0
0
0
0
0
0
0
0
0
0
0
0
0
0
0
0
0
0
0
0
0
0
0
0
0
0
0
0
0
0.004673258038976545
0
0
0
0
0
0
0
0
0
0
0
0
0
0
0
0
0
0
0
0
0
0
0
0
0
0
0
0
0
0
0
0
0
0
0
0
0
0
0
0
0
0
0
0
0
0
0
0
0
0
0
0
0
0
0
0
0
0
0
0
0
0
0
0
0
0
0
0
0
0
0
0
0
0
0
0
0
0
0
0
0
0
0
0
0.004471737457727922
0
0
0
0
0
0
0
0
0
0
0
0
0
0
0
0
0
0
0
0
0
0.00419183489402108
0
0
0
0
0
0
0
0
0
0
0
0
0
0
0
0
0
0
0
0
0
0
0
0
0
0
0
0
0
0
0
0
0
0
0
0
0
0
0
0
0
0
0
0
0
0
0
0
0
0
0
0
0
0
0
0
0
0
0
0
0
0
0
0
0
0
0
0
0
0
0
0
0
0
0
0
0
0
0
0
0
0
0
0
0
0
0
0
0
0
0
0
0
0
0
0
0
0
0
0
0
0
0
0
0
0
0
0
0
0
0
0
0
0
0
0
0.010455959771359546
0
0
0
0
0
0
0
0
0
0
0
0
0
0
0
0
0
0
0
0
0
0
0
0
0
0
0
0
0
0
0
0
0
0
0
0
0
0
0
0
0
0
0
0
0
0
0
0
0
0
0
0
0
0
0
0
0
0
0
0
0
0
0
0
0
0
0
0
0
0
0
0
0
0
0
0
0
0
0
0
0
0
0
0
0
0
0
0
0
0
0
0
0
0
0
0
0
0
0
0
0
0
0
0
0
0
0
0
0
0
0
0
0
0
0
0
0
0
0
0
0
0
0
0
0
0
0
0
0
0
0
0
0
0
0
0
0
0
0
0
0
0
0
0
0
0
0
0
0
0
0
0
0
0
0
0
0
0
0
0
0
0
0
0
0
0
0
0
0
0
0
0
0
0
0
0
0
0
0
0
0
0
0
0
0
0
0
0
0
0
0
0
0
0
0
0
0
0
0
0
0
0
0
0
0
0
0
0
0
0
0
0
0
0
0
0
0
0
0
0
0
0
0
0
0
0
0
0
0
0
0
0
0
0
0
0
0
0
0
0
0
0
0
0
0
0
0
0
0
0
0
0
0
0
0
0
0
0
0
0
0
0
0
0
0
0
0
0
0
0
0
0
0
0
0
0
0
0
0
0
0
0
0
0
0
0
0
0
0
0
0
0
0
0
0
0
0
0
0
0
0
0
0
0
0
0
0
0
0
0
0
0
0
0
0
0
0
0
0
0
0
0
0
0
0
0
0
0
0
0
0
0
0
0
0
0
0
0
0
0
0
0
0
0
0
0
0
0
0
0
0
0
0
0
0
0
0
0
0
0
0
0
0
0
0
0
0
0
0
0
0
0
0
0
0
0
0
0
0
0
0
0
0
0
0
0
0
0
0
0
0
0
0
0
0
0
0
0
0
0
0
0
0
0
0
0
0
0
0
0
0
0
0
0
0
0
0
0
0
0
0
0
0
0
0
0
0
0
0
0
0
0
0
0
0
0
0
0
0
0
0
0
0
0
0
0
0
0
0
0
0
0
0
0
0
0
0
0
0
0
0
0
0
0
0
0
0
0
0
0
0
0
0
0
0
0
0
0
0
0
0
0
0
0
0.004471737457727922
0
0
0
0
0
0
0
0
0
0
0
0
0
0
0
0
0
0
0
0
0
0
0
0
0
0
0
0
0
0
0
0
0
0
0
0
0
0
0
0
0
0
0
0
0
0
0
0
0
0
0
0
0
0
0
0
0
0
0
0
0
0
0
0
0
0
0
0
0
0
0
0
0
0
0
0
0
0
0
0
0
0
0
0
0
0
0
0
0
0
0
0
0
0
0
0
0
0
0
0
0
0
0
0
0
0
0
0
0
0
0
0
0
0
0
0
0
0
0
0
0
0
0
0
0
0
0
0
0
0
0
0
0
0
0
0
0
0
0
0
0
0
0
0
0
0
0
0
0
0
0
0
0
0
0
0
0
0
0
0
0
0
0
0
0
0
0
0
0
0
0
0
0
0
0
0
0
0
0
0
0
0
0
0
0
0
0
0
0
0
0
0
0
0
0
0
0
0
0
0
0
0
0
0
0
0
0
0
0
0
0
0
0
0
0
0
0
0
0
0
0
0
0
0
0
0
0
0
0
0
0
0
0
0
0
0
0
0
0
0
0
0
0
0
0
0
0
0
0
0
0
0
0
0
0
0
0
0
0
0
0
0
0
0
0
0
0
0
0
0
0
0
0
0
0
0
0
0
0
0
0
0
0
0
0
0
0
0
0
0
0
0
0
0
0
0
0
0
0
0
0
0
0
0
0
0
0
0
0
0
0
0
0
0
0
0
0
0
0
0
0
0
0
0
0
0
0
0
0
0
0
0
0
0
0
0
0
0
0
0
0
0
0
0
0
0
0
0
0
0
0
0
0
0
0
0
0
0
0
0
0
0
0
0
0
0
0
0
0
0
0
0
0
0
0
0
0
0
0
0
0
0
0
0
0
0
0
0
0
0
0
0
0
0
0
0
0
0
0
0
0
0
0
0
0
0
0
0
0
0
0
0
0
0
0
0
0
0
0
0
0
0
0
0
0
0
0
0
0
0
0
0
0
0
0
0
0
0
0
0
0
0
0
0
0
0
0
0
0
0
0
0
0
0
0
0
0
0
0
0
0
0
0
0
0
0
0
0
0
0
0
0
0
0
0
0
0
0
0
0.004471737457727922
0
0
0
0
0
0
0
0
0
0
0
0
0
0
0
0
0
0
0
0
0
0
0
0
0
0
0
0
0
0
0
0
0
0
0
0
0
0
0
0
0
0
0
0
0
0
0
0
0
0
0
0
0
0
0
0
0
0
0
0
0
0
0
0
0
0
0
0
0
0
0
0
0
0
0
0
0
0
0
0
0
0
0
0
0
0
0
0
0
0
0
0
0
0
0
0
0
0
0
0
0
0
0
0
0
0
0
0
0
0
0
0
0
0
0
0
0
0
0
0
0
0
0
0
0
0
0
0
0
0
0
0
0
0
0
0
0
0
0
0
0
0
0
0
0
0
0
0
0
0
0
0
0
0
0
0
0
0
0
0
0
0
0
0
0
0
0
0
0
0
0
0
0
0
0
0
0
0
0
0.004905462501822022
0
0
0
0
0
0
0
0
0
0
0
0
0
0
0
0
0
0
0
0
0
0
0
0
0
0
0
0
0
0
0
0
0
0
0
0
0
0
0
0
0
0
0
0
0
0
0
0
0
0
0
0
0
0
0
0
0
0
0
0
0
0
0
0
0
0
0
0
0
0
0
0
0
0
0
0
0
0
0
0
0
0
0
0
0
0
0
0
0
0
0
0
0
0
0
0
0
0
0
0
0
0
0
0
0
0
0
0
0
0
0
0
0
0
0
0
0
0
0
0
0
0
0
0
0
0
0
0
0
0
0.004564912085978028
0
0
0
0
0
0
0
0
0
0
0
0
0
0
0
0
0
0
0
0
0
0
0
0
0
0
0
0
0
0
0
0
0
0
0
0
0
0
0
0
0
0
0
0
0
0
0
0
0
0
0
0
0
0
0
0
0
0
0
0
0
0
0
0
0
0
0
0
0
0
0
0
0.018745308991149755
0
0
0
0
0
0
0
0
0
0
0.004635152429749912
0
0
0
0
0
0
0
0
0
0
0
0
0
0
0
0
0
0
0
0
0
0
0
0
0
0
0
0
0
0
0
0
0
0
0
0
0
0
0
0
0
0
0
0
0
0
0
0
0
0
0
0
0
0
0
0
0
0
0
0
0
0
0
0
0
0
0
0
0
0
0
0
0
0
0
0
0
0
0
0
0
0
0
0
0
0
0
0
0
0
0
0
0
0
0
0
0
0
0
0
0
0
0
0
0
0
0
0
0
0
0
0
0
0
0
0
0
0
0
0
0
0
0
0
0
0
0
0
0
0
0
0
0
0
0
0
0
0
0
0
0
0
0
0
0
0
0
0
0
0
0
0
0
0
0
0
0
0
0
0
0
0
0
0
0
0
0
0
0
0
0
0
0
0
0
0
0
0
0
0
0
0
0
0
0
0
0
0
0
0
0
0
0
0
0
0
0
0
0
0
0
0
0
0
0
0
0
0
0
0
0
0
0
0
0
0
0
0
0
0
0
0
0
0
0
0
0
0
0
0
0
0
0
0
0
0
0
0
0
0
0
0
0
0
0
0
0
0
0
0
0
0
0
0
0
0
0
0
0
0
0
0
0
0
0
0
0
0
0
0
0
0
0
0
0
0
0
0
0
0
0
0
0
0
0
0
0
0
0
0
0
0
0
0
0
0
0
0
0
0
0
0
0
0
0
0
0
0
0
0
0
0
0
0
0
0
0
0
0
0
0
0
0
0
0
0
0
0
0
0
0
0
0
0
0
0
0
0
0
0
0
0
0
0
0
0
0
0
0
0
0
0
0
0
0
0
0
0
0
0
0
0
0
0
0
0
0
0
0
0
0
0
0
0
0
0
0
0
0
0
0
0
0
0
0
0
0
0
0
0
0
0
0
0
0
0
0
0
0
0
0
0
0
0
0
0
0
0
0
0
0
0
0
0
0
0
0
0
0
0
0
0
0
0
0
0
0
0
0
0
0
0
0
0
0
0
0
0
0
0
0
0
0
0
0
0
0
0
0
0
0
0
0
0
0
0
0
0
0
0
0
0
0
0
0
0
0
0
0
0
0
0
0
0
0
0
0
0
0
0
0
0
0
0
0
0
0
0
0
0
0
0
0
0
0
0
0
0
0
0
0
0
0
0
0
0
0
0
0
0
0
0
0
0
0
0
0
0
0
0
0
0
0
0
0
0
0
0
0
0
0
0
0
0
0
0
0.0048521006967063305
0
0
0
0
0
0
0
0
0
0
0
0
0
0
0
0
0
0
0
0
0
0
0
0
0
0
0
0
0
0
0
0
0
0
0
0
0
0
0
0
0
0
0
0
0
0
0
0
0
0
0
0
0
0
0
0
0
0
0
0
0
0
0
0
0
0
0
0
0
0
0
0
0
0
0
0
0
0
0
0
0
0
0
0
0
0
0
0
0
0
0
0
0
0
0
0
0
0
0
0
0
0
0
0
0
0
0
0
0
0
0
0
0
0
0
0
0
0
0
0
0
0
0
0
0
0
0
0
0
0
0
0
0
0
0
0
0
0
0
0
0
0
0
0
0
0
0
0
0
0
0
0
0
0
0
0
0
0
0
0
0
0
0
0
0
0
0
0
0
0
0
0
0
0
0
0
0
0
0
0
0
0
0
0
0
0
0
0
0
0
0
0
0
0
0
0
0
0
0
0
0
0
0
0
0
0
0
0
0
0
0
0
0
0
0
0
0
0
0
0
0
0
0
0
0
0
0
0
0
0
0
0
0
0
0
0
0
0
0
0
0
0
0
0
0
0
0
0
0
0
0
0
0
0
0
0
0
0
0
0
0
0
0
0
0
0
0
0
0
0
0
0
0
0
0
0
0
0
0
0
0
0
0
0
0
0
0
0
0
0
0
0
0
0
0
0
0
0
0
0
0
0
0
0
0
0
0
0
0
0
0
0
0
0
0
0
0
0
0
0
0
0
0
0
0
0
0
0
0
0
0
0
0
0
0
0
0
0
0
0
0
0
0
0
0
0
0
0
0
0
0
0
0
0
0
0
0
0
0
0
0
0
0
0
0
0
0
0
0
0
0
0
0
0
0
0
0
0
0
0
0
0
0
0
0
0
0
0
0
0
0
0
0
0
0
0
0
0
0
0
0
0
0
0
0
0
0
0
0
0
0
0
0
0
0
0
0
0
0
0
0
0
0
0
0
0
0
0
0
0
0
0
0
0
0
0
0
0
0
0
0
0
0
0
0
0
0
0
0
0
0
0
0
0
0
0
0
0
0
0
0
0
0
0
0
0
0
0
0
0
0
0
0
0
0
0
0
0
0
0
0
0
0
0
0
0
0
0
0
0
0
0
0
0
0
0
0
0
0
0
0
0
0
0
0
0
0
0
0
0
0
0
0
0
0
0
0
0
0
0
0
0
0
0
0
0
0
0
0
0
0
0
0
0
0
0
0
0
0
0
0
0
0
0
0
0
0
0
0
0
0
0
0
0
0
0
0
0
0
0
0
0
0
0
0
0
0
0
0
0
0
0
0
0
0
0
0
0
0
0
0
0
0
0
0
0
0
0
0
0
0
0
0
0
0
0
0
0
0
0
0
0
0
0
0
0
0
0
0
0
0
0
0
0
0
0
0
0
0
0
0
0
0
0
0
0
0
0
0
0
0
0
0
0
0
0
0
0
0
0
0
0
0
0
0
0
0
0
0
0
0
0
0
0
0
0
0
0
0
0
0
0
0
0
0
0
0
0
0
0
0
0
0
0
0
0
0
0
0
0
0
0
0
0
0
0
0
0
0
0
0
0.004635152429749912
0
0
0
0
0
0
0
0
0
0
0
0
0
0
0
0
0
0
0
0
0
0
0
0
0
0
0
0
0
0
0
0
0
0
0
0
0
0
0
0
0
0
0
0
0
0
0
0
0
0
0
0
0
0
0
0
0
0
0
0
0
0
0
0
0
0
0
0
0
0
0
0
0
0
0
0
0
0
0
0
0
0
0
0
0
0
0
0
0
0
0
0
0
0
0
0
0
0
0
0
0
0
0
0
0
0
0
0
0
0.004673258038976545
0
0.008503152666295075
0
0
0
0
0
0
0
0
0
0
0
0
0
0
0
0
0
0
0
0
0
0
0
0
0
0
0
0
0
0
0
0
0
0
0
0
0
0
0
0
0
0
0
0
0
0
0
0
0
0
0
0
0
0
0
0
0
0
0
0
0
0
0
0
0
0
0
0
0
0
0
0
0
0
0
0
0
0
0.0037297367736477825
0
0
0
0
0
0
0
0
0
0
0
0
0
0
0
0
0
0
0
0.004390002576333034
0
0
0
0
0
0
0
0
0
0
0
0
0
0
0
0
0
0
0
0
0
0
0
0
0
0
0
0
0
0
0
0
0
0
0
0
0
0
0
0
0
0
0
0
0
0
0
0
0
0
0
0
0
0
0
0
0
0
0
0
0
0
0
0
0
0
0
0
0
0
0
0
0
0
0
0
0
0
0
0
0
0
0
0
0
0
0
0
0
0
0
0
0
0
0
0
0
0
0
0
0
0
0
0
0
0
0
0
0
0
0
0
0
0
0.0048521006967063305
0
0.004599107615569728
0
0
0
0
0
0
0
0
0
0
0
0
0
0
0
0
0
0
0
0
0
0
0
0
0
0
0
0
0
0
0
0
0
0
0
0
0
0
0
0
0
0
0
0.007066407493668039
0
0
0
0
0
0
0
0
0.0048521006967063305
0
0
0
0
0
0
0
0
0
0
0
0
0
0
0
0
0
0
0
0
0
0
0
0
0
0
0
0
0
0
0
0
0
0
0
0
0
0
0
0
0
0
0
0
0
0
0
0
0
0
0
0
0
0
0
0
0
0
0
0
0
0
0
0
0
0
0
0
0
0
0
0
0
0
0
0
0
0
0
0
0
0
0
0
0
0
0
0
0
0
0
0
0
0
0
0
0
0
0
0
0
0
0
0
0
0
0
0
0
0
0
0
0
0
0
0
0
0
0
0
0
0
0
0
0
0
0
0
0
0
0
0
0
0
0
0
0
0
0
0
0
0
0
0
0
0
0
0
0
0
0
0
0
0
0
0
0
0
0
0
0
0
0
0
0
0
0
0
0
0
0
0
0
0
0
0
0
0
0
0
0
0
0
0
0
0
0
0
0
0
0
0
0
0
0
0
0
0
0
0
0
0
0
0
0
0
0
0
0
0
0
0
0
0
0
0
0
0
0
0
0
0
0
0
0
0
0
0
0
0
0
0
0
0
0
0
0
0
0
0
0
0
0
0
0
0
0
0
0
0
0
0
0
0
0
0
0
0
0
0
0
0
0
0
0
0
0
0
0
0
0
0
0
0
0
0
0
0
0
0
0
0
0
0
0
0
0
0
0
0
0
0
0
0
0
0
0
0
0
0
0
0
0
0
0
0
0
0
0
0
0
0
0
0
0
0
0
0
0
0
0
0
0
0
0
0
0
0
0
0
0
0
0
0
0
0
0
0
0
0
0
0
0
0
0
0
0
0
0
0
0
0
0
0
0
0
0
0
0
0
0
0
0
0
0
0
0
0
0
0
0
0
0
0
0
0
0
0
0
0
0
0
0
0
0
0
0
0
0
0
0
0
0
0
0
0
0
0
0
0
0
0
0
0
0
0
0
0
0
0
0
0
0
0
0
0
0
0
0
0
0
0
0
0
0
0
0
0
0
0
0
0
0
0
0
0
0
0
0
0
0
0
0
0
0
0
0
0
0
0
0
0
0
0
0
0
0
0
0
0
0
0
0
0
0
0
0
0
0
0
0
0
0
0
0
0
0
0
0
0
0
0
0
0
0
0
0
0
0
0
0
0
0
0
0
0
0
0
0
0
0
0
0
0
0
0
0
0
0
0
0
0
0
0
0
0
0
0
0
0
0
0
0
0
0
0
0
0
0
0
0
0
0
0
0
0
0
0
0
0
0
0
0
0
0
0
0
0
0
0
0
0
0
0
0
0
0
0
0
0
0
0
0
0
0
0
0
0
0
0
0
0
0
0
0
0
0.004564912085978028
0
0
0
0
0
0
0
0
0
0
0
0
0
0
0
0
0
0
0
0
0
0
0
0
0
0
0
0
0
0
0
0
0
0
0
0
0
0
0
0
0
0
0
0
0
0
0
0
0
0
0
0
0
0
0
0
0
0
0
0
0
0
0
0
0
0
0
0
0
0
0
0
0
0
0
0
0
0
0
0
0
0
0
0
0
0
0
0
0
0
0
0
0
0
0
0
0
0
0.013504115898325434
0
0
0
0
0
0
0
0
0
0
0
0
0
0
0
0
0
0
0
0
0
0
0
0
0
0
0
0
0
0
0.022080748592176107
0
0
0
0
0
0
0
0
0
0
0
0
0
0
0
0
0
0
0
0
0
0
0
0
0
0
0
0
0
0
0
0
0
0
0
0
0
0
0
0
0
0
0
0
0
0
0
0
0
0
0.013415212373183768
0
0
0
0
0
0
0
0
0
0
0
0
0
0
0
0
0
0
0
0
0
0
0
0
0
0
0
0
0
0
0
0
0
0
0
0
0
0
0
0
0
0
0
0
0
0
0
0
0
0
0
0
0
0
0
0
0
0
0
0
0
0
0
0
0
0
0
0
0
0
0
0
0
0
0
0
0
0
0
0
0
0
0
0
0
0
0
0
0
0
0
0
0
0
0
0
0
0
0
0
0
0
0
0
0
0
0
0
0
0
0
0
0
0
0
0
0
0
0
0
0
0
0
0
0
0
0
0
0
0
0
0
0
0
0
0
0
0
0
0
0
0
0
0
0
0
0
0
0
0
0
0
0
0
0
0
0
0
0
0
0
0
0
0
0
0
0
0
0
0
0
0
0
0
0
0
0
0
0
0
0
0
0
0
0.004635152429749912
0
0
0
0
0
0
0
0
0
0
0
0
0
0
0
0
0
0
0
0
0
0
0
0
0
0
0
0
0
0
0
0
0
0
0
0
0
0
0
0
0.010351545147788263
0
0
0
0
0
0.046637269940548925
0
0
0
0
0
0
0
0
0
0
0
0
0
0
0
0
0
0
0
0
0
0
0
0
0
0
0
0
0
0
0
0
0
0
0
0
0
0
0
0
0
0
0
0
0
0
0
0
0
0
