0
0
-1.9562053552695388e-08
0
0
0.0014289212003324445
0
0
0
0
0
0
0
0
0
0
0
0
0
0
0
0
0.000989658845318754
0.007064246373098819
0.00039430601051019745
0
0.0011257397612950098
0
0
0
0
0
0
0
0.0025294721649600544
0.003141695421628641
0.009674545877809302
0.001343902398311735
0.003162535537899783
0.004348085595969174
0.019926973906080767
0
0
0
0.0037180919756348374
0
0
0
0
0.00993386286035461
0
0
0
0
0
0
0
0.0006428618154168741
0
0
0
0.0019139161063001632
0.0026714506824575823
0
0
0
0.0012656428789877415
0
0.004236781455335291
0
0.008232325779050302
0
0.005273962637096735
0
0.0016795199535112502
0
0
0
0
0
0.0016083376981913524
0.001770220184201622
0
0
0
0
0.0009719893592946937
0.01746499973787961
0.0012461126880823198
0
0
0
0.001250169800506142
0
0.005114322974317752
0.003333318901419386
0
0.0037906729554191554
0.0014939974295227717
0
0.0028119590634959253
0
0.0012673535021544202
0
0
0.0047771769862264045
0
0
0
0.0009007509639031235
0
0
0
0
0
0
0
0.00242506082318794
0
0
0
0
0
0
0
0.004533496094590863
0.0014214232492942328
0.04152248012448242
0
0
0
0.0010277640343604826
0
0
0
0
0
0.00795146862502624
0.007064995494126984
0
0.0022760732067739916
0
0.0016987078400244736
0
0
0
0
0
0
0
0
0
0
0
0
0
0
0
0
0
0
0.0012548618910318988
0.0012370037447093116
0
0
0
0
0
0
0.0009733611453318879
0.003787849108673412
0.09424929169204968
0
0.0012003297970468025
0
0
0
0.0007197112322230271
0
0
0
0
0.003810088685714858
0.0011717295255895845
0.005692544221317005
0
0
0.001309481341568784
0
0.002735937395182344
0
0
0
0
0
0.0017978997286945038
0.0008121186586501854
0.03384515572405793
0.0009867969496053354
0.0019292560650213412
0.0024759987512056793
0
0.003841580060540989
0.0028957302100199667
0
0
0
0
0
0.005449666026352233
0
0
0.0015642133968942415
0
0
0.002625840868033288
0.0037884297541564125
0
0.0011605954548856003
0
0.002309288544349936
0
0
0
0
0.0020451716248149694
0.0016988606062282598
0
0
0.003952680359515894
0
0
0.0009119791317274478
0.01547394025988898
0
0
0
0
0
0
0
0.0022456823732188097
0.0015435032126159787
0
0
0
0
0
0
0
0.005916053438082249
0
0
0
0
0
0
0.004250440125858577
0.0015185225141486633
0.0036631408672911413
0
0
0
0
0
0
0
0
0
0
0
0
0
0
0.004617261692542061
0
0
0.0012104316929513778
0.003266324338045896
0
0
0
0
0.004267882923534986
0
0.01757575780813939
0.0027505361471503995
0
0
0.005667253501144769
0
0
0
0
0
0
0.001179084529895696
0.004022723630202332
0.0074699871476138595
0.002688963092489774
0
0
0
0
0.0040614186868869525
0.001123253874748075
0
0
0
0
0.0022380938778648217
0.0013989300510073742
0.0037180919756348374
0
0
0
0
0.0009662830064052661
0.0009233203471453905
0
0
0
0
0.004130191675657506
0.003034633738908768
0
0.00279611655504586
0
0.0022667480472954313
0
0.001175216585853051
0
0.0008801246890893774
0
0.0012927516664388002
0
0.0019903634657802757
0
0
0.0008021420567402146
0.0009478761152533566
0.004038493126451319
0
0
0.05728731702113469
0.0006932150779512572
0.003050382348816785
0
0
0
0
0
0
0
0.005891916518182985
0
0.0017006827730415585
0
0
0.0019934746238223643
0
0
0.0024661766825665003
0
0
0
0
0
0
0
0
0
0
0.0014985446987022559
0.0070642226223784224
0
0
0
0.0027742886150187523
0
0.0031574750208629796
0
0
0
0.002109041960927639
0
0
0.0027440170935393625
0
0
0
0
0.0009202141246303353
0
0
0
0
0
0
0
0.0016542939832841531
0
0.0019533488563422863
0
0
0
0.0014375429649357647
0.001733812878626435
0.0018192132544839366
0
0
0
0.003070935293976757
0
0
0.0017006827730415585
0
0
0
0
0
0
0
0
0
0
0
0
0.001827690498166703
0
0
0.0004415270959440576
0
0
0.0019511333712123008
0
0
0
0
0.0012016431916155004
0.0009989692715376376
0
0
0
0
0
0
0
0.0026397929565054215
0
0
0.0009772295512984253
0
0
0.006453971131340424
0
0
0
0
0
0
0
0
0
0
0
0
0.0013191928980478787
0
0
0.011473870889883761
0
0
0.0015054726294416651
0
0
0
0
0
0.017525643670946438
0
0
0
0
0
0
0
0
0
0
0
0
0
0
0
0
0
0
0.0014375429649357647
0
0
0
0
0
0.0008221906490334374
0
0
0
0.004223289561515477
0
0
0.012631969099394347
0.0016795199535112502
0.008698256130725925
0
0
0
0
0
0.0037400686399737494
0
0.0016473157916734326
0.015270743705398264
0
0
0
0
0
0
0.0010867251423016368
0
0
0
0.006018461440002601
0.00029274713904208063
0
0
0.004654174766134895
0
0.004600852200010114
0.0007309244003315807
0.0015128146124746666
0
0
0.001250169800506142
0
0
0.00338347268130923
0.0010361427222153395
0.0021652693517027143
0.0025608576959944267
0
0.0009478761152533566
0
0
0.002038520470381323
0
0
0
0
0
0.0035574879061772142
0.003183528165494502
0.0018106249419387948
0
0
0
0
0.0011900771151705123
0
0
0
0.0020963434297324867
0.0008286284380846197
0
0
0.001471302320355969
0
0
0
0.004010089059707538
0.0006927015552117749
0.0009867969496053354
0
0
0.0015358295157825194
0
0
0.0017934216100378684
0
0
0
0
0
0.002370318994116447
0.0019269059013525666
0
0
0
0
0
0.0012754982930465073
0
0
0
0.0011556026915878564
0
0.0006858381741639322
0
0
0
0.0021291872986343753
0.002956975166418578
0
0
0
0
0
0.000622481935808465
0.0008178403135165517
0
0
0.0007304976876460122
0.0007326362118956864
0
0.0015383696922315288
0
0.00889495906439174
0
0.0011960662572963983
0
0
0
0
0
0
0
0
0
0
0.000729362198114012
0.0042073363894574375
0.002863463617663109
0
0
0
0.002264904008009137
0
0.0012666980239111475
0
0.0013720085467696813
0.0012438142461449037
0.0010186380659122655
0
0
0
0
0.001743038935846081
0
0.0012590170823630368
0
0
0.0008933775322675833
0.0010981175182468886
0
0.009779928009885409
0.004790315536666482
0.003632004063930004
0
0
0
0.00150311774517743
0
0.0008746177278175676
0
0
0.004123856361320587
0
0
0.0007834567719625952
0
0.0006751649628137381
0
0.001261412694874704
0
0.00341013040140716
0
0
0
0
0
0
0
0
0
0
0
0.0022514795225900197
0
0
0
0
0
0
0.0035823854360366404
0.000717920907655644
0
0
0
0
0
0
0.0018242177805890532
0
0.0022073490979045945
0.006609965565891743
0
0
0
0
0.0017584516391531497
0
0
0
0.001238130119058785
0
0
0
0
0.001609882036408677
0.00887229555821618
0
0.0010463883786804463
0
0
0
0.001132028886065757
0
0
0.0030508949780827673
0.0013928705280268935
0
0
0.000996912410287582
0
0
0.006767758728848389
0.0022995762075361985
0.0036002013590569226
0
0
0.0012325323802339484
0
0
0.0010437169317909377
0
0.0011274063891396839
0
0
0
0
0
0
0.007108027963032063
0
0
0.002370318994116447
0
0.0013248595348211677
0
0
0
0
0
0
0.005066958172055028
0
0
0
0
0
0.00111549079383465
0
0.0024240092195111917
0
0
0
0
0
0.0009145474878570465
0
0
0
0
0.0013507304355120705
0
0
0
0.0011337242820406966
0.001839952531936769
0.028927448806720244
0.000772939444996883
0
0.001835465192692214
0.008828456023383141
0.0019043357525079655
0
0
0.0015675328707627195
0
0
0.003993522845592393
0.0010738646395000795
0.0011578637430421197
0
0.003327185745722039
0
0
0.004611630499954273
0.0027687668430540417
0
0
0
0
0
0
0
0.0016240804416083952
0
0
0
0
0
0
0.0012843435513168109
0
0.006304124095457754
0
0.01210026697618222
0.012625193533566906
0
0
0
0
0.0019439787185893875
0.002370318994116447
0
0
0
0
0.005821666579293203
0
0
0
0
0.0014394866323762228
0
0.0018975147404390017
0
0
0
0
0.0026232226713809926
0
0.0026369813185483674
0
0.05929624806952327
0
0
0.05218163026249572
0
0
0
0
0.0036033943490669314
0
0
0
0.0021817230930964993
0
0
0
0.001635514924732506
0
0
0
0.0012572305430872542
0
0
0
0.0017759222945773895
0
0
0.0020023503334279115
0
0
0
0
0
0
0
0.0010010376836133781
0
0.0010511105475309293
0.004312628894807295
0
0
0.0023159308806746295
0
0
0.0011118698830489674
0
0
0
0.0011019946501021325
0
0
0
0
0
0
0
0
0
0
0
0
0
0
0.004151104365204438
0.0022667480472954313
0
0.0065536766818705934
0
0.0038694525463153964
0.0035717175224345573
0.0015992052272472581
0
0
0
0
0
0
0
0.0008918322684627573
0
0
0
0
0.0015992052272472581
0.0022742773337287494
0
0.0318407550968997
0.0011755169535658584
0.004032156574625423
0.0021845588939568643
0
0
0
0.0012088654646867257
0.0033974156800489473
0
0
0
0.007872251539139253
0.0034633052272695195
0.0019450749215453374
0.00983371297942631
0
0.0018941510264193799
0
0
0
0
0.002123595933191644
0
0
0
0
0
0
0
0.0013026980167856416
0
0
0.0042540360866767405
0.001818720303529504
0
0
0
0
0
0
0.0019292560650213412
0
0.010304448870325143
0
0.0019450749215453374
0.00118272509212722
0
0
0
0
0
0
0
0
0.0015101647199674219
0.002632783881263183
0
0
0
0
0
0
0
0
0
0
0
0
0.004142609721801051
0.0017774661383816238
0
0
0.0011652539609159373
0
0.00156891495165353
0
0
0
0
0.0015031488102176267
0
0.001400679812612751
0.0011538037911854896
0
0.002976782340437547
0
0
0
0
0
0
0
0
0
0
0.0021995946193786894
0.0031455736536085883
0
0
0
0
0
0.001324146419157497
0
0
0
0
0.001770220184201622
0
0.001056238112362829
0
0.0016875603056797285
0
0
0
0
0.004198869743005157
0
0
0
0.003761990389780138
0
0
0
0
0
0
0.002472883693242684
0
0.002772844206478839
0
0
0.0009954502244640421
0
0
0.001981606753114742
0.0017898687958794463
0
0.005616817889148832
0
0
0
0.00128562468000054
0.0022165684447198485
0
0.0009355176247824062
0.0018830379305858809
0
0
0
0
0
0
0
0
0.0014260915516503023
0
0
0
0.0019292560650213412
0
0
0
0.010655143166122705
0.0030591093541045833
0
0.001932957846182852
0
0
0.0016129902753205976
0
0
0
0
0
0
0.0013655747740107897
0.0031707816386750197
0
0
0
0
0
0.005507634873084416
0
0
0
0
0
0
0
0
0
0
0
0
0
0
0
0
0
0
0
0
0.0023462905021364895
0
0
0
0
0.0009780638078843746
0
0
0
0
0
0
0
0
0
0
0
0
0
0
0.0013802120957969826
0
0
0
0
0
0
0
0
0.0013291674684356028
0
0
0
0
0
0
0
0
0
0
0
0.011364906158516281
0
0
0
0
0
0
0
0
0
0.0016289375334249529
0
0.0014214232492942328
0.0017898687958794463
0
0.002257653162363435
0
0.0009041519495189414
0
0.0013320676733825294
0
0
0
0
0
0
0
0.009177325963461071
0
0
0
0
0
0
0
0
0.005891978890612356
0
0
0
0
0
0
0.0013600359609851763
0.002082790410337977
0
0.0024115151147391174
0
0
0
0
0
0
0
0
0
0
0.0015333067379388454
0.0007939453540771285
0
0
0.0012894950216574149
0
0
0
0.0011890883249787375
0
0
0.0012001138158877777
0
0
0.0013081146456584577
0
0
0
0
0
0
0
0.0053606521398929545
0
0.0012088654646867257
0
0.002256485079225621
0.003290886877955992
0.0062469012823144834
0
0
0
0
0
0
0
0.002330387636594217
0
0
0.006810673410596991
0
0.005342901364915165
0.001170788722714779
0
0
0
0
0.0012157010836148171
0
0
0
0
0
0
0
0
0
0
0
0
0
0
0
0.0024398617228923876
0.0011871186725564186
0.002956975166418578
0
0
0
0.004143142190423098
0.0030591093541045833
0
0
0
0
0
0.0012031789441888797
0
0
0
0
0
0.002117405466040122
0
0
0
0
0
0
0
0
0
0
0.004381618365460104
0
0
0
0
0
0.0014861723434771968
0
0
0
0
0
0
0
0
0
0
0
0.001972178280953552
0
0.0016052683127183714
0
0.003183528165494502
0
0
0.0008971575293007794
0
0
0
0.0032828423217481184
0
0.0051885148350359995
0.0010593492684740514
0.0017026683526492478
0
0.0010177067781209732
0
0
0.0014895056162285475
0
0
0
0
0
0.005169408208395049
0
0
0
0.0015902937250052481
0
0.003107980034131635
0
0
0.0010670668182032432
0
0.004815804938155114
0.01129500335229779
0
0
0
0.0010635387823663852
0
0
0.0034337509040360576
0
0
0
0
0
0
0
0.001959967523194104
0
0
0
0
0
0
0
0
0
0
0
0
0
0
0
0
0
0.0023981200340131965
0
0.009927689741933726
0
0
0
0
0
0
0
0
0
0
0
0
0.004326194098687963
0
0.00365959711183785
0
0
0
0
0.0025325023532156107
0
0
0
0
0.0016721162042217155
0.0012232072207553888
0.006500462180894563
0
0
0
0
0
0
0
0.0018975147404390017
0
0
0
0
0
0.0015873705023180527
0
0
0
0
0
0
0
0
0
0
0
0
0
0
0
0.003222865754243758
0
0.0034379010460016232
0
0.00405351012826478
0
0
0
0
0
0.0012347612773548897
0
0
0
0
0
0
0
0
0
0
0
0
0
0
0
0
0
0
0
0
0
0
0
0
0
0.02314194233466577
0
0
0
0
0.0014375429649357647
0
0
0
0
0
0
0.001544797850592938
0
0
0
0
0
0
0.0012172967140896365
0
0
0.001683278395564378
0.010617266379627066
0
0
0.0020554035084639844
0
0
0
0
0
0.001727369726712064
0
0
0
0
0
0
0
0
0
0
0.0017584516391531497
0.004931716076221628
0
0.0054809927955079135
0
0.001725246815214182
0
0
0
0
0
0
0
0
0
0
0.002243211778671162
0
0
0
0
0
0
0
0.00223164300869347
0.0023981200340131965
0
0
0
0.002032319690919423
0
0
0
0
0
0
0.0013989300510073742
0
0
0
0
0
0
0
0
0
0.0014443911539142604
0
0.0024303414784208033
0
0
0
0
0
0
0
0
0.0021920000384568713
0
0.001932957846182852
0
0.0011955634256480227
0
0
0
0.001356130048186356
0
0.0011303412582554027
0
0
0
0.0013553538115971978
0
0
0.0029377742028129693
0
0.0020713048609005253
0
0
0
0
0.0017561423894243851
0
0
0
0
0
0
0
0
0
0
0
0
0
0.002584196059685432
0
0
0
0
0
0
0
0
0
0
0
0
0
0
0
0
0
0
0
0
0
0
0
0
0
0
0
0
0.0010954276065765476
0
0
0
0
0
0
0
0
0
0.0010652985760878264
0
0
0
0
0
0
0
0
0
0
0.0014298692681023054
0
0
0
0
0
0.001245536731553339
0
0
0
0
0
0
0
0
0
0
0.0014424215014919419
0
0
0
0
0
0
0
0
0
0
0
0
0
0
0
0
0
0.004089572372302406
0
0
0
0
0
0
0
0.0013687776126728721
0
0
0
0
0.0021428172050776736
0.0021920000384568713
0
0
0
0.002065927770874318
0.001120374721196837
0
0
0
0
0.0017561423894243851
0
0
0
0
0
0
0
0
0
0
0
0
0
0
0
0
0
0
0
0
0.0023266076898360486
0.002248777452757887
0.0016967434400335484
0.012629900083451918
0
0
0
0
0.003366556791128756
0
0
0
0
0
0
0
0.002170112959093777
0
0
0.002486483739533465
0
0
0
0.0010859780342863908
0
0
0
0.00223164300869347
0
0
0
0
0
0.001511347141930681
0
0
0
0.0023472367427938424
0
0
0
0
0
0.00562748111905709
0
0
0
0
0
0.012276932693464452
0
0.002136298023825592
0.002844704376623611
0
0
0
0
0
0
0
0
0
0
0.0015221633094461007
0
0
0
0
0
0.0028173165289317116
0
0.00236545018425444
0
0
0
0
0
0
0
0
0
0
0.01849863157617586
0
0
0
0
0
0
0
0
0
0
0
0.001558000845721165
0
0
0.002082300427438161
0
0
0
0.0022233657137203365
0
0
0
0
0
0
0
0
0
0
0
0.0015801623637566908
0
0
0
0
0
0
0.0015233849494556747
0
0
0
0
0.0014742021160764765
0
0
0
0
0.0018941510264193799
0
0
0
0
0
0.001200622902527539
0
0.0012656428789877415
0
0.0014906234444772232
0
0.001478510049690912
0
0
0
0
0
0
0
0
0
0
0
0
0
0
0
0
0
0
0
0
0
0
0
0.0018621026371045994
0.0013903037989970249
0
0
0
0
0.0018412203742403101
0.0038296202603165085
0.0018079655504200153
0
0
0
0
0
0
0
0
0.0011150867080834998
0
0
0
0
0
0
0
0
0
0
0.002240110602883046
0
0
0
0
0
0
0.0014523768136053558
0
0
0
0
0
0
0
0
0
0
0
0
0
0
0
0
0
0
0
0
0
0
0
0
0
0
0
0
0
0
0
0
0
0
0
0.0017066719151674445
0
0
0
0
0
0
0
0
0
0
0
0.009885823395782345
0
0.0020767616144125476
0
0
0
0
0.0013963208963523447
0
0
0
0
0
0
0
0
0
0
0
0
0
0
0
0
0
0
0
0
0
0
0
0
0
0
0
0
0
0
0.0014928693302481693
0
0
0
0
0
0
0
0
0.005464376356431074
0
0
0
0
0.004309724892148433
0
0
0
0.001241530058202627
0
0
0
0
0
0
0
0
0
0
0
0
0
0
0
0
0
0
0
0
0
0
0
0
0
0
0
0
0
0
0
0
0
0.004879723445784775
0.0027295567944271076
0
0
0.002902738172463843
0
0
0
0
0
0
0
0
0
0
0
0
0.0020994348715025783
0
0.0019043357525079655
0
0
0
0
0
0.0019292560650213412
0
0
0
0
0.0024254157880293004
0.002385195054340537
0
0
0
0
0
0
0.0015101647199674219
0
0.005577137963452257
0
0
0
0
0
0
0
0
0.0016439053587405427
0
0
0
0
0
0
0
0
0
0
0
0
0.007731831384731408
0
0.00155002239386806
0
0
0
0
0
0
0
0
0
0.0016273113757052044
0
0.004315540549655919
0
0.0062979829079336065
0
0
0
0
0
0
0
0
0
0
0
0
0
0
0
0
0.0022233657137203365
0.004983847082050457
0.0055500760628906035
0.002452943124573647
0
0
0
0
0
0
0
0
0
0.0022667480472954313
0
0.0018326209768196869
0
0
0
0
0
0
0
0
0
0
0
0
0
0
0
0
0
0
0
0
0
0
0
0
0.001980549644149705
0.0025220508762309546
0
0
0
0
0
0.002240110602883046
0
0
0.002123595933191644
0
0
0
0
0
0
0.001517316869454384
0
0
0
0
0
0
0.0012157010836148171
0
0
0
0
0
0
0
0
0
0
0
0.0014260915516503023
0
0
0
0
0
0
0
0
0
0
0
0.0016947894613117461
0
0
0
0
0.008306300529162126
0
0
0.0010859780342863908
0
0
0
0
0
0
0
0.002385195054340537
0
0
0
0
0
0
0
0
0
0.005776773354342291
0
0
0
0
0
0
0
0
0
0
0
0
0
0.001710719473758824
0
0
0
0
0
0
0
0
0
0
0
0
0
0.001673953236085818
0
0
0
0
0.0023266076898360486
0
0
0
0
0
0
0
0
0
0
0
0
0
0
0
0
0
0
0.0018975147404390017
0
0
0
0
0
0
0.0015716947695671147
0
0.00451530632472687
0
0
0
0
0
0
0
0
0
0
0
0
0
0
0
0
0.0022856406050809014
0
0
0
0
0
0
0
0
0
0
0
0
0
0
0
0
0.005488691191746767
0.0014839668032029345
0
0
0
0
0
0
0
0
0
0
0
0
0
0
0
0
0
0
0
0
0
0
0
0
0
0
0
0
0
0
0
0
0
0
0
0
0
0
0
0
0
0.003801818913736142
0
0
0.0020401603349233383
0
0
0
0
0
0.002136298023825592
0
0
0.003454702352486249
0
0
0
0.004181190283910758
0
0
0
0
0
0
0
0
0.001775034947209855
0
0.005733856411451392
0
0
0
0
0.0026583349368712057
0
0
0
0
0
0
0
0.009104292827095966
0.0016007116674872305
0
0
0
0
0
0
0
0
0
0.003540440368403244
0
0
0
0.001418650407150295
0
0
0
0
0
0
0
0
0.000791085549744923
0
0
0
0
0
0
0
0
0
0
0.001312920434016644
0
0
0.0026042400295695216
0
0
0
0
0
0
0
0
0
0
0
0
0
0
0
0
0
0
0
0
0
0
0
0
0
0
0
0
0
0
0
0
0
0
0
0
0
0
0
0
0
0
0
0
0
0
0
0
0
0.013570300828550649
0
0
0.007155585163021613
0
0
0
0
0
0
0
0
0.0021920000384568713
0
0
0
0
0
0
0
0
0
0
0
0
0.001925591118114097
0.0021298922254050145
0
0
0
0
0.0018560144964227536
0
0
0
0
0
0
0
0.0016909123294565022
0
0
0
0
0
0
0
0
0
0
0
0.0015553221130032717
0
0
0
0
0.0014394866323762228
0
0
0
0
0
0
0
0
0.001784857505987815
0
0
0
0
0
0
0
0
0.009013518438568811
0
0
0
0
0
0
0.0015283124359920196
0.0015992052272472581
0
0
0
0
0
0
0
0
0
0.001668469400913166
0
0
0.0013213076835240022
0
0
0
0
0
0
0
0
0
0.002170112959093777
0
0
0
0
0
0
0
0
0
0
0
0
0
0.0019891157075619583
0
0
0
0
0
0
0
0
0.0014503641084591022
0
0
0
0.001775034947209855
0.0016490329235724424
0
0
0
0
0
0
0
0
0
0
0.0016648583511538213
0.0020114452183599084
0
0
0
0
0
0
0
0
0
0
0
0
0
0
0
0
0
0.0023727082949756453
0
0
0
0
0
0
0
0
0
0.004480221205766092
0
0
0
0
0
0
0
0
0
0
0
0
0
0
0
0
0
0
0
0
0
0
0.0023055548670589034
0
0
0
0
0
0
0
0
0
0
0
0
0
0
0
0
0.0017823771994753496
0
0
0
0
0
0
0
0
0
0
0
0
0
0
0
0
0
0
0
0
0
0
0
0
0
0
0
0
0
0
0
0
0
0
0.0020767616144125476
0
0
0.002117405466040122
0
0.004272596047651184
0
0
0
0.001308797359709774
0
0
0.002149453855354903
0
0.0018745893964694912
0
0
0
0
0
0
0
0
0
0
0
0
0
0
0
0
0
0
0
0
0
0
0.0013364612538117279
0
0
0
0
0
0
0
0
0
0
0
0
0.006408897177429811
0
0
0
0
0
0
0
0
0
0
0.001723136069465016
0
0.004823030229478235
0
0
0
0
0
0
0
0
0
0
0
0
0
0
0
0
0
0
0.0023055548670589034
0.002149453855354903
0
0
0
0
0
0
0
0
0
0
0
0
0
0
0.0018500253542968678
0
0
0
0
0
0
0
0
0
0.0014122604851117635
0
0
0
0
0
0
0
0
0.00223164300869347
0
0
0
0
0
0
0
0
0
0
0
0
0
0
0
0
0
0
0
0
0
0
0
0
0
0
0
0
0
0
0
0
0
0
0
0
0
0
0
0
0
0
0
0
0
0
0
0
0
0
0
0
0
0
0
0
0
0
0
0
0
0
0
0
0
0
0
0
0
0.0051894395701958754
0
0
0
0
0
0
0
0
0
0
0
0
0
0
0
0
0
0
0
0
0
0
0
0
0
0
0.0021428172050776736
0
0
0
0
0
0
0.002248777452757887
0
0
0
0
0
0
0
0.0016161249676476359
0
0
0
0
0
0
0
0
0
0
0
0.006384842822678535
0
0
0
0.0016648583511538213
0
0
0
0
0
0
0
0
0
0
0
0
0
0
0
0
0
0
0
0
0
0
0
0
0
0
0
0
0
0
0
0
0
0
0
0
0
0
0
0
0
0
0.001495128994545597
0
0
0.0026807186169648233
0
0
0
0
0
0
0
0
0
0
0
0
0.0018745893964694912
0
0
0
0
0
0
0
0
0
0
0
0.0014544005776265863
0
0
0
0
0
0
0
0
0
0
0
0.002149453855354903
0.0018027036877137624
0
0
0
0.002105328183232391
0
0.0026067415102018795
0
0
0
0.002957020099381824
0
0.0023159308806746295
0
0
0
0
0
0
0
0
0
0
0
0
0
0
0
0
0
0
0
0
0.001395455269337629
0
0
0
0
0.0026280111239111686
0
0
0
0
0
0
0
0
0
0
0
0
0
0
0
0
0
0
0
0
0
0
0
0
0.002385195054340537
0
0.004131855541748636
0
0
0
0
0
0
0
0
0.002360631012167914
0.0024398617228923876
0
0
0
0
0
0
0
0.0014985446987022559
0.0014817743912223468
0
0
0
0
0
0.002295463163858861
0
0
0
0
0
0
0
0
0
0
0
0
0
0
0
0
0
0
0.0037365862085122414
0
0
0
0
0
0
0
0
0
0
0
0
0
0.003338014377790655
0
0
0
0
0
0
0
0
0
0
0
0
0
0
0
0
0
0
0
0
0
0
0
0
0
0
0
0
0
0
0
0
0
0.004706744854960591
0
0.002925217394508742
0
0.003039464236548664
0.0021845588939568643
0
0
0
0
0
0
0
0
0
0
0
0
0
0
0
0
0
0
0
0.01765435613361668
0
0
0
0
0
0
0
0
0
0
0
0
0
0
0
0
0
0
0
0
0
0
0
0
0
0
0
0
0
0
0
0
0
0
0
0
0
0
0
0.0013545792074731537
0
0
0
0
0
0.0021772651085807393
0.0016612823606834855
0
0
0
0.0022233657137203365
0
0
0
0
0.0017168754520180288
0
0
0
0
0
0
0.0017295049450119998
0.004481992288568316
0
0
0
0
0
0
0
0
0
0
0
0
0
0
0
0
0
0
0
0
0.008374537486793902
0
0
0.005208480059139043
0
0
0
0
0
0
0
0
0
0
0
0
0
0
0
0
0
0
0
0
0
0
0
0
0
0
0
0
0
0
0
0
0
0
0
0
0
0
0
0
0
0
0.003969615547895046
0
0
0
0
0
0
0
0
0
0
0
0
0
0
0
0.00208792380575521
0
0
0
0
0
0
0
0
0
0.0016145542866949812
0
0
0
0
0
0
0
0
0
0
0
0
0.002117405466040122
0.0024254157880293004
0
0
0
0
0.0046978744012679974
0
0.0023489372006339987
0
0
0
0
0
0
0
0
0
0
0
0
0
0
0
0
0
0
0
0
0
0.0033818246589130043
0
0
0.001524610654830509
0
0
0
0
0
0
0
0
0
0
0
0
0
0
0
0
0
0
0
0
0
0
0
0
0
0
0
0
0
0.003815588440816918
0
0
0.001775034947209855
0.001714812006143749
0
0
0
0
0
0
0
0
0.003281052429248274
0
0
0
0
0
0
0
0
0
0.004272651373727182
0
0
0
0
0
0
0.0021772651085807393
0
0
0
0
0
0
0
0
0.0015962107056696337
0
0
0
0
0
0
0
0
0
0
0
0
0
0
0
0.0015634174745939808
0.005066966884522931
0
0
0.006105648938104666
0.05247910922894328
0
0
0
0
0
0
0
0
0
0.0021298922254050145
0
0
0
0
0
0
0.006582426511730192
0
0
0.005765886838935649
0
0
0
0
0
0
0
0
0
0.019976022351615025
0
0
0
0
0
0
0
0
0
0
0.0012761231008727241
0
0
0.001980549644149705
0
0
0
0
0
0
0
0
0
0
0
0
0
0
0
0
0.0016721162042217155
0
0
0
0
0
0
0
0
0
0
0
0
0
0
0
0
0
0
0
0
0
0
0
0
0
0
0
0
0
0
0
0
0
0
0
0
0
0
0
0
0
0
0
0
0
0
0.00139805827752293
0
0
0
0
0
0.0026042400295695216
0
0
0
0
0
0
0
0
0
0.0033049827829458715
0
0
0
0
0
0
0.0025040802816934105
0
0
0
0
0
0
0
0
0
0
0
0
0
0
0
0
0
0
0
0
0
0
0
0
0
0
0
0.0015716947695671147
0
0
0
0.0023727082949756453
0
0.003564754398950699
0
0
0
0
0
0
0
0
0
0.0018027036877137624
0
0
0
0
0
0
0
0
0
0.00171276005584929
0
0
0
0
0
0
0.005633335109566612
0
0
0
0
0
0.001932957846182852
0
0
0
0
0
0
0
0
0
0
0
0.001911285470483797
0
0
0
0
0
0
0
0
0
0
0.003978231415123917
0
0
0
0.0019978857439132357
0.0023727082949756453
0
0.001972178280953552
0
0
0
0
0
0
0
0
0
0
0.005755106535128616
0.0023055548670589034
0
0
0
0
0
0
0.0024548974483142123
0.0031805874500104962
0
0
0
0
0
0
0
0.0014068702797642725
0
0
0
0
0
0
0
0
0
0.0029088011552531727
0
0
0
0
0
0
0
0
0
0
0
0
0
0
0
0
0
0
0.0016630660161073487
0
0
0
0
0
0
0
0
0
0
0
0
0
0
0
0
0
0
0
0.0021428172050776736
0
0
0
0.002360631012167914
0
0.0026280111239111686
0
0
0
0
0.001708690134601929
0
0
0
0
0
0
0
0
0
0
0
0
0
0
0
0
0
0
0
0
0.0014752743850295
0
0
0
0
0
0
0
0
0
0
0
0
0
0
0
0
0.004973891675257987
0
0
0
0
0
0
0
0
0
0
0
0
0
0
0
0
0
0
0
0
0
0
0
0
0
0
0
0
0
0
0
0
0
0
0
0
0
0
0
0
0
0
0
0
0
0
0
0
0
0
0
0
0
0
0
0
0
0.001976340179757947
0
0
0
0
0
0
0
0
0
0
0
0
0
0
0
0
0
0
0.0024705731810651505
0
0
0
0
0
0
0
0.005844445868420434
0
0
0
0
0
0
0
0
0.002025523013137145
0
0
0
0
0
0
0
0
0
0
0
0
0
0
0
0
0
0
0
0
0
0
0
0.001976340179757947
0
0
0
0
0.0020767616144125476
0.0015634174745939808
0
0
0
0
0
0
0
0
0
0
0
0
0
0
0
0
0
0
0
0
0
0
0
0
0
0
0
0
0.011380366033869958
0
0.0025819105187715715
0
0
0
0
0
0
0
0
0
0
0
0
0
0
0
0
0
0
0
0
0
0
0
0
0.0025819105187715715
0
0
0
0
0
0
0
0
0
0
0
0
0
0.004850831576058601
0
0
0
0
0
0
0
0
0
0
0
0
0
0
0
0
0.010192247040146844
0
0
0.0018682931042561207
0
0
0
0
0
0
0.006333951976074831
0
0
0
0.0018941510264193799
0.0022856406050809014
0
0
0
0
0
0
0
0
0
0
0
0
0
0
0
0
0.004247191866383288
0
0
0
0
0
0
0
0
0
0
0
0
0
0
0
0
0
0
0
0
0
0
0
0
0.10715265869043353
0.002248777452757887
0
0.0025608576959944267
0.0024398617228923876
0
0
0
0
0
0
0
0
0
0
0
0.012741575599149865
0
0
0
0
0
0
0
0
0
0.0024115151147391174
0
0
0
0
0
0
0
0
0
0
0
0
0
0
0
0.0024398617228923876
0
0
0
0
0
0
0
0
0
0
0
0
0
0
0.001714812006143749
0
0
0.0017189505230008116
0
0
0
0
0
0
0
0
0.0025409434340164243
0
0
0
0
0
0
0
0
0
0
0
0
0
0
0
0
0.0037816355073360575
0
0.0013476801147637384
0
0
0
0
0
0
0
0
0
0
0
0.0016289375334249529
0
0
0
0
0
0
0
0
0
0
0
0
0
0
0
0
0
0
0
0.002257653162363435
0
0
0
0
0
0
0
0
0
0
0
0
0
0
0
0
0
0
0
0
0
0
0
0
0
0
0
0
0
0
0
0
0
0
0
0
0
0
0.0023055548670589034
0
0
0
0.007388267646731096
0
0
0
0
0
0
0
0.010613691451794879
0
0
0
0
0
0.04499916130663115
0
0
0
0
0
0
0
0
0
0
0
0
0
0
0
0
0
0
0
0.0015209457079232646
0
0.001400679812612751
0
0
0
0
0
0
0.0016909123294565022
0.0027102002772497356
0
0
0
0
0
0
0
0
0
0
0
0
0
0
0
0
0
0
0
0
0
0
0
0
0
0
0
0.001955985601977082
0
0.002006869704548285
0
0
0
0
0
0
0
0
0
0.007276247364087902
0
0
0
0
0
0
0
0
0
0
0
0
0
0.0018530077521726022
0
0.0024254157880293004
0
0
0
0
0
0
0
0.004188962689057035
0
0
0
0
0
0
0
0
0
0.0018500253542968678
0
0
0
0
0
0
0
0
0
0
0
0
0
0
0
0
0
0
0
0
0
0
0
0
0
0
0
0
0
0
0
0
0
0
0
0
0
0
0
0
0
0
0
0
0
0
0
0
0
0
0.0014667823863923268
0
0
0
0
0
0
0
0
0
0
0
0
0
0
0
0
0
0
0.00802747881819314
0
0.002360631012167914
0
0.03004896338032093
0
0
0
0
0
0
0.008875174736049277
0
0
0
0
0.0025040802816934105
0
0
0
0
0
0
0
0.00827991320774137
0
0.004850831576058601
0
0
0
0.001921962279645216
0
0
0
0
0
0
0
0
0
0
0
0
0
0
0
0
0
0
0
0
0
0
0
0
0
0
0
0
0
0
0
0
0.002065927770874318
0
0
0
0
0
0
0
0
0
0
0
0
0
0
0
0
0
0
0
0
0
0
0
0
0.010225858124074848
0
0.004823030229478235
0
0
0
0.004187268743396951
0
0
0
0
0
0
0
0
0
0
0
0
0
0
0
0
0
0
0
0
0
0
0
0
0
0
0.0021630970493439817
0
0
0
0
0
0
0.002117405466040122
0
0.003919935046388208
0
0
0
0
0
0
0
0
0
0
0
0
0
0
0
0
0
0
0
0
0.007046811601901996
0.0012888471338470355
0
0
0
0
0
0
0
0
0
0
0
0
0
0
0
0
0
0
0
0
0
0
0
0
0
0
0
0
0
0
0
0
0
0
0
0
0
0.001733812878626435
0
0
0
0
0
0
0.0038296202603165085
0
0
0
0.004675206512747368
0
0
0.0023159308806746295
0
0
0
0
0
0
0
0
0
0
0
0
0
0
0
0
0
0
0.0022667480472954313
0
0
0
0.0021772651085807393
0
0
0
0
0
0
0
0
0
0
0
0
0
0
0
0
0
0
0
0
0
0
0
0
0
0
0
0
0
0
0.0023981200340131965
0
0.004796240068026393
0
0
0
0
0.0018621026371045994
0
0
0
0
0.003944356561907104
0
0.0014122604851117635
0.0018383315427629521
0
0
0
0
0
0
0
0
0.006828219620321975
0
0
0
0
0
0
0
0
0
0.0025819105187715715
0
0
0
0
0
0
0
0
0
0
0
0
0
0
0
0
0
0
0
0
0
0
0
0
0
0
0
0
0
0
0
0
0
0
0
0
0
0
0
0
0
0
0
0
0
0
0
0
0
0
0
0
0
0.007081893036503743
0
0
0
0
0
0.0012711540659773226
0
0
0
0
0
0
0
0
0.013005538927636368
0
0
0
0
0
0
0
0
0
0
0
0
0
0
0
0
0
0
0.002257653162363435
0
0
0
0
0
0
0
0
0
0
0
0
0
0
0
0
0
0.0015787375104314898
0
0
0
0
0
0
0
0
0
0
0
0
0.002385195054340537
0
0.0019442917904431666
0
0
0
0
0
0
0
0
0
0
0
0
0
0
0
0
0
0
0
0
0
0
0
0
0
0
0
0
0
0
0
0
0
0
0
0
0
0.002295463163858861
0
0
0.0020451716248149694
0
0
0
0
0
0
0
0
0
0.010011751667139558
0
0
0
0
0
0
0
0
0
0
0
0
0
0
0
0
0
0
0
0
0
0
0.0015553221130032717
0
0
0
0
0
0
0
0
0.0022856406050809014
0
0.0024115151147391174
0
0
0
0
0
0
0
0
0
0
0
0
0
0
0
0
0
0
0
0
0
0
0
0
0
0
0
0
0
0
0
0.0018412203742403101
0
0
0
0
0
0
0
0
0.0046978744012679974
0
0
0.002060628051739106
0
0
0
0
0
0
0
0
0
0
0
0
0
0.0020713048609005253
0
0
0
0
0
0
0
0
0
0
0
0
0
0
0
0.004745416589951291
0
0
0
0
0
0
0
0
0
0
0
0
0
0.0025819105187715715
0
0
0
0
0.0017006827730415585
0
0
0
0
0
0
0
0
0
0
0
0
0
0.001342402094301556
0
0
0
0
0
0
0
0
0
0
0
0
0.0025040802816934105
0
0
0
0
0
0
0
0
0
0
0
0
0
0
0
0
0
0
0
0
0
0
0
0
0
0
0
0
0
0.0013357253412287912
0
0
0
0.0020936343716984754
0
0
0
0
0
0
0
0
0
0
0
0
0
0
0
0
0
0.0026042400295695216
0
0.0021995946193786894
0
0
0
0.004100504076246761
0
0
0
0
0
0
0
0
0
0
0
0
0
0
0
0
0
0
0
0
0
0
0
0
0
0
0
0
0
0
0
0
0.006856921815242705
0
0
0
0
0
0
0
0
0
0
0
0
0
0
0
0
0
0
0
0
0
0
0
0
0
0
0
0
0
0
0
0.004850831576058601
0
0
0
0
0
0
0
0
0
0
0
0
0
0
0
0
0
0
0
0
0
0
0
0
0
0
0
0
0
0
0
0
0
0
0
0
0
0
0
0
0
0
0
0.001775034947209855
0
0
0
0
0
0
0.0023489372006339987
0
0.0019934746238223643
0
0
0
0
0
0
0
0
0
0
0
0
0
0
0
0
0
0
0
0
0
0
0
0
0
0
0
0
0
0
0
0
0
0
0
0
0
0
0
0
0
0
0
0
0.018545652465651957
0
0
0
0
0
0
0
0
0
0
0
0
0.0018745893964694912
0
0
0
0
0
0
0
0
0
0
0
0
0
0
0
0
0
0
0
0
0
0
0
0
0
0
0
0
0
0
0
0
0
0
0
0
0
0
0
0
0
0
0
0
0
0
0
0
0
0
0.001784857505987815
0
0
0
0
0
0
0
0
0
0
0
0
0
0
0
0
0
0
0
0
0
0
0
0
0
0
0
0
0
0
0
0
0
0
0.005821424777920056
0
0
0
0
0
0
0
0
0
0
0
0
0
0
0
0
0
0
0
0
0
0
0
0
0.002385195054340537
0
0
0
0
0
0
0
0
0
0
0
0
0
0
0
0
0
0
0
0.0021630970493439817
0
0
0.0020502520381233806
0
0
0
0
0
0
0
0
0
0
0
0
0
0
0
0
0
0
0
0.001980549644149705
0
0
0
0
0
0
0
0
0
0
0
0
0
0
0.002060628051739106
0
0
0
0
0
0
0
0
0
0
0
0
0
0
0
0
0
0
0
0
0
0.0018621026371045994
0
0
0
0
0
0
0
0
0
0
0
0.0025040802816934105
0.002035216312701555
0
0
0.0024398617228923876
0.0018875143761421503
0
0
0
0
0
0
0
0.002295463163858861
0
0
0.002136298023825592
0
0
0
0.0022856406050809014
0.0025220508762309546
0
0
0
0
0
0.003637440607059008
0
0
0
0
0
0
0
0
0
0
0
0.0019520462689690714
0
0
0
0
0
0
0
0
0
0
0
0
0
0.003843924559290432
0
0
0
0
0
0
0
0
0
0.0025409434340164243
0
0
0
0.001753847527637779
0
0
0.0025819105187715715
0
0
0
0.0024398617228923876
0.0023266076898360486
0
0
0
0
0
0
0
0
0
0
0
0.0025608576959944267
0
0
0
0
0
0
0
0
0
0
0
0.0025819105187715715
0
0
0
0
0
0
0
0
0
0
0.0024398617228923876
0
0.006352216398120367
0
0
0.0018326209768196869
0
0.004721262024335828
0
0
0
0
0
0.0025819105187715715
0.002337603256373684
0
0
0
0
0
0
0
0
0
0
0.0026807186169648233
0
0
0
0
0
0
0
0
0
0
0
0
0
0
0
0
0
0
0
0
0
0
0
0
0
0
0
0
0
0
0
0
0
0
0
0
0
0
0
0
0
0
0
0
0
0
0
0
0
0
0
0
0
0
0
0
0
0
0
0
0
0
0
0
0
0
0
0
0
0
0
0
0
0
0
0
0
0
0
0.0026534228629487198
0
0
0
0
0
0
0
0
0
0
0
0
0
0
0
0
0
0
0
0
0.0018908177536680287
0
0
0
0
0
0
0
0
0
0
0
0
0
0
0
0
0
0
0
0
0
0
0
0
0
0
0
0
0
0
0
0
0
0.0028161605249299496
0
0
0.0016813943805858251
0
0
0
0
0
0
0
0
0
0
0
0
0
0
0
0
0
0
0
0
0
0
0
0.0027102002772497356
0
0
0
0
0
0.0019934746238223643
0
0
0
0
0
0
0
0
0
0
0
0
0
0
0
0
0
0
0
0
0
0.002215270352129627
0
0
0
0
0
0
0
0
0
0
0
0
0
0
0
0
0
0
0
0
0
0
0
0.004430540704259254
0
0
0
0
0
0
0
0
0
0
0
0
0
0
0
0
0
0
0
0
0
0
0
0
0
0
0
0
0
0
0
0
0
0
0
0
0
0
0
0.008709060434322957
0
0
0
0
0
0
0
0
0
0
0
0
0
0
0
0
0
0
0.0023055548670589034
0
0
0.014239307870128256
0
0
0
0
0
0
0
0
0
0
0
0
0
0
0
0
0
0
0
0
0
0
0
0
0
0
0
0
0
0
0
0
0
0
0
0
0
0
0
0
0
0
0
0
0
0
0
0
0
0
0
0
0
0.0022856406050809014
0
0
0
0
0
0
0
0
0
0
0
0
0
0
0
0
0
0
0
0
0
0
0
0
0
0
0
0
0
0
0
0
0
0
0
0
0
0
0
0
0
0
0
0
0
0
0
0
0
0
0
0
0
0
0
0
0
0
0
0
0
0
0
0
0
0
0
0
0
0
0
0
0
0
0
0
0
0
0
0
0
0
0
0
0
0
0
0
0
0
0
0
0
0
0
0
0
0
0
0
0
0
0
0
0
0
0
0
0
0
0
0
0
0
0
0
0
0
0
0
0
0
0
0
0
0
0
0
0
0
0.0038296202603165085
0
0
0
0
0
0
0
0
0
0
0
0
0
0
0
0
0
0
0
0
0
0
0
0
0
0
0
0
0
0
0
0
0
0
0
0
0
0
0
0
0
0
0.004326194098687963
0
0
0
0
0
0
0
0
0
0
0.0022073490979045945
0
0
0
0
0
0
0
0
0
0
0
0
0
0.002215270352129627
0
0
0
0
0
0
0
0
0
0
0
0
0.0023055548670589034
0
0
0
0
0
0
0
0
0
0
0
0
0
0
0
0
0.0023727082949756453
0
0
0
0
0
0
0
0
0
0
0
0
0
0
0
0
0
0
0
0
0
0
0
0
0
0
0
0
0
0
0
0.0023727082949756453
0
0
0
0
0
0
0
0
0
0
0
0
0
0
0
0
0
0
0
0
0
0
0
0
0
0
0
0
0
0
0
0
0
0
0
0
0
0
0
0
0
0
0
0
0
0
0
0
0
0
0
0
0
0
0
0
0
0
0
0
0
0
0
0
0
0
0
0
0
0
0
0
0
0
0
0
0
0
0
0
0
0
0
0
0
0
0
0
0
0
0
0
0
0
0
0
0.009104292827095966
0
0.0024705731810651505
0
0
0
0.005361437233929647
0
0
0
0
0.0021630970493439817
0
0.002248777452757887
0
0.00223164300869347
0
0
0
0.0025608576959944267
0
0
0
0
0
0
0
0
0
0
0
0
0
0
0
0
0
0
0
0
0
0
0
0
0
0
0
0
0
0
0
0
0
0
0
0
0
0
0
0
0
0
0
0
0
0.0018106249419387948
0
0
0
0
0
0
0
0
0
0
0
0
0
0
0
0
0
0
0
0.002503844674637637
0
0
0
0
0.002170112959093777
0
0
0
0
0
0
0
0
0
0
0
0
0
0
0
0
0
0
0
0
0
0
0
0
0
0
0
0
0
0
0
0
0
0
0
0
0
0
0
0
0
0
0
0
0
0
0
0
0
0
0
0
0
0
0
0
0
0
0
0
0
0
0
0
0
0
0
0
0
0
0
0
0
0
0
0
0
0
0
0
0
0
0
0
0
0
0
0
0
0
0
0
0
0
0
0
0
0
0
0
0
0
0
0
0
0
0
0
0
0
0
0
0
0
0
0
0
0
0
0
0
0
0
0
0
0
0
0
0
0
0
0
0
0
0
0
0
0
0
0
0
0
0
0
0
0
0
0
0
0
0
0
0
0
0
0
0
0
0
0
0
0
0
0
0
0
0
0
0
0
0
0
0
0
0
0
0
0
0
0
0
0
0
0
0
0
0
0
0
0
0
0
0
0
0
0
0
0
0
0
0
0
0
0
0
0
0
0
0
0
0
0
0
0
0
0
0
0
0
0
0
0
0
0
0
0
0
0
0
0
0
0
0
0
0
0
0
0
0
0
0
0
0
0
0
0
0
0
0
0
0
0
0
0
0
0
0
0
0
0
0
0
0
0
0
0
0
0
0
0
0
0
0
0
0
0
0.0014033201402291829
0
0
0
0
0
0
0
0
0
0
0
0
0
0
0
0
0
0
0
0
0
0
0
0
0
0
0
0
0
0
0
0
0
0
0
0
0
0
0
0
0
0
0
0
0
0
0
0
0
0
0
0
0
0
0
0
0
0
0
0
0
0
0
0
0
0
0
0
0
0
0
0
0
0
0
0
0
0
0
0
0
0
0
0
0
0
0
0
0
0
0
0
0
0
0
0
0
0
0
0
0
0
0
0
0
0
0
0
0
0
0
0
0
0
0
0
0
0
0
0
0
0
0
0
0
0
0
0
0
0
0
0
0
0
0
0
0
0
0
0
0
0
0
0
0
0
0
0
0
0
0
0
0
0
0
0
0
0
0
0
0
0
0
0
0
0
0
0
0
0
0
0
0
0
0
0
0
0
0
0
0
0
0
0
0
0
0
0
0
0
0
0
0
0
0.0027422486665645163
0
0
0
0
0
0
0
0
0
0
0
0
0
0
0
0
0
0
0
0
0
0
0
0
0
0
0
0
0
0
0
0
0
0
0
0
0
0
0
0
0
0
0
0
0
0
0
0
0
0
0
0
0
0
0
0
0
0
0
0.0022760732067739916
0
0
0
0
0
0
0
0
0
0
0
0
0
0
0
0
0
0
0
0
0
0
0
0
0
0
0
0
0
0
0
0
0
0
0
0
0
0
0
0
0
0
0
0
0
0
0
0
0
0
0
0
0
0
0
0
0
0
0
0
0
0
0
0
0
0
0
0
0
0
0
0
0
0
0
0
0
0
0
0
0
0
0
0
0
0
0
0
0
0
0.0017295049450119998
0
0
0
0
0
0.002337603256373684
0
0
0
0
0.002065927770874318
0
0
0
0
0
0
0
0
0
0
0
0
0
0
0
0
0
0
0
0
0
0
0
0
0
0
0
0
0
0
0
0
0
0
0
0
0
0
0
0
0
0
0
0
0
0
0
0
0
0
0
0
0
0
0
0
0
0
0
0
0
0
0
0
0
0
0
0
0
0
0
0
0
0
0
0
0
0
0
0
0
0
0
0
0
0
0
0
0
0
0
0
0
0
0
0
0
0
0
0
0
0
0
0
0
0
0
0
0
0
0
0
0
0
0
0
0
0
0
0
0
0
0
0
0
0
0
0
0
0
0
0
0
0
0
0
0
0
0
0
0
0
0
0
0
0
0
0
0
0
0
0
0
0
0
0
0
0
0
0
0
0
0
0
0
0
0
0
0
0.0020023503334279115
0
0
0
0
0
0
0
0
0
0
0
0
0
0
0
0
0
0
0
0
0
0
0
0
0
0
0
0
0
0
0
0
0
0
0
0
0
0
0
0
0
0
0
0
0
0
0
0
0
0
0
0
0
0
0
0
0
0
0
0
0
0
0
0
0
0
0
0
0
0
0
0
0
0
0
0
0
0
0
0
0
0
0
0
0
0
0
0
0
0
0
0
0
0
0
0
0
0
0
0
0
0
0
0
0
0
0
0
0
0
0
0
0
0
0
0
0
0
0
0
0
0
0
0
0
0
0
0
0
0
0
0
0
0
0
0
0
0
0
0
0
0
0
0
0
0
0
0
0
0
0
0
0
0
0
0
0
0
0
0
0
0
0
0
0
0
0
0
0
0
0
0
0
0
0
0
0
0
0
0
0
0
0
0
0
0
0
0
0
0
0
0
0
0
0
0
0
0
0
0
0
0
0
0
0
0
0.001735985888618033
0
0
0
0
0
0
0
0
0
0
0
0
0
0
0
0
0
0
0
0
0
0
0
0
0
0
0
0
0
0
0
0
0
0
0
0
0
0
0
0
0
0
0
0
0
0
0
0
0
0
0
0
0
0
0
0
0
0
0
0
0
0
0
0
0
0
0
0
0
0
0
0
0
0
0
0
0
0
0
0
0
0
0
0
0
0
0
0
0
0
0
0
0
0
0
0
0
0
0
0
0
0
0
0
0
0
0
0
0
0
0
0
0
0
0
0
0
0
0
0
0
0
0
0
0
0
0
0
0
0
0
0
0
0
0
0
0
0
0
0
0
0
0
0
0
0
0
0
0
0
0
0
0
0
0
0
0
0
0
0
0
0
0
0
0
0
0
0
0
0
0
0
0
0
0
0
0
0
0
0
0
0
0
0
0
0
0
0
0
0
0
0
0
0
0
0
0
0
0
0
0
0
0
0
0
0
0
0
0
0
0
0
0
0
0
0
0
0
0
0
0
0
0
0
0
0
0
0
0
0
0
0
0
0
0
0
0
0
0
0
0
0
0
0
0
0
0
0
0
0
0
0
0
0
0
0
0
0
0
0
0
0
0
0
0
0
0
0
0
0
0
0
0
0
0
0
0
0
0
0
0
0
0
0
0
0
0
0
0
0
0
0
0
0
0
0
0
0
0
0
0
0
0
0
0
0
0
0
0
0
0
0
0
0
0
0
0
0
0
0
0
0
0
0
0
0
0
0
0
0
0
0
0
0
0
0
0
0
0
0
0
0
0
0
0
0
0
0
0
0
0
0
0
0
0
0
0
0
0
0
0
0
0
0
0
0
0
0
0
0
0
0
0
0
0
0
0
0
0
0
0
0
0
0
0
0
0
0
0
0
0
0
0
0
0
0
0
0
0
0
0
0
0
0
0
0
0
0
0
0
0
0
0
0
0
0
0
0
0
0
0
0
0
0
0
0
0
0
0
0
0
0
0
0
0
0
0
0.0025220508762309546
0
0
0
0
0
0
0
0
0
0
0
0
0
0
0
0
0
0
0
0
0
0
0
0
0
0
0
0
0
0
0
0
0
0
0
0
0
0
0
0
0
0
0
0
0
0
0
0
0
0
0
0
0
0
0
0
0
0
0
0
0
0
0
0
0
0
0
0
0
0
0
0
0
0
0
0
0
0
0
0
0
0
0
0
0
0
0
0
0
0
0
0
0
0
0
0.002025523013137145
0
0
0
0
0
0
0
0
0
0
0
0
0
0
0
0
0
0
0
0
0
0
0
0
0
0
0
0
0
0
0
0
0
0
0
0
0
0
0
0
0
0
0
0
0
0
0
0
0
0
0
0
0
0
0
0
0
0
0
0
0
0
0
0.002240110602883046
0
0
0
0
0
0
0
0
0
0
0
0
0
0
0
0
0
0
0
0
0
0
0
0
0
0
0
0
0
0
0
0
0
0
0
0
0
0
0
0
0
0
0
0
0
0
0
0
0
0
0
0
0
0
0
0
0
0
0
0
0
0
0
0
0
0
0
0
0
0
0
0
0
0
0
0
0
0
0
0
0
0
0
0
0
0
0
0
0
0
0
0
0
0
0
0
0
0
0
0
0
0
0
0
0
0
0
0
0
0
0
0
0
0
0
0
0
0
0
0
0
0
0
0
0
0
0
0
0
0
0
0
0
0
0
0
0
0
0
0
0
0
0
0
0
0
0
0
0
0
0
0
0
0
0
0
0
0
0
0
0
0
0
0
0
0
0
0
0
0
0
0
0
0
0
0
0
0
0
0
0
0
0
0
0
0
0
0
0
0
0
0
0
0
0
0
0
0
0
0
0
0
0
0
0
0
0
0
0
0
0
0
0
0
0
0
0
0
0
0
0
0
0
0
0
0
0
0
0
0
0
0
0
0
0
0
0
0
0
0
0
0
0
0
0
0
0
0
0
0
0
0
0
0
0
0
0
0
0
0
0
0
0
0
0
0
0
0
0
0
0
0
0
0
0
0
0
0
0
0
0
0
0
0
0
0
0
0
0
0
0.001976340179757947
0
0
0
0
0
0
0
0
0
0
0
0
0
0
0
0
0
0
0
0
0
0
0
0
0
0
0
0
0
0
0
0
0
0
0
0
0
0
0
0
0
0
0
0
0
0
0.0022760732067739916
0
0
0
0
0
0
0
0
0
0
0
0
0
0
0
0
0.013107353363741187
0
0
0
0
0
0
0
0
0
0
0
0
0
0
0
0
0
0
0
0
0
0
0
0
0
0
0
0
0
0
0
0
0
0
0
0
0
0
0
0
0
0
0
0
0
0
0
0
0
0
0
0
0
0
0
0
0
0
0
0
0
0
0
0
0
0
0
0
0
0
0
0
0
0
0
0
0
0
0
0
0
0
0
0
0
0
0
0
0
0
0
0
0
0
0
0
0
0
0
0
0
0
0
0
0
0
0
0
0
0
0
0
0
0
0
0
0
0
0
0
0
0
0
0
0
0
0
0.0016161249676476359
0
0
0
0
0
0
0
0
0
0
0
0
0
0
0
0
0
0
0
0
0
0
0
0
0
0
0
0
0
0
0
0
0
0
0
0
0
0
0
0
0
0
0
0
0
0
0
0
0
0
0
0
0
0
0
0
0
0
0
0
0
0
0
0
0
0
0
0
0
0
0
0
0
0
0
0
0
0
0
0
0
0
0
0
0
0
0
0
0
0
0
0
0
0
0
0
0
0
0
0
0
0
0
0
0
0
0
0
0.004941146362130301
0
0
0
0
0
0
0
0
0
0
0
0
0
0
0
0
0
0
0
0
0
0
0
0
0
0
0
0
0
0
0
0
0.0023489372006339987
0
0
0
0
0
0
0
0
0
0
0
0
0
0
0
0
0
0
0
0
0
0
0
0
0
0
0
0
0
0
0
0
0
0
0
0
0
0
0
0
0
0
0
0
0
0
0
0
0
0
0
0
0
0
0.0024254157880293004
0
0
0
0
0
0
0
0
0
0
0
0
0
0
0
0
0
0
0
0
0
0
0
0
0
0
0
0
0
0
0
0
0
0
0
0
0
0
0
0
0
0
0
0
0
0
0
0.0022856406050809014
0
0
0
0
0
0
0
0
0
0
0
0
0
0
0
0
0
0
0
0
0
0
0.0025409434340164243
0
0
0
0
0
0
0
0
0
0
0
0
0
0
0
0
0
0
0
0
0
0
0
0
0
0.0021772651085807393
0
0
0
0
0
0
0
0
0
0
0
0
0
0
0
0
0
0
0
0
0
0
0
0
0
0
0
0
0
0
0
0
0
0
0
0
0
0
0
0
0
0
0
0
0
0
0
0
0
0
0
0
0
0
0
0
0
0
0
0
0
0
0
0
0
0
0
0
0
0
0.005420400554499471
0
0
0
0
0
0.0024254157880293004
0
0
0
0.0025040802816934105
0
0
0
0
0
0
0
0
0
0
0
0
0
0
0
0
0
0
0
0
0
0
0
0
0
0
0
0
0
0
0
0
0
0
0
0
0
0
0
0
0
0
0
0
0
0
0
0
0
0
0
0
0
0
0
0
0
0
0
0
0
0
0
0
0
0
0
0
0
0
0
0
0
0
0
0
0
0
0
0
0
0
0
0
0
0
0
0
0
0
0
0
0
0
0
0
0
0
0
0
0
0
0
0
0
0
0
0
0
0
0
0
0
0
0
0
0
0
0
0
0
0
0
0
0
0
0
0
0
0
0
0
0
0
0
0
0
0
0
0
0
0
0
0
0.0022667480472954313
0
0
0
0
0
0
0
0
0
0
0
0
0
0
0
0
0
0
0
0
0
0
0
0
0
0
0
0
0
0
0
0
0
0
0
0
0
0
0
0
0
0
0
0
0
0
0
0
0
0
0
0
0
0
0
0
0
0
0
0
0
0
0
0
0
0
0
0
0
0
0
0
0
0
0
0
0
0
0
0
0
0
0
0
0
0
0
0
0
0
0
0
0
0
0
0
0
0
0
0
0
0
0
0
0
0
0
0
0
0
0
0
0
0
0
0
0
0
0
0
0
0
0
0
0
0
0
0
0
0
0
0
0
0
0
0
0
0
0
0
0
0
0
0
0
0
0
0
0
0
0
0
0
0
0
0
0
0
0
0
0
0
0
0.001932957846182852
0
0
0
0
0
0
0
0
0
0
0
0
0
0
0
0
0
0
0
0
0
0
0
0
0
0
0
0
0
0
0
0
0
0
0
0
0
0
0
0
0
0
0
0
0
0
0
0
0
0
0
0
0
0
0
0
0
0
0
0
0
0
0
0
0
0
0
0
0
0
0
0
0
0
0
0
0
0
0
0
0
0
0
0
0
0
0
0
0
0
0
0
0
0
0
0
0
0
0
0
0
0
0
0
0
0
0
0
0
0
0
0.002360631012167914
0
0
0
0
0
0
0
0
0
0
0
0
0
0
0
0
0
0
0
0
0
0
0
0
0
0
0
0
0
0
0
0
0
0
0
0
0
0
0
0
0
0
0
0
0
0
0
0
0
0
0
0
0
0
0
0
0
0
0
0
0
0
0
0
0
0
0
0
0
0
0
0
0
0
0
0
0
0
0
0
0
0
0
0
0
0
0
0
0
0
0
0
0
0
0
0
0
0
0
0
0
0
0
0
0
0
0
0
0
0
0
0
0
0
0
0
0
0
0
0
0
0
0
0
0
0
0
0
0
0
0
0
0
0
0
0
0
0
0.0025819105187715715
0
0
0
0
0
0
0
0
0
0
0
0
0
0
0
0
0
0
0
0
0
0
0
0
0
0
0
0
0
0
0
0
0
0
0
0
0
0
0
0
0
0
0
0
0
0
0
0
0
0
0
0
0
0
0
0
0
0
0
0
0
0
0
0
0
0
0
0
0
0
0
0
0
0
0
0
0
0
0
0
0
0
0
0
0
0
0
0
0
0
0
0
0
0
0
0
0
0
0
0
0
0
0
0
0
0
0
0
0
0
0
0
0
0
0
0
0
0
0
0
0
0
0
0
0
0
0
0
0
0
0
0
0
0
0
0
0
0
0
0
0
0
0
0
0
0
0
0
0
0
0
0
0
0
0
0
0
0
0
0
0
0
0
0
0
0
0
0
0
0
0
0
0
0
0
0
0
0
0
0
0
0
0
0
0
0
0
0
0
0
0
0
0
0
0
0
0
0
0
0
0
0
0
0
0
0
0
0
0
0
0
0
0
0
0
0
0
0
0
0
0
0
0
0
0
0
0
0
0
0
0
0
0
0
0
0
0
0
0
0
0
0
0
0
0
0
0
0
0
0
0
0
0
0
0
0
0
0
0
0
0
0
0
0
0
0
0
0
0
0
0
0
0
0
0
0
0
0
0
0
0
0
0
0
0
0
0
0
0
0
0
0
0
0
0
0
0
0
0
0
0
0
0
0
0
0
0
0
0
0
0
0
0
0
0
0
0
0
0
0
0
0
0
0
0
0
0
0
0
0
0
0
0
0
0
0
0
0
0
0
0
0
0
0
0
0
0
0
0
0
0
0
0
0
0
0
0
0
0
0
0
0
0
0
0
0
0
0
0
0
0
0
0
0
0
0
0
0
0
0
0
0
0
0
0
0.0024254157880293004
0
0
0
0
0
0
0
0
0
0
0
0
0
0
0
0
0
0
0
0
0
0
0
0
0
0
0
0
0
0
0
0
0
0
0
0
0
0
0
0
0
0
0
0
0
0
0
0
0
0
0
0
0
0
0
0
0
0
0
0
0
0
0
0
0
0
0
0
0
0
0
0
0
0
0
0
0
0
0
0
0
0
0
0
0
0
0
0
0
0
0
0
0
0
0
0
0
0
0
0
0
0
0
0
0
0
0
0
0
0
0
0
0
0
0
0
0
0
0
0
0
0
0
0
0
0
0
0
0
0
0
0
0
0
0
0
0
0
0.0025220508762309546
0
0
0
0
0
0
0
0
0
0
0
0
0
0
0
0
0
0
0
0
0
0
0
0
0
0
0
0
0
0
0
0
0
0
0
0
0
0
0
0
0
0
0
0
0
0
0
0
0
0
0
0
0
0
0
0
0
0
0
0
0
0.0046978744012679974
0
0
0
0
0
0
0
0
0
0
0
0
0
0
0
0
0
0
0
0
0
0
0
0
0
0
0
0
0
0
0
0
0
0
0
0
0
0
0
0
0
0
0
0
0
0
0
0.0025220508762309546
0
0
0
0
0
0
0
0
0
0
0
0
0
0
0
0
0
0
0
0
0
0
0
0
0.002295463163858861
0
0
0
0
0
0
0
0
0
0
0
0
0
0
0
0
0
0
0
0
0
0
0
0
0
0
0
0
0
0
0
0
0
0
0
0
0
0
0
0
0
0
0
0
0
0
0
0
0
0
0
0
0
0
0
0
0
0.0024869458376289935
0
0
0
0
0
0
0
0
0
0
0
0
0
0
0
0
0
0
0
0
0
0
0
0
0
0
0
0
0
0
0
0
0
0
0
0
0
0
0
0
0
0
0
0
0
0
0
0
0
0
0
0
0
0
0
0
0
0
0
0
0
0
0
0
0
0
0
0
0
0
0
0
0
0
0
0
0
0
0
0
0
0
0
0
0
0
0
0
0
0
0
0
0
0
0
0
0
0
0
0
0
0
0
0
0
0
0
0
0
0
0
0
0
0
0
0
0
0
0
0
0
0
0
0
0
0
0
0
0
0
0
0
0
0
0
0
0
0
0
0
0
0
0
0
0
0
0
0
0
0
0
0
0
0
0
0
0
0
0
0
0
0
0
0
0
0
0
0
0
0
0
0
0
0
0
0
0
0
0
0
0
0
0
0
0
0
0
0
0
0
0
0
0
0
0
0
0
0
0
0
0
0
0
0
0
0
0
0
0
0
0
0
0
0
0.0026534228629487198
0
0
0
0
0
0
0
0
0
0
0
0
0
0
0
0
0
0
0
0
0
0
0
0
0
0
0
0
0
0
0
0
0
0
0
0
0
0
0
0
0
0
0
0
0
0
0
0
0
0
0
0
0
0
0
0
0
0
0
0
0
0
0
0
0
0
0
0
0
0
0
0
0
0
0
0
0
0
0
0
0
0
0
0
0
0
0
0
0
0
0
0
0
0
0
0
0
0
0
0
0
0
0
0
0
0
0
0
0
0
0
0
0
0
0
0
0
0
0
0
0
0.0022760732067739916
0
0
0
0
0
0
0
0
0
0
0
0
0
0
0
0
0
0
0
0
0
0
0
0
0
0
0
0
0
0
0
0
0
0
0
0
0
0
0
0
0
0
0
0
0
0
0
0
0
0
0
0
0
0
0
0
0
0
0
0
0
0
0
0
0
0
0
0
0
0
0
0
0
0
0
0
0
0
0
0
0
0
0
0
0.0023981200340131965
0
0
0
0
0
0
0
0
0
0
0
0
0
0
0
0
0
0
0
0
0
0
0
0
0
0
0
0
0
0
0
0
0
0
0
0
0
0
0
0
0
0
0
0
0
0
0
0
0
0
0
0
0
0
0
0
0
0
0
0
0
0
0
0
0
0
0
0
0
0
0
0
0
0
0
0
0
0
0
0
0
0
0
0
0
0
0
0
0
0
0
0
0
0
0
0
0
0
0
0
0
0
0
0
0
0
0
0
0
0
0
0
0
0
0
0
0
0
0
0
0
0
0
0
0
0
0
0
0
0
0
0
0
0
0
0
0
0
0
0
0
0
0
0
0
0
0
0
0
0
0
0
0
0
0
0
0
0
0
0
0
0
0.004100504076246761
0
0
0
0
0
0
0
0
0
0
0
0
0
0
0
0
0
0
0
0
0
0
0
0
0
0
0
0
0
0
0
0
0
0
0
0
0
0
0
0
0
0
0
0
0
0
0
0
0
0.004430540704259254
0.002295463163858861
0.002257653162363435
0
0
0
0
0
0
0
0
0
0
0
0
0
0
0
0
0
0
0
0
0
0
0
0
0
0
0
0
0
0
0
0
0
0
0
0
0
0
0
0
0
0
0
0
0
0
0
0
0
0
0
0
0
0
0
0
0
0
0
0
0
0
0
0
0
0
0
0
0
0
0
0
0
0
0
0
0
0
0
0
0
0
0
0
0
0
0
0
0
0
0
0
0
0
0
0
0
0
0
0
0
0
0
0
0
0
0
0
0
0
0
0
0
0
0
0
0
0
0
0
0
0
0
0
0
0
0
0
0
0
0
0
0
0
0
0
0
0
0
0
0
0
0
0
0
0
0
0
0
0
0
0
0
0
0
0
0
0
0
0
0
0
0
0
0
0
0
0
0
0
0
0
0
0
0
0
0
0
0
0
0
0
0
0
0
0
0
0
0
0
0
0
0
0
0
0
0
0
0
0
0
0
0
0
0
0
0
0
0
0
0
0
0
0
0
0
0
0
0
0
0
0
0
0
0
0
0
0
0
0
0
0
0
0
0
0
0
0
0
0
0
0
0
0
0
0
0
0
0
0
0
0
0
0
0
0
0
0
0
0
0
0
0
0
0
0
0
0
0
0
0
0
0
0
0
0
0
0
0
0
0
0
0
0
0
0
0
0
0
0
0
0
0
0
0
0
0
0
0
0
0
0
0
0
0
0
0
0
0
0
0
0
0
0
0
0
0
0
0
0
0
0
0
0
0
0
0
0
0
0
0
0
0
0
0
0
0
0
0
0
0
0
0
0
0
0
0
0
0
0
0
0
0
0
0
0
0
0
0
0
0
0
0
0
0
0
0
0
0
0
0
0
0
0
0
0
0
0
0
0
0
0
0
0.0020767616144125476
0
0
0
0
0
0
0
0
0.0051217153919888535
0
0
0
0
0
0
0
0
0
0
0
0
0
0
0
0
0
0
0
0
0.002337603256373684
0
0
0
0
0
0
0
0
0
0
0
0
0
0
0
0
0
0
0
0
0
0
0
0
0
0
0
0
0
0
0
0
0
0
0
0
0
0
0
0
0
0
0
0
0
0
0
0
0
0
0.0025040802816934105
0
0
0
0
0
0
0
0
0
0
0
0
0
0
0
0
0
0
0
0
0
0
0
0
0
0
0
0
0
0
0
0
0
0
0
0
0
0
0
0
0
0
0
0
0
0
0
0
0
0
0
0
0
0
0
0
0
0
0
0
0
0
0
0
0
0
0
0
0
0
0
0
0
0
0
0
0
0
0
0
0
0
0
0
0
0
0
0
0
0
0
0
0
0
0
0
0.0024869458376289935
0
0
0
0
0
0
0
0
0
0
0
0
0
0
0
0
0
0
0
0
0
0
0
0
0
0
0
0
0
0
0
0
0
0
0
0
0
0
0
0
0
0
0.0053068457258974395
0
0
0
0
0
0
0
0
0
0
0
0
0
0.004675206512747368
0
0
0
0
0
0
0
0
0
0
0
0
0
0
0
0
0
0
0
0
0
0
0
0
0
0
0
0
0
0
0
0
0
0
0
0
0
0
0
0
0
0
0
0
0
0
0
0
0
0
0
0
0
0
0
0
0
0
0
0
0
0
0
0
0
0
0
0
0
0
0
0
0
0
0
0
0
0
0
0
0
0
0
0
0
0
0
0
0
0
0
0
0
0
0
0
0
0
0
0
0
0
0
0
0
0
0
0
0
0
0
0
0
0
0
0
0
0
0
0
0
0
0
0
0
0
0
0
0
0
0
0
0
0
0
0
0
0
0
0
0
0
0
0
0
0
0
0
0
0
0
0
0
0
0
0
0
0
0
0
0
0
0
0
0
0
0
0
0
0
0
0
0
0
0
0
0
0
0
0
0
0
0
0
0
0
0
0
0
0
0
0
0
0
0
0
0
0
0
0
0
0
0
0
0
0
0
0
0
0
0
0
0
0
0
0
0
0
0
0
0
0
0
0
0
0
0
0
0
0
0
0
0
0
0
0
0
0
0
0
0
0
0
0
0
0
0
0
0
0
0
0
0
0
0
0
0
0
0
0
0
0
0
0
0
0
0
0
0
0
0
0
0
0
0
0
0
0
0
0
0
0
0
0
0
0
0
0
0
0
0
0
0
0
0
0
0
0
0
0
0
0
0
0
0
0
0
0
0
0
0
0
0
0
0
0
0
0
0
0
0
0
0
0
0
0
0
0
0
0
0
0
0
0
0
0
0
0
0
0
0
0
0
0
0
0
0
0
0
0
0
0
0
0
0
0
0
0
0
0
0
0
0
0
0
0
0.0024705731810651505
0
0
0
0
0
0
0
0
0
0
0
0
0
0
0
0
0
0
0
0
0
0
0
0
0
0
0
0
0
0
0
0
0
0
0
0
0
0
0
0
0
0
0
0
0
0
0
0
0
0
0
0
0
0
0
0
0
0
0
0
0
0
0
0
0
0
0
0
0
0
0
0
0
0
0
0
0
0
0
0
0
0
0
0
0
0
0
0
0
0
0
0
0
0
0
0
0
0
0
0
0
0
0
0
0
0
0
0
0
0
0
0
0
0
0
0
0
0
0
0
0
0
0
0
0
0
0
0
0
0
0
0
0
0
0
0
0
0
0.0025220508762309546
0
0
0
0
0
0
0
0
0
0
0
0
0
0
0
0
0
0
0
0
0
0
0
0
0
0
0
0
0
0
0
0
0
0
0
0
0
0
0
0
0
0
0
0
0
0
0
0
0
0
0
0
0
0
0
0
0
0
0
0
0
0
0
0
0
0
0
0
0
0
0
0
0
0
0
0
0
0
0
0
0
0
0
0
0
0
0
0
0
0
0
0
0
0
0
0
0
0
0
0
0
0
0
0
0
0
0
0
0
0
0
0
0
0
0
0
0
0
0
0
0
0
0
0
0
0
0
0
0
0
0
0
0
0
0
0
0
0
0
0
0
0
0
0
0
0
0
0
0
0
0
0
0
0
0
0
0
0
0
0
0
0
0
0
0
0
0
0
0
0
0
0
0
0
0
0
0
0
0
0
0
0
0
0
0
0
0
0
0
0
0
0
0
0
0
0
0
0
0
0
0
0
0
0
0
0
0
0
0
0
0
0
0
0
0
0
0
0
0
0
0
0
0
0
0
0
0
0
0
0
0
0
0
0
0
0
0
0
0
0
0
0
0
0
0
0
0
0
0
0
0
0
0
0
0
0
0
0.0025819105187715715
0
0
0
0
0
0
0
0
0
0
0
0
0
0
0
0
0
0
0
0
0
0.010840801108998942
0
0
0
0
0
0
0
0
0
0
0
0
0
0
0
0
0
0
0
0
0
0
0
0
0
0
0
0
0
0
0
0
0
0
0
0
0
0
0
0
0
0
0
0
0
0
0
0
0
0
0
0
0
0.0019404749259733518
0
0
0
0
0
0
0
0
0
0
0
0
0
0
0
0
0
0
0
0
0
0
0
0
0
0
0
0
0
0
0
0
0
0
0
0
0
0
0
0
0
0
0
0
0
0
0
0
0
0
0
0
0
0
0
0
0
0
0
0
0
0
0
0
0
0
0
0
0
0
0
0
0
0
0
0
0
0
0
0
0
0
0
0
0
0
0
0
0
0
0
0
0
0
0
0
0
0
0
0
0
0
0
0
0
0
0
0
0
0
0
0
0
0
0
0
0
0
0
0
0
0
0
0
0
0
0
0
0
0
0
0
0
0
0
0
0
0
0
0
0
0
0
0
0
0
0
0
0
0
0
0
0
0
0
0
0
0
0
0
0
0.0026534228629487198
0
0
0
0
0
0
0
0
0
0
0
0
0
0
0
0
0
0
0
0
0
0
0
0
0
0
0
0
0
0
0
0
0
0
0
0
0
0
0
0
0
0
0
0
0
0
0
0
0
0
0
0
0
0
0
0
0
0
0
0
0
0
0
0
0
0
0
0
0
0
0
0
0
0
0
0
0
0
0
0
0
0
0
0
0.0026042400295695216
0
0
0
0
0
0
0
0
0
0
0
0
0
0.0024254157880293004
0
0
0
0
0
0
0
0
0.0020554035084639844
0
0
0
0
0
0
0
0
0
0
0
0
0
0
0.0025040802816934105
0
0
0
0
0
0
0
0
0
0
0
0
0
0
0
0
0
0
0
0
0
0
0
0
0
0
0
0
0
0
0
0
0
0
0
0
0
0
0
0
0
0
0
0
0
0
0
0
0
0
0
0
0
0
0
0
0
0
0
0
0
0
0
0
0
0
0
0
0
0
0
0
0
0
0
0
0
0
0
0
0
0
0
0
0
0
0
0
0
0
0
0
0
0
0
0
0
0
0
0
0
0
0
0
0
0
0
0
0
0
0
0
0
0
0
0
0
0
0
0
0
0
0
0
0
0
0
0
0
0
0
0
0
0
0
0
0
0
0
0
0
0
0
0
0
0
0
0
0
0
0
0
0
0
0
0
0
0
0
0
0
0
0
0
0
0
0
0
0
0
0
0
0
0
0
0
0
0
0
0
0
0
0
0
0
0
0
0
0
0
0
0
0
0
0
0
0
0
0
0.0023981200340131965
0
0
0
0
0
0
0
0
0
0
0
0
0
0
0
0
0
0
0
0
0
0
0
0
0
0
0
0
0
0
0
0
0
0
0
0
0
0
0
0
0
0
0
0
0
0
0
0
0
0
0
0
0
0
0
0
0
0
0
0
0
0
0
0
0
0
0
0
0
0
0
0
0
0
0
0
0
0
0
0
0
0
0
0
0
0
0
0
0
0
0
0
0
0
0
0
0
0
0
0
0
0
0
0
0
0
0
0
0
0
0
0
0
0
0
0
0
0
0
0
0
0
0
0
0
0
0
0
0
0
0
0
0
0
0
0
0
0
0
0
0
0
0
0
0
0
0
0
0
0
0
0
0
0
0
0
0
0
0
0
0
0
0
0
0
0.002908725691884243
0
0
0
0
0
0
0
0
0
0
0
0
0
0
0
0
0
0.0021845588939568643
0
0
0
0
0
0
0
0
0
0
0
0
0
0
0
0
0
0
0
0
0
0
0
0
0
0
0
0
0
0
0
0
0
0
0
0
0
0
0
0
0
0
0
0
0
0
0
0
0
0
0
0
0
0
0
0.0024705731810651505
0
0
0
0
0
0
0
0
0.0025409434340164243
0
0
0
0
0
0
0
0
0
0
0
0
0
0
0.0022233657137203365
0
0
0
0
0
0
0
0
0
0
0
0
0
0
0
0
0
0
0
0
0
0
0
0
0
0
0
0
0
0.0024254157880293004
0
0
0
0
0
0
0
0
0
0
0
0
0
0
0
0
0
0
0
0
0
0
0
0
0
0
0
0
0
0
0
0
0
0
0
0
0
0
0
0
0
0
0
0
0
0
0
0
0
0
0
0
0
0
0
0
0
0
0
0
0
0
0
0
0
0
0
0
0
0
0
0
0
0
0
0
0
0
0
0
0
0
0
0
0
0
0
0
0
0
0
0
0
0
0
0
0
0
0
0
0
0
0
0
0
0
0
0
0
0
0
0
0
0
0
0
0
0
0
0
0
0
0
0
0
0
0
0
0
0
0
0
0
0
0
0
0
0
0
0
0
0
0
0
0
0
0
0
0
0
0
0
0
0
0
0
0
0
0
0
0
0
0
0
0
0
0
0
0
0
0
0
0
0
0
0
0
0
0
0
0
0
0
0
0
0
0
0
0
0
0
0
0
0
0
0
0
0
0
0
0
0
0
0
0
0
0
0
0
0
0
0
0
0
0
0
0
0
0
0
0
0
0
0
0
0
0
0
0
0
0
0
0
0
0
0
0
0
0
0
0
0
0
0
0
0
0
0
0
0
0
0
0
0
0
0
0
0
0
0
0
0
0
0
0
0
0
0
0
0
0
0
0
0
0
0
0
0
0
0
0
0
0
0
0
0
0
0
0
0
0
0
0
0
0
0
0
0
0
0
0
0
0
0
0
0
0
0
0
0
0
0
0
0
0
0
0
0
0
0
0
0
0
0
0
0
0
0
0
0
0
0
0
0
0
0
0
0
0.002360631012167914
0
0
0
0
0
0
0
0
0
0
0
0
0
0
0
0
0
0
0
0
0
0
0
0
0
0
0
0
0
0
0
0
0
0
0
0
0
0
0
0
0
0
0
0
0
0
0
0
0
0
0
0
0
0
0
0
0
0
0
0
0
0
0
0
0
0
0
0
0
0
0
0
0
0
0
0
0
0
0
0
0
0
0
0
0
0
0
0
0
0
0
0
0
0
0
0
0
0
0
0
0
0
0
0
0
0
0
0
0
0
0
0
0
0
0
0
0
0
0
0
0.0026042400295695216
0
0
0
0
0
0
0
0
0
0
0
0
0
0
0
0
0
0
0
0
0
0
0
0
0
0
0
0
0
0
0
0
0
0
0
0
0
0
0
0.0024548974483142123
0
0
0
0
0
0
0
0
0
0
0
0
0
0
0
0
0
0
0
0
0
0
0
0
0
0
0
0
0
0
0
0
0
0
0
0
0
0
0
0
0
0
0
0
0
0
0
0
0
0
0
0
0
0
0
0
0
0
0
0
0
0
0
0
0
0
0
0
0
0
0
0
0
0
0
0
0
0
0
0
0
0
0
0
0
0
0
0
0
0
0
0
0
0
0
0
0
0
0
0
0
0
0
0
0
0
0
0
0
0
0
0
0
0
0
0
0
0
0
0
0
0
0
0
0
0
0
0
0
0
0
0
0
0
0
0
0
0
0
0
0
0
0
0
0
0
0
0
0
0
0
0
0
0
0
0
0
0
0
0
0
0
0
0
0
0
0
0
0
0
0
0
0
0
0
0
0
0
0
0
0
0
0
0
0
0
0
0
0
0
0
0
0
0
0
0
0
0
0
0
0
0
0
0
0
0
0
0
0
0
0
0
0
0
0
0
0
0
0
0
0
0
0
0
0
0
0
0
0
0
0
0
0
0
0
0
0
0
0
0
0
0
0
0
0
0
0
0
0
0
0
0
0
0
0
0
0
0
0
0
0
0
0
0
0
0
0
0
0
0
0
0
0
0
0
0
0
0
0
0.010243430783977707
0
0
0
0
0
0
0
0
0
0
0
0
0
0
0
0
0
0
0
0
0
0
0
0
0
0
0
0
0
0.002060628051739106
0
0
0
0
0
0
0
0
0
0
0
0
0
0
0
0
0
0
0
0
0
0
0
0
0
0
0
0
0
0
0
0
0
0
0
0
0
0
0
0
0
0
0
0
0
0
0
0
0
0
0
0
0
0
0
0
0
0
0
0
0
0
0
0
0
0
0
0
0
0
0
0
0
0
0
0
0
0
0
0
0
0
0
0
0
0
0
0
0
0
0
0
0
0
0
0
0
0.00223164300869347
0
0
0
0
0.0021845588939568643
0
0
0
0
0
0
0
0
0.0024548974483142123
0
0
0
0
0
0
0
0
0.0025819105187715715
0
0
0
0
0
0
0
0
0
0
0
0
0
0
0
0
0
0
0
0
0
0
0
0
0
0
0
0
0
0
0
0
0
0
0
0
0
0
0
0
0
0
0
0
0
0
0
0
0
0
0
0
0
0
0
0
0
0
0
0
0
0
0
0
0
0
0
0
0
0
0
0
0
0
0
0
0
0
0
0
0
0
0
0
0
0
0
0
0
0
0
0
0
0
0
0
0
0
0
0
0
0
0
0
0
0
0
0
0
0
0
0
0
0
0
0
0
0
0
0
0
0
0
0
0
0
0
0
0
0
0
0
0
0
0
0
0
0
0
0
0
0
0
0
0
0
0
0
0
0
0
0
0
0
0
0
0
0
0
0
0
0
0
0
0
0
0
0
0
0
0
0
0
0
0
0
0
0
0
0
0
0
0
0
0
0
0
0
0
0
0
0
0
0
0
0
0.0024115151147391174
0
0
0
0
0
0
0
0
0
0
0
0
0
0
0
0
0
0
0
0
0
0
0
0
0
0
0
0
0
0
0
0
0
0
0
0
0
0
0
0
0
0
0
0
0
0
0
0
0
0
0
0
0
0
0
0
0
0
0
0
0
0
0
0
0
0
0
0
0
0
0
0
0
0
0
0
0
0
0
0
0
0
0
0
0
0
0
0
0
0
0
0
0
0
0
0
0
0
0
0
0
0
0
0.014080802624649748
0
0
0
0
0
0
0
0
0
0
0
0
0
0
0
0
0
0
0
0
0.0024548974483142123
0
0
0
0
0
0
0
0
0
0
0
0
0
0
0
0
0
0
0
0
0
0
0
0
0
0
0
0
0
0
0
0
0
0
0
0
0
0
0
0
0
0
0
0
0
0
0
0
0
0
0
0
0
0
0
0
0
0
0
0
0
0
0
0
0
0
0
0
0
0
0
0
0
0
0
0
0
0
0
0
0
0
0
0
0
0
0
0
0
0
0
0
0
0
0
0
0
0
0
0
0
0
0
0
0
0
0
0
0
0
0
0
0
0
0
0
0
0
0
0
0
0
0
0
0
0.002257653162363435
0
0
0
0
0
0
0
0
0
0
0
0
0
0
0
0
0
0
0
0
0
0
0
0
0
0
0
0
0
0
0
0
0
0
0
0
0
0
0
0.005361437233929647
0
0
0
0
0
0
0
0
0
0
0
0
0
0
0
0
0
0
0
0
0
0
0
0
0
0
0
0
0
0
0
0
0
0
0
0
0
0
0
0
0
0
0
0
0
0
0
0
0
0
0
0
0
0
0
0
0
0
0
0
0
0
0
0
0
0
0
0
0
0.005554707410332956
0
0
0.0024398617228923876
0
0
0
0
0
0
0.0051217153919888535
0
0
0
0
0
0
0
0
0
0
0
0
0
0
0
0
0
0.005008160563386821
0
0
0
0
0
0
0
0
0
0
0
0
0
0
0
0
0
0
0
0
0
0
0
0
0
0
0
0
0
0
0
0
0
0
0
0
0
0
0
0
0
0
0
0
0
0
0
0
0
0
0
0
0.048312089026811736
0.0026534228629487198
0
0
0
0
0
0
0
0
0
0
0
0
0
0
0
0
0
0
0
0
0
0
0
0
0
0
0
0
0
0
0
0
0
0
0
0
0
0
0
0
0
0
0
0
0
0
0
0
0
0
0
0
0
0
0
0
0
0
0
0
0
0
0
0
0
0
0
0
0
0
0
0
0
0
0
0
0
0
0
0
0
0
0
0
0
0
0
0
0
0
0
0
0
0
0
0
0
0
0
0
0
0
0
0
0
0
0
0
0
0
0
0
0
0
0
0
0
0
0
0
0
0
0
0
0
0
0
0
0
0
0
0
0
0
0
0
0
0
0
0
0
0
0
0
0
0
0
0
0
0
0
0
0
0
0
0
0
0
0
0
0
0
0
0
0
0
0
0
0
0
0
0
0
0
0
0
0
0
0
0
0
0
0
0
0
0
0
0
0
0
0
0
0
0
0
0
0
0
0
0
0
0
0
0
0
0
0
0
0
0
0
0
0
0
0
0
0
0
0
0
0
0
0
0
0
0
0
0
0
0
0
0
0
0
0
0
0
0
0
0
0
0
0
0
0
0
0
0
0
0
0
0
0
0
0
0
0
0
0
0
0
0
0
0
0
0
0
0
0
0
0
0
0
0
0
0
0
0
0
0
0
0
0
0
0
0
0
0
0
0
0
0
0
0
0
0
0
0
0
0
0
0
0
0
0
0
0
0
0
0
0
0
0
0
0
0
0
0
0
0
0
0
0
0
0
0
0
0
0
0
0
0
0
0
0
0
0
0
0
0
0
0
0
0
0
0
0
0
0
0
0
0
0
0
0
0
0
0
0
0
0
0
0
0
0
0
0
0
0
0
0
0
0
0
0
0
0
0
0
0
0
0
0
0
0
0
0
0
0
0
0
0
0
0
0
0
0
0
0
0
0
0
0
0
0
0
0
0
0
0
0
0
0
0
0
0
0
0
0
0
0
0
0
0
0
0
0
0
0
0
0
0
0
0
0
0
0
0
0
0
0
0
0
0
0
0
0
0
0
0
0
0
0
0
0
0
0
0
0
0
0
0
0
0
0
0
0
0
0
