0
0
-2.5983843148516622e-08
0
0.007498695162655325
0
0
0.0027098998577871148
0
0
0.01166884173009903
0
0.0035082512863389374
0
0
0
0
0
0
0
0
0
0.0197181293911968
0.0009383282242154253
0.0007856219314103616
0.006730340064324733
0.007476476154393228
0
0
0
0
0.0030699230016252737
0.006925110342990834
0
0.0016799209706131475
0.007418745874948258
0
0
0
0.005775465945722263
0.006302037805774075
0
0
0
0
0
0.003927744407936229
0
0.003500781986089357
0.0014661033738781672
0
0
0
0
0.005283391980907726
0
0
0.0008538991334915916
0.004215807716796733
0
0
0.0025422124406090717
0.0017742144331879491
0.028403893673203465
0.005185688049355944
0
0
0
0
0.001742090829562146
0
0
0
0.0026413726025605786
0
0
0
0
0
0
0
0
0
0
0.0016787094593009471
0
0.0012910719718615916
0
0
0
0
0
0.001660572900378755
0.010301081562923737
0.004528828074126775
0
0
0.0028771811780718497
0.0019844437481185543
0
0.005602594562664948
0
0.006733590525145305
0
0
0.005438930186303336
0.0024050130711173326
0.004318742439889033
0
0.0011964475865934346
0.0020400083832434147
0
0
0
0.0016992169372274
0
0
0
0
0
0
0
0
0
0.0022669345644225104
0
0.0037760901387806677
0.004795947142770771
0
0
0
0
0
0
0
0
0
0.002112351987959515
0.0011730346603812843
0
0
0
0
0
0
0
0
0.002684144606571155
0
0
0
0
0
0
0
0.0014454637685693099
0
0
0
0
0
0
0
0
0
0.0013832622221300408
0
0.0017259013703516135
0
0
0
0
0
0
0
0
0
0.0009559765144254004
0
0
0
0
0
0
0
0
0
0
0
0.003634085140861087
0
0.0012264259992660154
0.005463996551228105
0
0
0.005970276129409953
0.0010787192554966992
0
0
0
0
0
0
0.008242145149780762
0
0
0
0
0
0.0027145015768492496
0
0
0.0027702800864761023
0
0
0
0
0.00471103028753521
0.0030831865557870886
0
0.0030673769070010152
0
0.0014726363354867085
0
0
0
0.0011282794877469973
0
0
0
0
0
0
0
0
0
0
0
0
0
0
0
0
0
0
0
0
0
0
0
0
0
0
0
0
0
0
0
0
0
0
0
0
0
0
0.0018942458721773827
0
0
0
0
0
0.002374103628053961
0
0
0.003679803961424176
0
0
0
0.0021692931941767633
0
0.01743493454657841
0.0017982308765326278
0.00408787054565926
0
0
0
0
0
0.0016183263852775802
0
0
0
0
0
0
0
0.00156615190737124
0
0
0.002678767660020696
0
0
0
0
0
0
0
0
0
0
0.0009909368686241015
0
0
0
0
0
0
0.0012834923495060164
0
0
0
0.004305951753423912
0
0
0
0
0
0
0
0
0.011707606521248899
0
0.0011690501618775242
0.00350036337355266
0
0
0.0005287511555375194
0
0.0024715146713906004
0.0010654675557973006
0
0.0017880803715452265
0
0
0
0.0009207822586289936
0.0024310532515765862
0
0
0
0
0.004522528882542681
0
0
0
0.0014647916437806141
0.009035917277510432
0
0
0
0
0
0.006551535903295547
0
0
0
0
0
0
0
0
0
0.0016835534274920975
0
0.013713981784411822
0
0
0
0
0
0
0
0
0.002069458070515148
0.002801393798394589
0
0
0
0
0
0.0011159191640388363
0.0027033328223995704
0
0
0
0
0
0
0
0
0
0
0
0
0
0.002374103628053961
0
0
0.0008054735789177898
0
0
0
0
0
0.00801741137373949
0
0
0
0
0
0
0.0023481777326818916
0
0.001827826572788052
0
0
0
0.0015735727266497105
0.0024276808720756354
0.001935908205024891
0
0
0
0
0.0012958236552938836
0
0
0
0
0
0.0013269087926735255
0
0
0
0.004729063268343891
0.002069458070515148
0
0
0
0
0
0
0.011149030955726722
0
0
0
0.0014385311474375928
0.0018213321837427018
0
0
0.0012899819525678967
0.002104616857809494
0
0
0
0
0
0.0017522547545009738
0
0
0
0
0
0
0
0
0
0
0
0
0
0
0
0
0.0020154184445052114
0
0
0
0.003193590205979385
0
0
0
0
0
0
0
0
0
0.0019094565312136014
0
0
0
0
0.0012972950452468952
0
0
0
0
0
0
0.0016193414755484876
0
0
0
0
0
0
0
0
0.0016559501561527606
0
0
0
0
0
0.002953247511130486
0
0
0
0
0
0
0.007602105106636499
0.0031976756965962938
0
0.0025814167243799996
0.005933268102021743
0.002472814968699851
0
0
0.0019417414353231327
0.002009438196119726
0
0
0
0
0
0
0.0027525709303470123
0
0
0
0.0037771286490893294
0.0014859969907554046
0
0.002707721661979106
0
0
0
0.004008705686869745
0
0.00047253325172559374
0
0
0
0
0
0
0
0
0
0.0022642684172759523
0.0009281755400723582
0.0022012976608608045
0
0
0.0009771491682403267
0
0
0.0022804876967851997
0.0026632563104466646
0.0018402003154598522
0
0
0
0
0
0
0.0011910811328896312
0
0.0012648692394134002
0
0
0
0
0.0008531554993757693
0
0.003184123214273496
0
0
0
0
0
0
0
0
0
0.005465902082744841
0
0.0016723245492248752
0
0
0.0013092282414915914
0.0015913891165970384
0
0
0
0
0.002480486970234808
0.003258957609389586
0
0
0.0009703039246374378
0.0009731444791080179
0
0
0
0.0014768721783160208
0
0
0
0
0
0
0
0
0
0
0
0
0.0009687956790017331
0
0.0019017377010653966
0
0
0.0030151639774245198
0
0
0.0033650539480614143
0
0.0018224086127591411
0
0.0013530344172954017
0.001581411133954635
0
0
0
0.000771746691262575
0
0
0
0
0.0011866536204043485
0.0014586052162623789
0
0
0
0
0
0
0
0.00199655806172051
0
0.0011617353869983835
0
0
0.009585847620706672
0.0014025207104076732
0
0.0010406483052242885
0
0
0
0
0
0
0.006019094476038436
0
0.0012125995050222067
0.002094466036450539
0
0
0
0
0
0
0.0026222387589768985
0
0
0
0
0
0
0
0.0011896008388991533
0
0
0
0
0
0
0
0
0
0
0
0
0
0
0
0
0.008678655579944683
0
0
0
0
0
0
0
0
0
0.0017017366172549517
0
0
0
0.003324247145925102
0.00150364893623705
0
0
0.0024314618000473714
0.0037002382422632245
0
0
0
0
0.006938368825058689
0.0012842091800966855
0
0
0
0
0
0
0
0
0
0
0
0
0
0
0
0
0.0015735727266497105
0
0
0
0
0
0
0
0.0014321805058168879
0
0
0
0
0
0
0
0
0.0030185967691715282
0
0.0017259013703516135
0
0.0016835534274920975
0
0
0
0
0.030369330106798938
0.0036171929010294867
0.00227774686726041
0.0021363193985271633
0
0
0
0
0
0
0.0012219841301879472
0
0.005133391861953369
0
0
0.004397491090414364
0
0
0
0
0
0
0
0.005705562614956391
0.003075929610919134
0
0.0011048568125777074
0
0
0
0.001838845885247486
0
0
0
0
0
0
0.002114305031633457
0
0
0
0
0
0
0.002796853309591749
0
0
0.002512088588918953
0
0
0
0
0
0
0
0
0
0.005883008315252095
0.007956759836186855
0
0
0
0
0
0
0.002438007826888141
0
0
0
0
0.0017357311159889367
0
0
0
0
0
0.001851260864451681
0
0
0.002940014874436095
0
0
0
0
0
0.0019145236120776355
0
0
0
0
0
0
0
0
0
0
0
0
0
0
0
0
0
0
0
0.0020122312228705763
0
0
0.0018075499543069402
0
0
0.0021007946759421785
0
0
0.001396166896549155
0.0019094565312136014
0
0
0
0
0
0
0
0
0
0.0014637551247687328
0.002931972994525917
0
0
0
0
0
0
0
0
0
0
0.002310709100402658
0
0
0.0013784550332106224
0
0.0025528999947342277
0
0
0.001284927062530125
0
0
0
0
0
0
0
0
0.002045078239914426
0
0
0
0
0
0
0
0
0
0
0
0
0
0
0
0
0
0
0
0
0
0
0
0
0.0037960088638968555
0.0025159589220785793
0
0.005380914853881946
0
0.014164349786890948
0
0
0.0029754893771171574
0
0
0
0
0
0
0
0
0.0033903252373759345
0
0
0
0
0
0
0
0
0
0
0
0
0
0
0
0.0015532642632600927
0
0.003401360705693978
0
0
0
0
0
0
0
0
0
0
0.001755063777283594
0
0
0
0
0
0.0019159365834396389
0
0
0.005531747221618989
0
0.006191124273751017
0
0
0.00406282368574607
0
0.0015967951029896925
0
0
0
0
0
0
0
0.002326567547597186
0
0
0
0
0
0
0
0
0.001616200805725716
0
0
0
0
0
0.005740002761848858
0
0
0
0
0
0
0
0.0013872308163254304
0.0028059554550538953
0
0.0011207745180823049
0
0
0
0
0.005577265827915363
0
0
0
0
0
0
0
0.0013706892068132202
0
0
0.001642338362806724
0
0.002455405094778228
0
0
0.0013222345202641265
0.003993198649452892
0
0.0008773748099651864
0
0
0
0.0015761716001746076
0
0
0.0017076668327795823
0
0.0015483161878017129
0
0.00125059882131621
0
0.0012482603685648591
0
0
0
0
0
0
0
0
0
0
0
0
0
0
0
0
0
0
0
0
0
0
0
0
0
0
0
0
0
0
0
0
0.0025792383036333435
0
0
0
0
0
0
0
0
0
0
0
0
0
0.001081555418747348
0
0
0
0
0
0
0
0
0.0015582628946429963
0
0
0
0
0
0
0
0
0
0
0
0
0
0
0
0
0
0
0
0
0
0
0
0
0
0
0
0
0
0
0
0
0
0
0
0
0
0
0
0
0
0
0
0
0.0011298467185285716
0
0.0019133342539496194
0
0
0
0
0
0
0
0
0
0
0.0024019300811584402
0
0
0
0.0025706550747357573
0
0
0
0
0
0
0.001663679176151093
0
0
0
0
0
0
0
0
0
0
0
0.0015290096416327502
0
0
0
0
0
0
0
0
0.0017232544561010031
0
0
0
0
0
0
0
0
0
0.005752158796353101
0
0
0
0
0
0.003158879454322184
0.007134352664624041
0.003138115310014077
0.0031881692858466894
0
0
0.0017375397568310726
0
0
0
0.0015768234814044406
0
0.0016582560683113215
0
0
0
0.008028546322466879
0
0.0014986196159729847
0.0029141415113015383
0
0
0
0
0
0.004653135095194372
0
0
0
0
0
0
0.0014071102073909246
0
0.003110265540284369
0
0
0
0
0.0032295777319121606
0
0
0
0
0
0
0
0
0
0
0
0
0
0
0
0
0
0.006546141207457956
0
0.001645330646083356
0.0030171991820494106
0
0
0
0
0
0
0
0
0
0
0
0
0
0
0
0
0
0
0
0
0
0
0
0.001778136191988456
0
0
0
0
0
0
0
0
0
0
0
0
0
0
0.01729064826772132
0
0
0.0029424946213463493
0
0
0
0
0
0
0
0.0011916745068745675
0
0
0
0
0
0
0
0
0
0
0
0.0016629007562723053
0
0
0
0
0
0
0
0
0
0.0017941453681092326
0.002112351987959515
0
0
0
0
0
0
0
0
0
0
0
0
0
0
0
0
0
0
0
0
0
0
0
0
0
0
0
0
0
0
0
0
0
0
0
0
0
0
0
0
0
0
0
0
0
0
0
0
0
0
0
0
0
0
0
0
0
0
0.003917527518734205
0
0
0
0
0
0
0
0
0
0
0.0012334885952703899
0
0.005552468460406125
0
0
0
0
0
0
0
0
0
0
0.0073026087338911045
0
0
0
0
0
0
0
0
0
0
0
0
0
0
0
0
0
0
0
0
0.0010768375732131974
0.004617513925911764
0
0
0
0
0.0016401060998133686
0
0
0
0
0
0
0
0
0
0.002091367856536172
0
0
0
0
0
0
0
0
0
0
0
0
0
0
0.0016771054028128362
0
0
0
0
0
0.0019094565312136014
0
0
0
0
0
0
0
0
0
0
0
0
0
0
0
0
0
0.0012820618315552163
0
0.004471722939292843
0
0
0
0
0
0.0025481269150153607
0
0
0
0
0
0
0
0
0
0
0
0
0
0
0
0
0
0
0
0
0
0
0
0
0
0
0
0
0
0
0
0
0
0
0.010845299725841641
0
0
0
0
0
0
0.0018234874153806254
0
0
0
0
0
0
0
0
0.005978973425071337
0
0.005285044721720941
0
0
0
0
0.0019185528291962902
0
0
0
0
0
0
0
0
0
0
0
0
0
0
0
0
0
0
0
0
0
0.00362984575295928
0
0
0
0
0
0
0
0
0
0
0
0
0
0
0
0
0
0
0
0
0
0
0
0
0
0
0
0
0
0
0
0
0
0
0
0
0.0029264753752144368
0
0
0
0
0
0
0.01925488520636356
0
0
0.003744562859904774
0
0
0
0
0
0
0
0
0.0014550322660740345
0
0
0
0
0
0.004933742573255286
0
0
0
0.011320100329074163
0
0.0040833850093351404
0
0
0
0
0
0.0028347225160683027
0
0.013775036160180243
0
0
0.010614989813550753
0
0
0.002269615320667435
0.0016544188973421307
0
0
0.0016008891586014914
0
0
0
0.002931972994525917
0
0
0
0.009579682917198195
0
0
0
0
0
0
0
0
0
0
0
0
0
0
0
0
0
0.005432088547358625
0
0.004146084477715298
0
0
0
0
0
0
0
0
0
0.001996599324726446
0
0
0
0
0
0
0
0
0
0
0
0
0
0
0
0
0
0
0
0
0
0
0
0
0
0
0
0
0
0
0
0
0
0
0
0
0
0
0.003907803935982558
0
0.004471722939292843
0
0.0038556429247746248
0
0
0
0
0
0
0
0
0.0016513706831784143
0
0.0033785320307785547
0
0.004327441824492492
0
0.0015403807945205174
0.0027033328223995704
0
0
0
0
0
0
0
0
0
0
0
0
0
0
0
0.02138543952214278
0
0
0
0
0
0
0
0
0
0
0
0
0
0
0
0
0.0014355898352278924
0
0
0
0
0
0
0
0
0.0014892585814394504
0
0
0.00314197517135558
0.004008705686869745
0
0
0
0
0
0
0
0
0.002083955036075995
0
0
0
0
0
0
0
0
0
0
0
0
0
0
0.0015219616908286823
0
0
0
0
0
0
0
0
0
0
0
0.0025294870685220773
0.006415112126491524
0
0.0015840520947029506
0
0
0
0
0.0020251066183291744
0
0.006456337684845872
0
0
0
0
0
0
0
0
0
0
0.009521539353033301
0
0
0
0.0023116959834169654
0
0
0.0015947608514492505
0
0.003362250896723795
0
0.003959924316786361
0
0.0019638722039681143
0
0
0.005891616611904343
0.005144944152495558
0
0
0
0
0
0
0
0
0
0
0.002085797738030729
0
0
0
0
0
0.00542578935154423
0.0017992576067953094
0.0019120382616934662
0
0
0
0
0
0
0
0
0
0
0
0
0
0.01805752457162458
0
0
0
0.0074057250793706005
0
0
0
0
0
0
0
0
0
0.0021724183075580985
0
0
0
0
0
0
0
0
0
0
0
0
0
0
0
0
0
0
0.0035641792842253843
0
0
0.0029421146039569136
0
0
0
0
0
0
0
0
0
0
0
0
0
0
0
0
0
0
0
0
0
0
0
0
0
0
0
0.0030108713054829237
0
0
0
0
0
0
0
0
0
0
0
0.0029754893771171574
0
0
0
0
0.0021636817041334375
0
0
0
0
0
0
0.0019711202889901988
0
0
0
0
0
0
0
0
0
0
0
0
0
0.003655653145576104
0
0
0
0
0
0
0
0
0
0.0017128077220155975
0
0
0
0
0
0
0
0
0
0
0
0
0
0
0
0
0
0.002152975876711956
0
0.0019305022186322368
0
0
0
0
0
0
0
0
0
0
0
0
0.0019638722039681143
0
0
0
0
0
0
0
0
0
0
0
0
0
0
0
0
0.0017635889322316657
0
0
0
0
0
0
0.0022113945319875853
0
0
0.0018639991099423832
0
0
0
0.0014283130011656583
0
0
0.0025294870685220773
0
0
0.016950460953373023
0.0021572301364808184
0
0
0
0
0
0
0
0
0
0
0
0
0
0
0
0
0
0
0
0
0
0.004413289245847028
0
0.0028422856345441025
0
0
0
0
0
0
0.001787076808545932
0.004653135095194372
0.0036424682630737094
0
0
0
0.003910627815521829
0
0
0
0
0
0
0.0027033328223995704
0
0
0
0
0
0
0.0021615217147943396
0
0.003821491386926229
0
0
0
0
0
0
0
0
0
0.027441116638400816
0
0
0
0
0
0
0
0
0
0
0
0
0.004310196764772835
0
0
0.005309201354981321
0
0
0
0
0.0019441308656493435
0.0030108713054829237
0.002192665477892176
0
0
0
0
0
0
0
0
0
0
0
0
0
0
0
0
0
0
0
0
0
0
0
0
0
0
0
0
0
0
0
0
0
0
0
0
0
0
0
0
0
0
0
0
0
0
0
0
0
0.0032295777319121606
0
0
0
0
0
0
0
0
0
0
0
0
0
0
0
0
0
0
0
0
0
0
0
0
0
0
0
0
0
0
0
0.0057699224326566555
0
0.0022860158549329163
0
0
0
0
0
0
0
0
0
0
0
0.004002473349995499
0
0
0
0
0
0
0
0
0.002829088743627502
0
0
0
0
0
0
0
0
0
0
0.006348797709476015
0
0
0
0
0
0
0
0
0
0
0
0
0
0
0
0
0
0
0
0
0
0
0
0
0
0
0
0
0
0.0037736285687246527
0
0
0
0
0
0
0
0.0024942114844216158
0
0
0
0
0
0
0
0
0
0
0
0
0
0
0
0
0
0
0
0
0
0
0
0
0.0019400022606366897
0
0
0
0
0
0.004327363408266875
0
0
0
0
0
0.0024014806601714
0
0
0
0.0024301690452694833
0
0
0
0
0.0025433999527297753
0
0
0
0
0
0
0
0
0
0
0
0
0
0
0
0
0
0
0.0019400022606366897
0
0
0
0.0031976756965962938
0.0019653132559396195
0.0028125028572891053
0
0
0
0
0
0
0
0
0
0
0
0
0
0
0
0
0
0
0
0
0
0
0
0.00513326424905935
0
0
0
0
0.007405043457806724
0
0
0
0
0
0
0
0
0
0
0
0
0
0.0017017366172549517
0.0026141344090952878
0
0
0.002190373966486879
0
0
0
0.0021162659031586715
0
0
0
0
0
0
0
0
0
0
0
0
0
0
0
0
0
0
0
0
0.0047154793362766696
0
0
0
0
0
0
0
0
0
0
0
0
0
0
0
0.00523176953770331
0
0
0
0.001742090829562146
0
0
0
0
0
0
0
0
0
0.0028731939769906607
0
0
0
0
0
0
0
0
0
0
0
0
0
0
0
0
0
0.004831731997276362
0
0
0
0
0
0
0
0
0
0
0
0
0.002642098408038511
0
0
0
0
0
0
0
0
0
0
0
0
0
0
0
0.0016320071869550005
0
0
0
0.005823170356565955
0
0
0
0
0
0
0
0
0
0
0
0.0017008952812082167
0
0
0
0
0
0
0
0
0
0
0
0
0
0
0
0
0
0
0
0
0
0
0
0
0
0
0
0
0
0
0
0
0
0
0
0
0
0
0
0
0
0
0
0
0
0
0
0
0
0
0
0
0
0
0
0
0
0
0
0
0
0
0
0
0
0
0.00206061087118379
0.011080955047649818
0
0.001776171382959645
0
0.0019094565312136014
0
0
0
0
0
0
0
0
0
0
0
0
0
0
0
0
0
0
0
0
0
0.001834408332913844
0
0
0
0
0
0
0
0
0
0
0
0
0
0
0
0
0.0018593285561832932
0
0
0
0
0
0
0
0
0
0
0.0036256099299753408
0.0021445767555659852
0
0
0
0
0
0
0
0
0
0
0
0
0
0
0
0
0
0
0
0
0
0
0
0.002608728422702633
0
0
0
0
0
0.002751268442928046
0
0
0
0
0
0
0
0
0
0
0
0
0
0.1625987905622933
0
0.0026779122064843498
0
0
0
0
0
0
0
0
0.002931972994525917
0
0
0
0.00148114501587412
0
0.0024014806601714
0
0
0
0
0
0
0
0
0
0.010940924492283753
0
0
0
0.002122196118683302
0
0
0
0
0
0
0
0
0
0
0
0
0
0
0
0
0
0.0027370866734205837
0
0
0
0
0
0
0
0
0
0
0
0
0
0
0
0.002524935995791004
0.0034768931816164736
0
0.0026779122064843498
0
0
0
0
0
0
0
0
0
0
0.00579150665589671
0
0
0
0
0
0
0
0
0
0
0
0
0
0
0.005325575788794777
0
0
0
0
0
0
0
0
0
0
0
0
0
0
0
0
0
0
0
0.0019638722039681143
0
0
0
0
0
0
0
0
0
0
0
0
0
0
0
0
0
0
0
0
0
0
0
0
0
0
0
0
0
0
0
0
0
0
0
0
0
0
0
0
0
0
0
0
0
0
0
0
0
0
0.0018758743723475723
0
0
0
0
0
0
0
0
0
0
0.003453573734093872
0
0
0
0
0
0
0
0
0
0
0
0
0
0
0
0
0
0
0.010052551792941424
0
0
0
0
0.0017578890216543785
0
0
0
0.0019553139077609144
0
0
0
0
0
0
0
0
0
0
0
0
0.02513399208145678
0
0.0026478882601163006
0
0
0
0
0
0
0
0
0
0
0
0
0
0
0
0
0
0
0
0
0
0
0
0
0
0
0
0
0
0
0
0
0
0
0
0.0019386337652252117
0
0
0
0
0
0
0
0
0
0
0
0
0
0
0
0
0
0
0
0
0.01111737533261496
0
0
0
0
0
0
0.0034294946469984426
0
0
0
0
0
0
0
0
0
0
0
0
0.0023545315465404097
0
0
0
0
0
0
0
0
0
0.0026779122064843498
0
0
0
0
0
0
0
0
0
0
0
0
0
0
0
0
0
0
0
0
0
0
0
0
0
0
0
0
0
0
0
0
0.001634936757329082
0
0
0
0
0
0
0.0022019403867691886
0.0020218558635744436
0
0
0
0
0
0
0
0
0
0
0
0
0
0
0.010496770608550893
0
0
0
0
0
0
0
0
0
0
0
0
0
0
0
0
0
0
0.017927241540572004
0.0018300106692306574
0
0.003154952464778682
0
0
0
0
0
0
0.0025481269150153607
0.008656192759537797
0
0
0
0
0
0
0
0
0
0
0.0020623675581362016
0
0
0
0
0
0
0
0
0
0
0
0
0
0
0
0
0
0.002181313766992145
0
0
0
0
0
0
0
0
0
0
0
0
0
0
0.003135573971641823
0
0
0
0
0
0
0
0
0
0
0
0
0
0.0028125028572891053
0
0
0
0
0
0
0
0
0
0
0
0
0
0
0
0
0
0
0
0
0.005239201597640796
0
0
0
0
0
0
0
0
0
0
0
0
0
0
0
0
0
0
0
0
0
0
0
0
0
0
0
0
0
0
0
0.002445652307271253
0
0
0
0
0
0.0014779368942761948
0
0
0
0
0
0
0
0
0
0
0
0
0
0
0
0
0
0
0
0
0
0
0
0
0
0
0
0
0
0
0
0
0
0.002083955036075995
0
0
0
0
0
0
0
0
0
0
0
0
0
0
0
0
0
0
0
0
0
0
0
0
0
0
0
0
0
0
0
0
0
0.002380805606702768
0
0
0
0
0
0
0
0
0
0
0
0
0
0
0
0
0
0
0
0
0
0
0
0
0
0
0
0
0
0
0.0017992576067953094
0
0
0
0
0
0
0
0
0
0
0
0
0
0
0
0
0
0
0
0
0
0
0
0
0
0
0
0
0.0021322424016782674
0
0
0
0
0
0
0
0
0
0
0
0
0
0
0
0
0
0
0
0
0
0
0.020264207314526408
0
0
0
0
0
0
0
0
0
0
0
0
0
0
0
0
0
0
0
0
0
0
0
0
0
0
0
0
0
0
0
0
0
0
0
0
0
0
0
0
0
0
0
0
0
0
0
0
0
0
0
0
0.004918494546926655
0
0
0
0
0
0
0
0
0
0
0
0
0
0
0
0
0.002744126173152531
0
0
0
0
0
0
0
0
0
0
0
0
0
0
0
0
0
0
0
0
0.0024613092207185004
0
0
0
0
0
0
0
0
0
0
0
0
0
0
0
0.0027658736108094944
0
0
0
0
0
0.011205575193578355
0
0
0
0
0
0
0
0
0
0
0
0
0
0
0
0
0
0
0
0
0
0
0
0
0
0
0
0
0
0
0
0
0
0
0
0
0
0
0
0.008361622746124377
0
0
0
0
0
0
0
0
0
0
0
0
0
0
0
0
0.0017801089236557449
0
0
0
0
0
0.002804416114651527
0
0
0
0.008480845530123396
0
0
0
0
0
0
0
0
0
0
0
0.0025115314095932964
0
0
0
0
0
0
0
0
0
0
0
0.002642098408038511
0
0.002174627055285362
0
0
0
0
0
0
0
0
0
0
0
0
0
0
0
0
0
0
0
0
0
0
0
0
0
0
0
0
0
0
0
0.0022511513637286647
0
0
0
0
0
0
0
0
0
0.002603381519311151
0
0
0
0
0
0
0
0
0
0
0
0
0
0
0
0
0
0
0
0
0
0
0
0
0
0
0
0
0
0
0
0
0
0
0
0
0
0
0
0
0
0
0.004076660078525197
0
0
0
0
0
0
0
0
0
0
0.002057116307821569
0
0
0
0
0
0
0.003714019788135768
0
0
0
0
0
0
0
0
0
0
0
0
0
0
0
0
0
0
0
0
0
0
0
0
0
0
0
0
0
0
0
0
0
0
0
0
0
0
0
0
0
0
0
0
0
0
0
0
0
0
0
0
0
0
0
0
0
0
0
0
0
0
0
0
0
0
0
0
0
0
0
0
0
0
0
0
0
0
0
0
0
0
0
0
0
0
0
0
0
0
0.0024495198119224826
0
0
0
0
0
0
0
0
0
0
0
0
0
0
0
0
0
0
0
0
0
0
0
0
0
0
0
0
0
0
0
0
0
0
0
0
0
0
0
0
0
0
0
0
0
0
0
0
0
0
0
0
0
0
0
0
0.0018687146817808217
0
0
0
0
0
0
0
0
0
0.0019318481253699522
0
0
0
0
0
0
0
0
0
0
0
0
0
0
0
0
0
0
0
0
0
0
0
0
0
0
0
0
0
0
0
0
0
0
0
0
0
0
0
0
0
0
0
0
0
0.0030903815449632444
0
0
0
0
0
0
0.0018807063799287423
0
0
0
0
0
0
0
0
0
0
0
0
0
0
0.010968939382798736
0
0
0
0
0
0
0
0
0
0
0
0
0
0
0
0
0
0
0
0
0
0
0
0
0
0
0
0
0
0
0
0
0
0.0022832439676845418
0
0
0
0
0
0
0
0
0
0
0
0
0
0
0
0
0
0
0
0.002176845820043381
0
0
0.0016731181208353783
0
0.010986404767722521
0.011100714726789673
0
0
0
0
0
0
0
0
0
0
0
0
0
0
0
0
0
0
0
0
0
0
0
0
0
0
0
0
0
0
0
0
0
0
0
0
0
0
0
0
0
0
0
0
0
0.02460159149720053
0
0
0.0021550983823864175
0
0
0
0.0026478882601163006
0
0.008253805328784138
0
0
0
0
0
0
0
0
0
0
0
0
0
0
0
0
0
0
0
0
0
0
0
0
0
0
0
0
0
0
0
0
0
0
0
0
0
0
0
0
0
0
0
0.008738042981073222
0
0
0
0
0
0
0
0
0
0
0
0
0
0
0
0
0
0
0
0
0
0
0
0
0
0
0
0
0
0
0
0
0
0
0
0
0
0
0
0
0
0
0
0
0
0
0
0
0
0
0
0
0
0
0
0.003811218604051259
0.0024230681381111935
0
0
0
0
0
0
0
0
0
0
0
0
0
0
0
0
0
0
0
0
0
0.005349249049944312
0
0
0
0
0
0
0
0
0
0
0
0
0
0
0
0
0
0
0
0
0
0
0
0
0
0
0
0
0
0
0
0
0
0
0
0
0
0
0
0
0
0
0
0
0
0
0
0
0
0
0
0
0
0
0
0
0
0
0
0
0.001934551097939409
0
0
0
0
0
0
0
0
0
0
0
0
0
0
0
0
0.0030232577086063534
0
0
0
0.002093238745204667
0
0
0
0
0
0
0
0
0
0
0
0
0
0
0
0
0
0
0
0
0
0
0
0
0
0
0
0
0
0
0
0
0
0.0020484875693254304
0
0
0
0.0024085711725503464
0
0
0
0
0
0
0
0
0
0
0
0
0
0
0
0
0
0
0
0
0
0
0
0
0
0
0
0
0
0
0
0
0
0
0
0
0
0
0
0
0
0
0
0
0
0
0
0
0
0
0
0
0
0
0
0
0
0
0
0
0
0
0
0
0
0
0
0
0
0
0
0
0
0
0
0
0
0
0
0
0
0
0
0
0
0
0
0
0
0
0
0
0
0
0
0
0
0
0
0
0
0
0
0
0
0
0
0
0
0
0
0
0
0
0
0
0
0
0
0
0
0
0
0
0
0
0
0
0
0
0
0
0
0
0.002118234665536228
0
0
0
0
0
0
0
0
0
0
0
0
0
0
0
0
0
0
0
0
0
0
0
0
0
0
0
0
0
0
0
0
0
0
0
0
0
0
0
0
0
0
0
0
0
0
0
0
0
0
0.002134276653218709
0
0
0
0
0
0
0
0
0
0
0
0
0
0
0
0
0
0
0
0
0
0
0
0
0
0
0
0
0.0033750789742439296
0
0
0
0
0
0
0
0
0
0
0.0024857761583773367
0
0
0
0
0
0
0
0
0
0
0
0
0
0.003951042498634583
0
0
0
0
0
0
0
0
0
0
0
0
0
0
0
0
0
0
0
0
0
0
0
0
0
0
0
0
0
0
0
0
0
0
0
0
0
0
0
0
0
0
0
0
0
0
0
0
0
0
0
0
0
0
0
0
0
0
0.004403880773538377
0
0
0
0
0
0
0.0022019403867691886
0
0
0
0
0
0
0
0
0
0
0
0
0
0
0
0
0
0
0
0
0
0
0
0
0
0
0
0.004883630272604124
0
0
0
0
0
0
0
0
0
0
0
0
0
0
0
0
0
0
0
0
0
0
0
0
0
0
0
0
0.0029839865655000228
0
0
0
0
0
0
0
0
0
0
0
0
0
0
0
0
0
0
0
0
0
0
0
0
0
0
0
0
0
0
0
0
0
0
0
0
0
0
0
0
0
0.0024304809585713703
0
0.004761611213405536
0
0
0
0
0
0
0
0
0
0
0
0
0
0
0
0
0
0
0
0
0
0
0
0
0
0.0017119471469641398
0
0
0.002419403425914932
0
0
0
0
0
0
0
0.003120041340372459
0
0
0
0
0
0
0
0
0
0
0
0
0
0
0
0
0
0
0
0
0.0027658736108094944
0
0
0
0
0
0
0
0
0
0
0
0
0
0
0
0
0
0
0
0
0
0
0
0
0
0
0
0
0
0.0021724183075580985
0
0
0
0
0
0
0
0
0
0
0
0
0
0
0
0
0
0
0
0
0
0
0
0
0
0
0
0
0
0
0
0
0
0
0
0
0.0022642684172759523
0
0
0
0
0
0
0
0
0
0
0
0
0
0
0
0
0
0
0
0
0
0
0
0.0027370866734205837
0
0
0
0
0
0
0
0
0
0
0
0
0
0
0
0
0
0
0
0
0
0
0
0
0
0
0
0
0
0
0
0
0
0
0
0
0
0
0
0
0
0
0
0
0
0
0
0
0
0
0
0
0
0
0
0
0
0
0
0
0
0
0
0
0
0
0
0
0
0
0
0
0
0
0
0
0.0016884458361685081
0
0
0
0
0
0
0
0
0
0
0
0
0
0
0
0
0
0
0
0
0
0
0
0
0.004389935545840529
0
0
0
0
0
0
0
0
0
0
0
0
0
0
0
0
0
0
0
0
0
0
0
0
0
0
0
0
0.002773343019875438
0
0
0
0
0
0
0
0
0
0
0
0
0
0
0
0
0
0
0
0
0
0
0
0
0
0
0
0
0
0.0021261899105811306
0
0
0
0
0
0
0
0
0
0
0
0
0
0
0
0
0
0
0
0
0
0
0
0
0
0
0
0
0
0
0
0
0
0
0
0
0
0
0
0
0
0
0.0016057092644933756
0
0
0
0
0
0
0
0
0
0
0
0
0
0
0
0
0
0
0
0
0
0
0
0
0
0
0
0
0
0
0
0
0
0
0
0
0
0
0
0
0
0
0
0
0
0
0.005058974137044155
0
0
0
0
0
0
0
0
0
0
0
0
0
0
0
0
0
0
0
0
0
0
0
0
0
0
0
0
0
0
0
0
0
0
0
0
0
0
0
0
0
0
0
0
0
0
0
0
0
0
0
0
0
0
0
0
0
0
0
0
0
0
0
0
0
0
0
0
0
0
0
0
0
0.0025115314095932964
0
0.005488252346305062
0.0028125028572891053
0
0.03031241128301777
0.0027370866734205837
0
0
0
0
0
0
0
0
0
0
0
0
0
0
0
0
0
0
0
0.006699968815036244
0
0
0
0
0
0
0
0
0
0
0
0
0
0
0
0
0
0
0
0
0
0
0
0
0
0
0
0.0024816124158783598
0
0
0
0
0
0
0
0
0
0
0
0
0
0.0022511513637286647
0
0
0
0
0
0
0
0
0
0
0
0
0
0
0
0
0
0
0
0
0
0
0
0
0
0
0.0044971392664976
0
0
0
0
0
0
0
0
0
0
0
0
0
0
0
0
0
0
0
0
0
0
0
0
0
0
0
0
0
0
0
0
0
0
0
0
0
0
0
0
0
0
0
0
0
0
0
0
0
0
0
0
0
0
0
0
0
0
0
0
0
0
0
0
0
0
0
0
0.0023513443249057746
0
0
0
0
0
0
0.0023058716671222894
0
0
0
0
0
0
0
0
0
0
0
0
0
0
0
0
0
0
0
0
0
0
0
0
0
0
0
0
0
0
0
0
0
0
0
0
0
0
0
0
0
0
0
0
0
0
0
0
0
0
0
0
0.005901117745632447
0
0
0
0
0
0
0
0.006803061296110438
0
0
0
0
0
0
0
0
0
0
0
0
0
0
0
0
0
0
0
0
0
0
0
0
0
0
0
0
0
0
0
0
0
0
0
0
0
0
0
0
0
0.002864049097826203
0
0
0
0
0
0
0
0
0
0
0
0
0
0
0
0
0
0
0
0
0
0
0.0021724183075580985
0
0
0
0
0
0
0
0
0
0
0
0
0
0
0
0.0017485343047038999
0
0
0
0
0
0
0
0
0
0
0
0
0
0
0
0
0
0
0
0
0
0
0
0
0
0
0
0
0
0
0
0
0
0
0
0
0
0
0
0
0
0
0
0
0
0
0
0
0
0
0
0
0
0
0
0
0
0
0
0
0
0
0
0
0
0
0
0
0
0
0
0
0
0
0
0
0
0
0
0
0
0
0
0
0
0
0
0
0
0
0
0
0
0
0
0
0
0
0
0
0
0
0
0
0
0
0
0
0
0
0.004824310681785695
0
0
0
0
0
0
0
0
0
0
0
0
0
0
0
0
0
0
0
0
0.005343516406895451
0
0
0
0
0
0
0
0
0
0
0
0
0
0
0
0
0
0
0
0
0
0
0
0
0
0
0
0
0
0
0
0
0
0
0
0
0
0
0
0
0
0
0
0
0
0
0
0
0
0
0
0
0
0
0
0
0
0
0
0
0
0
0
0
0
0
0
0
0
0
0
0
0
0
0
0
0.004659193774497622
0
0
0
0
0
0
0
0
0
0
0
0
0
0
0
0
0
0
0
0
0
0
0
0
0
0
0
0
0
0
0
0
0
0
0
0
0
0.002246001455222311
0
0.0024573477675714265
0
0
0
0
0
0
0
0
0
0
0
0
0
0
0.002534080874955463
0
0
0
0
0
0
0
0
0
0
0
0
0
0
0
0
0.003076199775455782
0.002608728422702633
0
0
0
0
0
0
0
0
0
0
0
0
0
0
0
0
0
0
0
0
0
0
0
0
0
0
0
0
0
0
0
0
0
0
0
0
0.0019068883531871124
0
0
0
0
0
0
0
0
0
0
0
0
0
0
0
0
0
0.002587682735283998
0
0
0
0
0.002964242059003313
0
0
0
0
0
0
0
0
0.002297263173046761
0
0
0
0
0
0
0
0
0
0
0
0
0.0024050130711173326
0
0
0
0
0
0
0
0
0
0
0
0
0
0
0.009483741838056118
0
0
0
0
0
0
0
0
0
0
0
0
0
0
0
0
0
0.005144944152495558
0
0
0
0
0
0
0
0
0
0
0
0
0
0
0
0
0
0
0
0
0
0
0
0
0
0
0
0
0
0
0
0
0
0
0
0
0
0
0
0
0
0
0
0
0
0
0
0
0
0
0
0
0
0
0
0
0
0
0
0
0
0
0
0
0
0
0
0
0
0
0
0
0
0
0
0
0
0
0
0
0
0
0
0
0
0.00231463435135249
0
0
0
0
0
0
0
0
0
0
0
0
0
0
0
0
0
0
0
0
0
0
0
0
0
0
0
0
0
0
0
0
0
0
0
0
0
0
0
0
0
0
0
0
0
0
0
0
0
0
0
0
0
0
0
0
0
0
0
0
0
0
0
0
0
0
0
0
0
0
0
0
0
0
0
0
0
0
0
0
0
0
0
0
0
0
0
0
0
0
0
0
0
0
0.010877292722627368
0
0
0
0.0027964608696066247
0
0
0
0
0
0
0.008665153150337055
0
0
0
0
0
0
0
0
0
0
0
0
0
0
0
0
0
0
0
0
0
0
0
0
0
0
0
0
0
0
0
0
0
0
0
0
0
0
0
0
0
0
0
0
0
0
0
0
0
0
0
0
0
0
0
0
0
0
0
0
0
0
0
0
0
0
0
0
0
0
0
0
0
0
0
0
0
0
0
0
0
0
0
0
0
0
0
0
0
0
0
0
0
0
0
0
0
0
0
0
0
0.003049012959822313
0
0
0
0
0
0
0
0
0
0
0
0
0
0
0
0
0
0
0
0
0
0
0
0
0
0
0
0
0
0
0
0
0
0
0
0
0
0
0
0.0025159589220785793
0
0
0
0
0.005728098195652406
0
0
0
0.002964242059003313
0
0
0
0
0
0
0
0
0
0
0
0
0
0
0
0
0
0
0
0
0
0
0
0
0
0
0
0
0
0
0
0.0032216261568001714
0
0
0
0
0
0
0
0
0
0
0
0
0
0
0
0
0
0
0
0
0
0
0
0
0
0
0
0
0
0
0
0
0
0
0
0
0
0
0
0
0
0
0
0
0
0
0
0
0
0
0
0
0
0
0
0
0
0
0
0
0
0
0
0
0
0
0
0
0
0
0
0
0
0
0
0
0
0
0
0
0
0
0
0
0
0
0
0
0
0
0
0
0
0
0
0
0
0
0
0
0
0
0
0
0.002445652307271253
0
0
0
0
0
0
0
0
0
0
0
0
0
0
0
0
0
0
0
0
0
0
0
0
0
0
0
0
0
0
0
0
0
0
0
0
0
0
0
0
0
0
0
0
0
0
0
0
0
0
0
0
0
0
0
0
0
0
0
0
0
0
0
0
0
0
0
0
0
0
0
0
0
0
0
0
0
0
0
0
0
0
0
0
0
0
0
0
0
0
0
0
0
0
0
0
0
0
0
0
0
0
0
0
0
0
0
0
0
0
0
0
0
0
0
0
0
0
0
0
0
0
0
0
0
0
0
0
0
0
0
0
0
0
0
0
0
0
0
0.0025481269150153607
0
0
0
0
0
0
0
0
0
0
0
0
0
0.0167858149996977
0.018939937755677393
0.051272367766873696
0
0
0
0
0
0
0
0
0
0
0
0
0
0
0
0
0.006651603025089221
0
0
0
0
0
0
0
0
0
0
0
0
0
0
0
0
0
0
0
0
0.007875386870904343
0
0
0
0
0.0031049867128446927
0
0
0
0
0
0
0
0
0
0
0
0
0
0.002653747453387688
0
0
0
0.009314960138534079
0.004846136276222387
0
0
0
0
0
0
0
0
0
0.002364219720364372
0
0
0
0
0
0
0
0.0027033328223995704
0.0026251289569681146
0
0
0
0
0
0
0
0
0
0
0
0
0
0
0
0
0
0
0
0
0
0
0
0
0
0
0
0
0
0
0
0
0
0
0
0
0
0.00231463435135249
0
0
0
0
0
0
0
0
0
0
0
0
0
0
0
0
0
0
0
0.004748207256107922
0
0
0
0
0
0
0
0
0
0
0
0
0
0
0
0
0
0
0
0
0
0
0
0
0
0.0034907290613595023
0
0
0
0
0
0
0
0.0026656806496323845
0.0026307202954336836
0
0
0
0
0
0
0
0
0
0
0
0
0
0
0
0
0.004572031709865833
0
0
0
0
0
0
0
0
0
0
0
0
0.0020951168158050417
0
0
0
0
0
0
0
0
0
0
0
0
0
0
0
0
0
0.002846256708310119
0
0
0
0
0
0
0
0
0
0
0
0
0
0
0
0
0
0
0
0
0
0
0
0
0
0
0
0
0
0
0
0
0
0
0
0
0
0
0
0
0
0
0
0
0
0
0
0
0
0
0
0
0
0
0
0
0
0
0
0
0
0
0
0
0
0
0
0
0
0
0
0
0.002659677668912319
0
0
0.002892013096769426
0.0018639991099423832
0
0
0
0
0
0
0
0
0
0
0
0
0
0
0
0
0
0
0
0
0
0
0
0
0
0
0
0
0
0
0
0
0
0
0
0
0
0
0
0
0.005917748644145302
0
0
0
0
0
0.005577265827915363
0
0
0
0
0
0
0
0
0.0023001158737858966
0
0
0
0
0
0
0.0032816077233815476
0
0
0
0
0
0
0
0
0
0
0
0
0
0
0
0
0
0
0.002864049097826203
0
0
0
0
0
0
0
0
0
0
0
0
0
0
0
0
0
0
0
0
0
0
0
0
0
0
0
0
0
0
0
0
0
0
0
0
0.0026656806496323845
0
0
0
0
0
0.002104616857809494
0
0
0
0
0
0
0
0
0
0
0
0
0
0
0
0
0
0
0
0
0
0
0
0
0
0.020932387452046668
0
0
0
0
0
0
0
0
0
0
0
0
0
0
0
0
0
0
0
0
0
0
0
0
0
0
0
0
0
0
0
0
0
0
0
0
0
0
0
0
0
0
0
0
0
0
0
0
0
0
0
0
0
0
0
0
0
0
0
0
0
0
0
0
0
0
0
0
0
0
0
0
0
0
0
0
0
0
0
0
0
0
0
0
0
0
0
0
0
0
0
0
0
0
0
0
0
0
0.005105799989468455
0
0
0
0
0
0
0
0
0
0
0
0
0
0
0
0
0
0
0
0
0
0
0
0
0
0
0
0
0
0
0
0
0
0
0
0
0
0
0
0
0
0
0
0
0
0
0
0
0
0
0
0
0
0
0
0
0
0
0
0
0
0
0
0
0
0
0
0
0
0.0024816124158783598
0
0
0
0
0.02074287913992575
0
0
0
0
0
0
0.005239201597640796
0
0
0
0
0
0
0
0
0
0
0
0
0
0
0
0
0
0
0
0
0
0
0
0
0
0
0
0
0
0
0
0
0
0
0.0022723108469937412
0
0
0
0
0
0
0
0
0
0
0
0
0
0
0
0
0
0
0
0
0
0
0
0
0
0
0
0
0
0
0
0
0
0
0
0
0
0
0
0
0
0
0
0
0
0
0
0
0
0
0
0
0
0
0
0
0
0.01375634221464023
0
0
0
0
0.010687032813790902
0
0
0
0
0
0
0
0
0
0
0
0
0
0
0
0
0
0
0
0
0
0
0
0
0
0
0
0
0
0
0
0
0
0
0
0
0
0
0
0
0
0
0
0
0
0
0
0
0
0
0
0
0
0
0
0
0
0
0
0
0
0.005625005714578211
0
0
0
0
0
0
0
0
0
0
0
0
0
0
0
0
0
0
0
0
0
0
0
0
0
0
0
0
0
0
0
0
0
0
0
0
0
0
0
0
0
0
0
0
0
0
0
0
0
0.002367492219459674
0
0
0
0
0
0
0
0
0
0
0
0.002380805606702768
0
0
0.002419403425914932
0
0
0
0
0
0
0.0028207255179135584
0
0
0
0
0
0
0
0
0
0
0
0
0
0
0
0
0
0
0
0
0.0025071436062749208
0
0
0
0
0.016015810999307004
0
0
0
0
0
0
0
0
0
0
0
0
0
0
0
0
0
0
0
0
0
0
0
0
0
0.005105799989468455
0.006240082680744918
0.005058974137044155
0
0
0
0
0
0
0
0
0
0
0
0
0
0
0
0
0
0
0
0
0
0
0
0
0
0
0
0
0.006471690409442455
0
0
0
0
0
0
0
0
0
0
0
0.0027233044439848226
0
0
0.002829088743627502
0
0
0
0
0
0
0
0
0
0
0
0
0
0
0
0
0
0
0
0
0
0.0050408537380546865
0
0
0
0
0
0
0
0
0
0
0
0
0
0
0
0
0
0
0
0
0
0
0
0
0
0
0
0
0
0
0
0
0
0
0
0
0
0
0
0
0
0
0
0
0
0
0
0
0
0
0
0
0
0
0
0
0
0
0
0
0
0
0
0
0
0
0
0
0
0
0
0
0
0
0
0
0
0
0
0
0
0
0
0
0
0
0
0
0
0.002592859892490719
0
0
0
0
0
0
0
0
0
0
0
0
0
0
0
0
0
0
0
0
0
0
0
0
0
0
0
0
0
0
0
0.007979033006736956
0.0033750789742439296
0
0
0
0
0
0
0
0
0
0
0
0
0
0
0
0.0026251289569681146
0
0
0
0
0
0
0
0
0
0
0
0
0
0
0
0
0
0
0
0
0
0
0
0
0
0
0
0.01772952807623971
0
0
0
0
0
0
0
0
0
0
0
0
0
0
0
0
0
0
0
0
0
0.0030903815449632444
0
0
0
0
0
0
0
0
0
0
0
0
0
0
0
0
0
0
0
0
0
0
0
0
0
0
0
0
0
0
0
0
0
0
0
0
0
0
0
0
0
0
0
0
0
0.002557720100626112
0
0
0
0
0
0
0
0
0
0
0
0.0029424946213463493
0
0
0
0
0
0
0
0
0
0
0
0
0
0.003349984407518122
0
0
0
0
0
0
0
0
0
0
0
0
0
0
0
0
0
0
0
0
0
0
0
0
0
0
0
0
0
0
0
0.0034907290613595023
0
0
0
0
0
0
0
0
0
0
0
0
0
0
0
0
0
0
0
0
0
0
0
0
0
0
0
0
0
0
0
0
0
0
0
0
0
0
0
0
0
0
0
0
0
0
0
0
0
0
0
0
0
0
0
0
0
0
0
0
0
0
0
0
0
0
0
0
0
0
0
0
0
0
0
0
0
0
0
0
0
0
0
0
0
0
0
0
0
0
0
0
0
0
0
0
0
0
0
0
0
0.002829088743627502
0
0
0
0
0
0
0
0
0
0.00536828921314231
0
0
0
0
0
0
0
0
0
0
0
0
0
0
0
0
0
0
0
0
0
0
0
0
0
0
0
0.0029115851782829773
0
0
0
0
0
0
0
0
0
0
0
0
0.0023979735713853855
0
0
0
0
0
0
0
0
0
0
0
0
0.011154531655830725
0
0
0
0
0
0
0
0
0
0
0
0
0
0
0
0
0
0
0
0
0
0
0
0
0
0
0
0
0
0
0
0
0
0
0
0
0
0
0.002901701270593389
0
0
0
0
0
0
0
0
0
0
0
0
0
0.003240814372628587
0
0
0
0
0
0
0
0
0
0
0
0
0
0
0
0
0
0
0
0
0
0
0
0
0
0
0
0
0
0
0
0
0
0
0
0
0
0
0
0
0
0.0023058716671222894
0
0
0
0
0
0
0
0
0
0
0
0
0
0
0
0
0
0
0
0
0
0
0
0
0
0
0
0
0
0
0
0.0027809282383372603
0
0
0
0
0
0
0
0
0
0
0
0
0
0.01003744493723532
0
0
0
0
0
0
0
0
0
0
0
0
0
0
0
0
0
0.0024157659609014693
0
0
0
0
0
0
0
0
0
0
0
0
0
0
0
0
0
0
0
0
0
0
0
0
0
0
0
0
0
0
0
0
0
0
0
0
0
0
0
0.0030232577086063534
0
0
0
0
0
0
0
0
0
0
0
0
0
0
0
0
0
0
0
0
0
0
0
0
0
0
0
0
0
0
0
0
0
0
0
0
0
0
0
0
0
0
0
0
0
0
0
0
0
0
0
0
0
0
0
0
0
0
0
0
0
0
0
0
0
0
0
0
0
0
0
0
0
0
0
0
0
0
0
0
0
0
0
0
0
0
0
0
0
0
0
0
0
0
0
0
0
0
0
0
0
0
0
0
0
0
0
0
0
0
0
0
0
0
0
0
0
0
0
0
0
0
0
0
0
0
0
0
0
0
0
0
0
0
0
0
0
0
0
0
0
0
0
0
0
0
0
0
0
0
0
0
0
0
0
0
0.002987001362151499
0
0
0
0
0
0
0
0
0
0
0
0
0
0
0.003240814372628587
0
0
0
0
0
0
0
0
0
0
0
0
0
0
0
0
0
0
0
0
0
0
0
0
0
0
0
0
0
0
0
0
0
0
0
0
0
0
0
0
0
0
0
0
0
0
0
0
0
0
0
0
0
0
0
0
0
0
0
0
0
0
0
0
0
0
0
0
0
0
0
0
0
0
0
0
0
0
0
0
0
0
0
0
0
0
0
0
0
0
0
0
0
0
0
0
0
0
0
0
0
0
0
0
0
0
0
0
0
0
0
0
0
0
0
0
0
0
0
0
0
0
0
0
0.004853521017548592
0
0
0
0
0
0
0.007926295224115533
0
0
0.008743291575023224
0
0
0
0
0
0.0036424682630737094
0
0
0
0
0
0
0
0
0
0
0
0
0
0
0
0
0
0
0
0
0
0
0
0
0
0
0
0
0
0
0
0
0.0032816077233815476
0
0
0
0
0
0
0
0
0
0
0
0
0
0
0
0
0
0
0
0
0.0035244829123805155
0
0
0
0
0
0
0
0
0
0
0
0
0
0
0
0
0
0
0
0
0
0
0
0
0
0
0
0
0
0
0
0
0
0
0
0
0
0
0
0
0
0
0
0
0
0
0
0
0
0
0
0
0
0
0
0
0
0
0
0
0
0
0
0
0
0
0
0
0
0
0
0
0
0
0
0
0
0
0
0
0
0
0
0
0
0
0
0
0
0
0.0027301470281211925
0
0
0
0
0
0
0
0
0
0
0.006750157948487859
0
0
0
0
0
0
0
0
0
0
0
0
0
0
0
0
0
0
0
0
0
0
0
0
0
0
0
0.0032216261568001714
0
0
0.010573448737141547
0
0
0
0
0
0
0
0
0
0
0
0
0
0
0
0
0
0
0
0
0
0
0
0
0
0
0
0
0
0
0
0
0
0
0
0
0
0
0
0
0
0
0
0
0
0
0
0
0
0
0
0.035039127286360904
0
0
0
0
0
0
0
0
0
0
0
0
0
0
0
0
0
0
0
0
0
0
0
0
0
0
0
0
0
0
0
0
0.003240814372628587
0
0
0
0
0
0
0
0
0
0
0
0
0
0
0
0
0
0
0
0
0
0
0
0
0
0
0
0
0
0
0
0
0
0
0
0
0
0
0
0
0
0
0
0
0
0
0
0
0
0
0
0
0
0
0
0
0
0
0
0
0
0
0
0
0
0
0
0
0
0
0
0
0
0
0
0
0
0.010682217776506108
0
0
0
0
0
0
0
0
0
0
0
0
0
0
0
0
0
0
0
0
0
0
0
0
0
0
0
0
0
0
0
0
0
0
0
0
0
0
0
0
0
0
0
0
0
0
0
0
0
0
0
0
0
0
0
0
0
0
0
0
0
0
0
0
0
0
0
0
0
0
0
0
0
0
0
0
0
0
0
0
0
0
0
0
0
0
0
0
0
0
0
0
0
0
0
0
0
0
0
0
0
0
0
0
0
0
0
0
0
0
0
0
0
0
0
0
0
0
0
0
0
0
0
0
0
0
0
0.0034294946469984426
0
0
0
0
0
0
0
0
0
0
0
0
0
0
0
0
0
0
0
0
0
0
0
0
0
0
0
0
0
0
0
0
0
0
0
0
0
0
0
0
0
0
0
0
0
0
0
0
0
0
0
0
0
0
0
0
0
0
0
0
0
0
0
0
0
0
0.014399596384996148
0
0
0
0
0
0
0
0
0
0
0
0
0
0
0
0
0
0
0
0
0
0
0
0
0
0
0
0
0
0
0
0
0
0
0
0
0
0
0
0
0
0
0
0
0
0
0
0
0
0
0
0
0
0
0
0
0
0
0
0
0
0
0
0
0
0
0
0
0
0
0
0
0
0
0
0
0
0
0
0
0
0
0
0
0
0
0
0
0
0
0
0
0
0
0
0
0
0
0
0
0
0
0
0
0
0
0
0
0
0
0
0
0
0
0
0
0
0
0
0
0
0
0
0
0
0
0
0
0
0
0
0
0
0
0
0
0
0
0
0
0
0
0
0
0
0
0
0
0
0
0
0
0
0
0
0
0
0
0
0
0
0
0
0
0
0
0
0
0
0
0
0
0
0
0
0
0
0
0
0
0
0
0
0
0
0
0
0
0
0
0
0
0
0.0029216728921786406
0
0
0
0
0
0
0
0
0
0
0
0
0
0
0
0
0
0
0
0
0
0
0
0
0
0
0
0
0
0
0
0
0
0
0
0
0
0
0
0
0
0
0
0
0
0
0
0
0
0
0
0
0
0
0
0
0
0
0
0
0
0
0
0
0
0
0
0
0
0
0
0
0
0
0
0
0
0
0
0
0
0
0
0
0
0
0
0
0
0
0
0
0
0
0
0
0
0
0
0
0
0
0
0
0
0
0
0
0
0
0
0
0
0
0
0
0
0
0
0
0
0
0
0
0
0
0
0
0
0.0032816077233815476
0
0
0
0
0
0
0
0
0
0
0
0
0
0
0
0
0
0
0
0
0
0
0
0
0
0
0
0
0
0
0
0
0
0.003203162199861401
0
0
0
0
0
0
0
0
0
0
0
0
0
0
0
0
0
0
0
0
0
0
0
0
0
0
0
0
0
0
0
0
0
0
0
0
0
0
0
0
0
0
0
0
0
0
0
0
0
0
0
0
0
0
0
0
0
0
0
0
0
0
0
0
0
0
0
0
0
0
0
0
0
0
0
0
0
0
0
0
0
0
0
0
0
0
0
0
0
0
0
0
0
0
0
0
0
0
0
0
0
0
0
0
0
0
0
0
0
0
0
0
0
0
0
0
0
0
0
0
0
0
0
0
0
0
0
0
0
0
0
0
0
0
0
0
0
0
0
0
0
0
0
0
0
0
0
0
0
0
0
0
0
0
0
0
0
0
0
0
0
0
0
0
0
0
0
0
0
0
0
0
0
0
0
0
0
0
0
0
0
0
0
0
0
0
0
0
0
0
0
0
0
0
0
0
0
0
0
0
0
0
0
0
0
0
0
0
0
0
0
0
0
0
0
0
0
0
0
0
0
0
0
0
0
0
0
0
0
0
0
0
0
0
0
0
0
0
0
0
0
0
0
0
0
0
0
0
0
0
0
0
0
0
0
0
0
0
0
0
0
0
0
0
0
0
0
0
0
0
0
0
0
0
0
0
0
0
0
0
0
0
0
0
0
0
0
0
0
0
0
0
0.003740643750090417
0
0
0
0
0
0
0
0
0
0
0
0
0.010204591944165658
0
0
0
0
0
0
0
0
0
0
0
0
0
0
0
0
0
0
0
0
0
0
0
0
0
0
0
0
0
0
0
0
0
0
0
0
0
0
0
0
0
0
0
0
0
0
0
0
0
0
0
0
0
0
0
0
0
0
0
0
0
0
0
0
0
0
0
0
0
0
0
0
0
0
0
0
0
0
0
0
0
0
0
0
0
0
0
0
0
0
0
0
0
0
0
0
0
0
0
0
0
0
0
0
0
0
0
0
0
0
0
0
0
0
0
0
0
0
0
0
0
0
0
0
0
0
0
0
0
0
0
0
0
0
0
0
0
0
0
0
0
0
0
0
0
0
0
0
0
0
0
0
0
0
0
0
0
0
0
0
0
0
0
0
0
0
0
0
0
0
0
0
0
0
0
0
0
0
0
0
0
0
0
0
0
0
0
0
0
0
0
0
0
0
0
0
0
0
0
0
0
0
0
0
0
0
0
0
0
0
0
0
0
0
0
0
0
0
0
0
0
0
0
0
0
0
0
0
0
0
0
0
0
0
0
0
0
0
0
0
0
0
0
0
0.003349984407518122
0
0
0
0
0
0
0
0
0
0
0
0
0
0
0
0
0
0
0
0
0
0
0
0
0
0
0
0
0
0
0
0
0
0
0
0
0
0
0
0
0
0
0
0
0
0
0
0
0
0
0
0
0
0
0
0
0
0
0
0
0
0
0
0
0
0
0
0
0
0
0
0
0
0
0
0
0
0
0
0
0
0
0
0
0
0
0
0
0
0
0
0
0
0
0
0
0
0
0
0
0
0
0
0
0
0
0
0
0
0
0
0
0
0
0
0
0
0
0
0
0
0
0
0
0
0
0
0
0
0
0
0
0
0
0
0
0
0
0
0
0
0
0.003049012959822313
0
0
0
0
0
0
0
0
0
0
0
0
0
0
0
0
0
0
0.002931972994525917
0
0
0.003240814372628587
0
0
0
0
0
0
0
0
0
0
0
0
0
0
0
0
0
0
0
0
0
0
0
0
0
0
0
0
0
0
0
0
0
0
0
0
0
0
0
0
0
0
0
0
0
0
0
0
0
0
0
0
0
0
0
0
0
0
0
0
0
0
0
0
0
0
0
0
0
0
0
0
0
0
0
0
0
0
0
0
0
0
0
0
0
0
0
0
0
0
0
0
0
0
0
0
0
0
0
0
0
0
0
0
0
0
0
0
0
0
0
0
0
0
0
0
0
0
0
0
0
0
0
0
0
0
0
0
0
0
0
0
0
0
0
0
0
0
0
0
0
0
0
0
0
0
0
0
0
0
0
0
0
0
0
0
0
0
0
0
0
0
0
0
0
0
0
0
0
0
0
0
0
0
0
0
0
0
0
0
0
0
0
0
0
0
0
0
0.005261440590867367
0
0
0
0
0
0
0
0
0
0
0
0
0
0
0
0
0
0
0
0
0
0
0
0
0
0
0
0
0
0
0
0
0
0
0
0
0
0
0
0
0
0
0
0
0
0
0
0
0
0
0
0
0
0
0
0
0
0
0
0
0.003349984407518122
0
0
0
0
0
0
0
0
0
0
0
0
0
0
0
0
0
0
0
0
0
0
0
0
0
0
0
0
0
0
0
0
0
0
0
0
0
0
0
0
0
0
0
0
0
0
0
0
0
0
0
0
0
0
0
0.01274147924138127
0
0
0
0
0
0
0
0
0
0
0
0
0
0
0
0
0
0
0
0
0
0
0
0
0
0
0
0
0
0
0
0
0
0
0
0
0
0
0
0
0
0
0
0
0
0
0
0
0
0
0
0
0
0
0
0
0
0
0
0
0
0
0
0
0
0
0
0
0
0.0031682018456627
0
0.0035244829123805155
0
0
0
0
0
0
0
0
0
0
0
0
0
0
0
0
0.003203162199861401
0
0
0
0
0
0
0
0
0
0
0
0
0.005675194848029827
0
0
0
0
0
0
0
0
0
0
0
0
0
0
0
0
0
0
0
0
0
0
0
0
0
0
0
0
0
0
0
0
0
0
0
0
0
0
0
0
0
0
0
0
0
0
0
0
0
0
0
0
0
0
0
0
0
0
0
0
0
0
0
0
0
0
0
0
0
0
0
0
0
0
0
0
0
0
0
0
0
0
0
0
0
0
0
0
0
0
0
0
0
0
0
0
0
0
0
0
0
0
0
0
0
0
0
0
0
0
0
0
0
0
0
0
0
0
0
0
0
0
0.0030232577086063534
0
0
0
0
0
0
0
0
0
0
0
0
0
0
0
0
0
0
0
0
0
0
0
0
0
0
0
0
0
0
0
0
0
0
0
0
0
0
0
0
0
0
0
0
0
0
0
0
0
0
0
0
0
0
0
0
0
0
0
0
0
0
0
0
0
0
0
0
0
0
0
0
0
0
0
0
0
0
0
0
0
0
0
0
0
0
0
0
0
0
0
0
0
0
0
0
0
0
0
0
0
0
0
0
0
0
0
0
0
0
0
0
0
0
0
0
0
0
0
0
0
0
0
0
0
0
0
0
0
0
0
0
0
0
0
0
0
0
0
0
0
0
0
0
0
0
0
0
0
0
0
0
0
0
0
0
0
0
0
0
0
0
0
0
0
0
0
0
0
0
0
0
0
0
0
0
0
0
0
0
0
0
0
0
0
0
0
0
0
0
0
0
0
0
0
0
0
0
0
0
0
0
0
0
0
0
0
0
0
0
0
0
0
0
0
0
0
0
0
0.01538099887727891
0
0
0
0
0
0
0
0
0
0
0
0
0
0.0032816077233815476
0
0
0
0
0
0
0
0
0
0.0063364036913254
0
0
0
0
0
0
0
0
0
0
0
0
0
0
0
0
0
0
0
0
0
0
0
0
0
0
0
0
0
0
0
0
0
0
0
0
0
0
0
0
0
0
0
0
0
0
0
0
0
0
0
0
0
0
0
0
0
0
0
0
0
0
0
0
0
0
0
0
0
0
0
0
0
0
0
0
0
0
0
0
0
0
0
0
0
0
0
0
0
0
0
0
0
0
0
0
0
0
0
0
0
0
0
0
0
0
0
0
0
0
0
0
0
0
0
0
0
0
0
0
0
0
0
0
0
0
0
0
0
0
0
0
0
0
0
0
0
0
0
0
0
0
0
0
0
0
0
0
0
0
0
0
0
0
0
0
0
0
0
0
0
0
0
0
0
0.003599899096249037
0
0
0
0
0
0
0
0
0
0
0
0
0
0
0
0
0
0
0
0
0
0
0
0
0
0
0
0
0
0
0
0
0
0
0
0
0
0
0
0
0
0
0
0
0
0
0
0
0
0
0
0.0034907290613595023
0
0
0
0
0
0
0
0
0
0
0
0
0
0
0
0
0
0
0
0
0
0
0
0
0
0
0
0
0
0
0
0
0
0
0
0
0
0
0
0
0
0
0
0
0
0
0
0
0
0
0
0.0031516159593243036
0
0
0
0
0
0
0
0
0
0
0
0
0
0
0
0
0
0
0
0.003326114464186697
0
0
0
0
0
0
0
0
0
0
0
0
0
0
0
0
0
0
0
0
0
0
0
0
0
0
0
0
0
0
0
0
0
0
0
0
0
0
0
0
0
0
0
0
0
0
0
0
0
0
0
0
0
0
0
0
0
0
0
0
0
0
0
0
0
0
0
0
0
0
0
0
0
0
0
0
0
0
0
0
0
0
0
0
0
0
0
0
0
0
0
0
0
0
0
0
0
0
0
0
0
0
0
0
0
0
0
0
0
0
0
0
0
0
0
0
0
0
0
0
0
0
0
0
0
0
0
0
0
0
0
0
0
0
0
0
0
0
0
0
0
0
0
0
0
0
0
0
0
0
0
0
0
0.0032216261568001714
0
0
0
0
0
0
0
0
0
0
0
0
0
0
0
0
0
0
0
0
0
0
0
0
0
0
0
0
0
0
0
0
0
0
0
0
0
0
0
0
0
0
0
0
0
0
0
0
0
0
0
0
0
0
0
0
0
0
0
0
0
0
0
0
0
0
0
0
0
0
0.013962916245438009
0
0
0
0
0
0
0
0
0
0
0
0
0
0
0
0
0
0
0
0
0
0
0
0
0
0
0
0
0
0
0
0
0
0
0
0
0
0
0
0
0
0
0
0
0
0
0
0.005928484118006626
0
0
0
0
0
0
0
0
0
0
0
0
0
0
0
0
0
0
0
0
0
0
0
0
0
0
0
0
0
0
0
0.003135573971641823
0
0
0
0
0
0
0
0
0
0.006606710322077022
0
0
0
0
0
0
0
0
0
0
0
0
0
0
0
0
0
0
0
0
0
0
0
0
0
0
0
0
0
0
0.0031853698103453173
0
0
0.0031853698103453173
0
0
0
0
0
0
0
0
0
0
0
0
0
0
0
0
0
0
0
0
0
0
0
0
0
0
0
0
0
0
0
0
0
0
0
0
0
0
0
0
0
0
0
0
0
0
0
0
0
0
0
0
0
0
0
0
0
0
0
0
0
0
0
0
0
0
0
0
0
0
0
0
0
0
0
0
0.0035607392588353696
0
0
0
0
0
0
0
0
0.009314960138534079
0
0
0
0
0
0
0
0
0
0
0
0
0
0
0
0
0
0
0
0
0
0
0
0
0
0
0
0
0
0
0
0
0
0
0
0
0
0
0
0
0.0032216261568001714
0
0
0
0
0
0
0
0
0
0
0
0
0
0
0
0
0
0
0
0
0
0
0
0
0
0
0
0
0
0
0
0
0
0
0
0
0
0
0
0
0
0
0
0
0
0
0
0
0
0
0
0
0
0
0
0
0
0
0
0
0
0
0
0
0
0
0
0
0
0
0
0
0
0
0
0
0
0
0
0
0
0
0
0
0
0
0
0
0
0
0
0
0
0
0
0
0
0
0
0
0
0
0
0
0
0
0
0
0
0
0
0
0
0
0
0
0
0
0
0
0
0
0
0
0
0
0
0
0
0
0
0
0
0
0
0
0
0
0
0
0
0
0
0
0
0
0
0
0
0
0
0
0
0
0
0
0
0
0
0
0
0
0
0
0
0
0
0
0
0
0
0
0
0
0
0
0
0
0
0
0
0
0
0
0
0
0
0
0.0069814581227190045
0
0
0
0
0
0
0
0
0
0
0
0
0
0
0
0
0
0
0
0
0
0
0
0
0
0
0
0
0
0
0
0
0
0
0
0
0
0
0
0
0
0
0
0
0
0
0
0
0
0
0
0
0
0
0
0
0
0
0
0
0
0
0
0
0
0
0
0
0
0
0
0
0
0
0
0
0
0
0
0
0
0
0
0
0
0
0
0
0
0
0
0
0
0
0
0
0
0
0
0
0
0
0
0
0
0
0
0
0
0
0
0
0
0
0
0
0
0
0
0
0
0
0
0
0
0
0
0
0
0
0
0
0
0
0
0
0
0
0
0
0
0
0
0
0
0
0
0
0
0
0
0
0
0
0
0
0
0
0
0
0
0
0
0
0
0
0
0
0
0
0
0
0
0
0
0
0
0
0
0
0
0
0
0
0
0
0
0
0
0
0
0
0
0
0
0
0
0
0
0
0
0
0
0
0
0
0
0
0
0
0
0
0
0
0
0
0
0
0
0
0
0
0
0
0
0
0
0
0
0
0
0
0
0
0
0
0
0
0
0
0
0
0
0
0
0
0
0
0
0
0
0
0
0
0
0
0
0
0
0
0
0
0
0
0
0
0
0
0
0
0
0
0
0
0
0
0
0
0
0
0
0
0
0
0
0
0
0
0.009187252638060063
0
0
0
0
0
0
0
0
0
0
0
0
0
0
0
0
0
0
0
0
0
0
0.0030903815449632444
0
0
0
0
0
0
0
0
0
0
0
0
0
0
0
0
0
0
0
0
0
0
0
0
0
0
0
0
0
0
0
0
0
0
0
0
0
0
0
0
0
0
0
0
0
0
0
0
0
0
0
0
0
0
0
0
0
0
0
0
0
0
0
0
0
0
0
0
0
0
0
0
0
0
0
0
0
0
0
0
0
0
0
0
0
0
0
0
0
0
0
0
0
0
0
0
0
0
0
0
0
0
0
0
0
0
0
0
0
0
0
0
0
0
0
0
0
0
0
0
0
0
0
0
0
0
0
0
0
0
0
0
0
0
0
0
0
0
0
0
0
0
0
0.0035244829123805155
0
0
0
0
0
0
0
0
0
0
0
0
0
0
0
0
0
0
0
0
0
0
0
0
0
0
0
0
0
0
0
0
0
0
0
0
0
0
0
0
0
0
0
0
0
0
0
0
0
0
0
0
0
0
0
0
0
0
0
0
0
0
0
0
0
0
0
0
0
0
0
0
0
0
0
0
0
0
0
0
0
0
0
0
0
0
0
0
0
0
0
0
0
0
0
0
0
0
0
0
0
0
0
0
0
0
0
0
0
0
0
0
0
0
0
0
0
0
0
0
0
0
0
0
0
0
0
0
0.002931972994525917
0
0
0
0
0
0
0
0
0
0
0
0
0
0
0
0
0
0
0
0
0
0
0
0
0
0
0
0
0
0
0
0
0
0
0
0
0
0
0
0
0
0
0
0
0
0
0
0
0
0
0
0
0
0
0
0
0
0
0
0
0
0
0
0
0
0
0
0
0
0
0
0
0
0
0
0
0
0
0
0
0
0
0
0
0
0
0
0
0
0
0
0
0
0
0
0
0
0
0
0
0
0
0
0
0
0
0
0
0
0
0
0
0
0
0
0
0
0
0
0
0
0
0
0
0
0
0
0
0
0
0
0
0
0
0
0
0
0
0
0
0
0
0
0
0
0
0
0
0
0
0
0
0
0
0
0
0
0
0
0
0
0
0
0
0
0
0
0
0
0
0
0
0
0
0
0
0
0
0
0
0
0
0
0
0
0
0
0
0
0
0
0
0
0
0
0
0
0
0
0
0
0
0
0
0
0
0
0
0
0
0
0
0
0
0
0
0
0
0
0
0
0
0
0
0
0
0
0
0
0
0
0
0
0
0
0
0
0
0
0
0
0
0
0
0
0
0
0
0
0
0
0
0
0
0
0
0
0
0
0
0
0
0
0
0
0
0
0
0
0
0
0
0
0
0
0
0
0
0
0
0
0
0
0
0
0
0
0
0
0
0
0
0
0
0
0
0
0
0
0
0
0
0
0
0
0
0
0
0
0
0
0
0
0
0
0
0
0
0
0
0
0
0
0
0
0
0
0
0
0
0
0
0
0.0034294946469984426
0
0
0
0
0
0
0
0
0
0
0
0
0
0
0
0
0
0
0
0
0
0
0
0
0
0
0
0
0
0
0
0
0
0
0
0
0
0
0
0
0
0
0
0
0
0
0
0
0
0
0
0
0
0
0
0
0
0
0
0
0
0
0
0
0
0
0
0
0
0
0
0
0
0
0
0
0
0
0
0
0
0
0
0
0
0
0
0
0
0
0
0
0
0
0
0
0
0
0
0
0
0
0
0
0
0
0
0
0
0
0
0
0
0
0
0.0034907290613595023
0
0
0
0
0
0
0
0
0
0
0
0
0
0
0
0
0
0
0
0
0
0
0
0
0
0
0
0
0
0
0
0
0
0
0
0
0
0
0
0
0
0
0
0
0
0
0
0
0
0
0
0
0
0
0
0
0
0
0
0
0
0
0
0
0
0
0
0
0
0
0
0
0
0
0
0
0
0
0
0
0
0
0
0
0
0
0
0
0
0
0
0
0
0
0
0
0
0
0
0
0
0
0
0
0
0
0
0
0
0
0
0
0
0
0
0
0
0
0
0
0
0
0
0
0
0
0
0
0
0
0
0
0
0
0
0
0
0
0
0
0
0
0
0
0
0
0
0
0
0
0.0029754893771171574
0
0
0
0
0
0
0
0
0
0
0
0
0
0
0
0
0
0
0
0
0
0
0
0
0
0
0
0
0
0
0
0
0
0
0
0
0
0
0
0
0
0
0
0
0
0
0
0
0
0
0
0
0
0
0
0
0
0
0
0
0
0
0
0
0
0
0
0
0
0
0
0
0
0
0
0
0
0
0
0
0
0
0
0
0
0
0
0
0
0
0
0
0
0
0
0
0
0
0
0
0
0
0
0
0
0
0
0
0
0
0
0
0
0
0
0
0
0
0
0
0
0
0
0
0
0
0
0
0.0032816077233815476
0
0
0
0
0
0
0
0
0
0
0
0
0
0
0
0
0
0
0
0
0
0
0
0
0
0
0
0
0
0
0
0
0
0
0
0
0
0
0
0
0
0
0
0
0
0
0
0
0
0
0
0
0
0
0
0
0
0
0
0
0
0
0
0
0
0
0
0
0
0
0
0
0
0
0
0
0
0
0
0
0
0
0
0
0
0
0
0
0
0
0
0
0
0
0
0
0
0
0
0
0
0
0
0
0
0
0
0
0
0
0
0
0
0
0
0
0
0
0
0
0
0
0
0
0
0
0
0
0
0
0
0
0
0
0
0
0
0
0
0
0
0
0
0
0
0
0
0
0.010472187184078507
0
0
0
0
0
0
0
0
0
0
0
0
0
0
0
0
0
0
0
0
0
0
0
0
0
0
0
0
0
0
0
0
0
0
0
0
0
0
0
0
0
0
0
0
0
0
0
0
0
0
0
0
0
0
0
0
0
0
0
0
0
0
0
0
0
0
0
0
0
0
0
0
0
0
0
0
0
0
0
0
0
0
0
0
0
0
0
0
0
0
0
0
0
0
0
0
0
0
0
0
0
0
0
0
0
0
0
0
0
0
0
0
0
0
0
0
0
0
0
0
0
0
0
0
0
0
0
0
0
0
0
0
0
0
0
0
0
0
0
0
0
0
0
0
0
0
0
0
0
0
0
0
0
0
0
0
0
0
0
0
0
0
0
0
0
0
0
0
0
0
0
0
0
0
0
0
0
0
0
0
0
0
0
0
0
0
0
0
0
0
0
0
0
0
0
0
0
0
0
0
0
0
0
0
0
0
0
0
0
0
0
0
0
0
0
0
0
0
0
0
0
0
0
0
0
0
0
0
0
0
0
0
0
0
0
0
0
0
0
0
0
0
0
0
0
0
0
0
0
0
0
0
0
0
0
0
0
0
0
0
0
0
0
0
0
0
0
0
0
0
0
0
0
0
0
0
0
0
0
0
0
0
0
0
0
0
0
0
0
0
0
0
0
0
0
0
0
0
0
0
0
0
0
0
0
0
0
0
0
0
0
0
0
0
0
0
0
0
0
0
0
0
0
0
0
0
0
0
0
0
0
0
0
0
0
0
0
0
0
0
0
0
0
0
0
0
0
0
0
0
0
0
0
0
0
0
0
0
0
0
0
0
0
0
0
0
0
0
0
0
0
0
0
0
0
0
0
0
0
0
0
0
0
0
0
0
0
0
0
0
0
0
0
0
0
0
0
0
0
0
0
0
0
0
0
0
0
0
0
0
0
0
0
0
0
0
0
0
0
0
0
0
0
0
0
0
0
0
0
0
0
0
0
0
0
0
0
0
0
0
0
0
0
0
0
0
0
0
0
0
0
0
0
0
0
0
0
0
0
0
0
0
0
0
0
0
0
0
0
0
0
0
0
0
0
0
0
0
0
0
0
0
0
0
0
0
0
0
0
0
0
0
0
0
0
0
0
0
0
0
0
0
0
0
0
0
0
0
0
0
0
0
0
0
0
0
0
0
0
0
0
0
0
0
0
0
0
0
0
0
0
0
0
0
0
0
0
0
0
0
0
0
0
0
0
0
0
0
0
0
0
0
0
0
0
0
0
0
0
0
0
0
0
0
0
0
0
0
0
0
0
0
0
0
0
0
0
0
0
0
0
0
0
0
0
0
0
0
0
0
0
0
0
0
0
0
0
0
0
0
0
0
0
0
0
0
0
0
0
0
0
0
0
0
0
0
0
0
0
0
0
0
0
0
0
0
0
0
0
0
0
0
0
0
0
0
0
0
0
0
0
0
0
0
0
0
0
0
0
0
0
0
0
0
0
0
0
0
0
0
0
0
0
0
0
0
0
0
0
0
0
0
0
0
0
0
0
0
0
0
0
0
0
0
0
0
0
0
0
0
0
0
0
0
0
0
0
0
0
0
0
0
0
0
0
0
0
0
0
0
0
0
0
0
0
0
0
0
0
0
0
0
0
0
0
0
0
0
0
0
0
0
0
0
0
0
0
0
0
0
0
0
0
0
0
0
0
0
0
0
0
0
0
0
0
0
0
0
0
0
0
0
0
0
0
0
0
0
0
0
0
0
0
0
0
0
0
0
0
0
0
0
0
0
0
0
0
0
0
0
0
0
0
0
0
0
0
0
0
0
0
0
0
0
0
0
0
0
0
0
0
0
0
0
0
0
0
0
0
0
0
0
0
0
0
0
0
0
0
0
0
0
0
0
0
0
0
0
0
0
0
0
0
0
0
0
0
0
0
0
0
0
0
0
0
0
0
0
0
0
0
0
0
0
0
0
0
0
0
0
0
0
0
0
0
0
0
0
0
0
0
0
0
0
0
0
0
0
0
0
0
0
0
0
0
0
0
0
0
0
0
0
0
0
0
0
0
0
0
0
0
0
0
0
0
0
0
0
0
0
0
0
0
0
0
0
0
0
0
0
0.0029754893771171574
0
0
0
0
0
0
0
0
0
0
0
0
0
0
0
0
0
0
0
0
0
0
0
0.007199798192498074
0.003863596014415714
0
0
0
0
0
0
0
0
0
0
0
0
0
0
0
0
0
0
0
0
0
0
0
0
0
0
0
0
0
0
0
0
0
0
0
0
0
0
0
0
0
0
0
0
0
0
0
0
0
0
0
0
0
0
0
0
0
0
0
0
0
0
0
0
0
0
0
0
0
0
0
0
0
0
0
0
0
0
0
0
0
0
0
0
0
0
0
0
0
0
0
0
0
0
0
0
0
0
0
0
0
0
0
0
0
0
0
0
0
0
0
0
0
0
0
0
0
0
0
0
0
0
0
0
0
0
0
0
0
0
0
0
0
0
0
0
0
0
0
0
0
0
0
0
0
0
0
0
0
0
0
0
0
0
0
0
0
0
0
0
0
0
0
0
0
0
0
0
0
0
0
0
0
0
0
0
0
0
0
0
0
0
0
0
0
0
0
0
0
0
0
0
0
0
0
0
0
0
0
0
0
0
0
0
0
0
0
0
0
0
0
0
0
0
0
0
0
0
0
0
0
0
0
0
0
0
0
0
0
0
0
0
0
0
0
0
0
0
0
0
0
0
0
0
0
0
0
0
0
0
0
0
0
0
0
0
0
0
0
0
0
0
0
0
0
0
0
0
0
0
0
0
0
0
0
0
0
0
0
0
0
0
0
0
0
0
0
0
0
0
0
0
0
0
0
0
0
0
0
0
0
0
0
0
0
0
0
0
0
0
0
0
0
0
0
0
0
0
0
0
0
0
0
0
0
0
0
0
0
0
0
0
0
0
0
0
0
0
0
0
0
0
0
0
0
0
0
0
0
0
0
0
0
0
0
0
0
0
0
0
0
0
0
0
0
0
0
0
0
0
0
0
0
0
0
0
0
0
0
0
0
0
0
0
0
0
0
0
0
0
0
0
0
0
0
0
0
0
0
0
0
0
0
0
0
0
0
0
0
0
0
0
0
0
0
0
0
0
0
0
0
0
0
0
0
0
0
0
0
0
0
0
0
0
0
0
0
0
0
0
0
0
0
0
0
0
0
0
0
0
0
0
0
0
0
0
0
0
0
0
0
0
0
0
0
0
0
0
0
0
0
0
0
0
0
0
0
0
0
0
0
0
0
0
0
0
0
0
0
0
0
0
0
0
0
0
0
0
0
0
0
0
0
0
0
0
0
0
0
0
0
0
0
0
0
0
0
0
0
0
0
0
0
0
0
0
0
0
0
0
0
0
0
0
0
0
0
0
0
0
0
0
0
0
0
0
0
0
0
0
0
0
0
0
0
0
0
0
0
0
0
0
0
0
0
0
0
0
0
0
0
0
0
0
0
0
0
0
0
0
0
0
0
0
0
0
0
0
0
0
0
0
0
0
0
0
0
0
0
0
0
0
0
0
0
0
0
0
0
0
0
0
0
0
0
0
0
0
0
0
0
0
0
0
0
0
0
0
0
0
0
0
0
0
0
0
0
0
0
0
0
0
0
0
0
0
0
0
0
0
0
0
0
0
0
0
0
0
0
0
0
0
0
0
0
0
0
0
0
0
0
0
0
0
0
0
0
0
0
0
0
0
0
0
0
0
0
0
0
0
0
0
0
0
0
0
0
0
0
0
0
0
0
0
0
0
0
0
0
0
0
0
0
0
0
0
0
0
0
0
0
0
0
0
0
0
0
0
0
0
0
0
0
0
0
0
0
0
0
0
0
0
0
0
0
0
0
0
0
0
0
0
0
0
0
0
0
0
0
0
0
0
0
0
0
0
0
0
0
0
0
0
0
0
0
0
0
0
0
0
0
0
0
0
0
0
0
0
0
0
0
0
0
0
0
0
0
0
0
0
0
0
0
0
0
0
0
0
0
0
0
0
0
0
0
0
0
0
0
0
0
0
0
0
0
0
0
0
0
0
0
0
0
0
0
0
0
0
0
0
0
0
0
0
0
0
0
0
0
0
0
0
0
0
0
0
0
0
0
0
0
0
0
0
0
0
0
0
0
0
0
0
0
0
0
0
0
0
0
0
0
0
0
0
0
0
0
0
0
0
0
0
0
0
0
0
0
0
0
0
0
0
0
0
0
0
0
0
0
0
0
0
0
0
0
0
0
0
0
0
0
0
0
0
0
0
0
0
0
0
0
0
0
0
0
0
0
0
0
0
0
0
0
0
0
0
0
0
0
0
0
0
0
0
0
0
0
0
0
