0.0044406700504882775
0.004510632509315214
-4.595510850049145e-07
0.016262403989250294
0.006315341125862169
0.05754542979830784
0.0016700206970019693
0.0022822559988944636
0.002404518836954496
0
0.007370553923461811
0.0012102789972021299
0.0014773105952362562
0.007271430482579188
0
0.023954474026694574
0
0
0
0
0
0
0.0011070967305481737
0.006322020239954938
0.0013232890216751372
0
0
0.002602694634489028
0
0
0
0.010341858451293054
0
0
0.0004716053377191695
0.00820051112320455
0.018037626739632093
0
0
0.0016213504179448297
0.0010615051730533342
0
0
0
0
0
0
0
0
0.006791072982751693
0
0
0
0
0.0008090237261846195
0
0
0.001438294049325763
0
0
0
0.001070515498270487
0
0
0
0.0113802590216196
0.007079152073448123
0
0.006319385607051402
0.002934349942830677
0.005755759293912642
0
0.013274544400232667
0.0011122714461544753
0.009394101099676647
0.010853707095215596
0.0023551569911314137
0
0.0020437983024040635
0
0
0
0
0
0.004241387064043431
0
0.0032619914839123526
0
0.00418194801995488
0
0
0.0028647419219715157
0.0013985212230631131
0
0.0019070714016306406
0
0
0.0030289237371131346
0
0
0
0
0.003544360072465236
0.0015486613059109442
0
0.005344060781872554
0
0
0
0
0
0
0
0
0
0
0
0.0054256614214711636
0
0
0
0
0.007578377772276677
0
0
0
0.007950482327634616
0
0
0
0.004502584954855801
0.0011497236725540626
0
0
0
0
0
0
0.0029637612432872004
0.002460609555670845
0
0
0.00380057007471483
0
0
0
0
0
0.0016361691854328872
0.008374003243054432
0
0
0
0
0
0
0
0.004527915635189691
0
0
0
0
0
0
0.0016987180164456618
0.016309613410990215
0.0017339558299760127
0.007267701691385864
0
0.0010888650636901836
0
0.05271669281910072
0
0.003356917386672918
0
0
0
0.020933010252420056
0
0
0
0
0.0021311064651248126
0
0
0
0
0
0
0.0010201991523032636
0.0013888562455789584
0
0.0015339114064977677
0
0
0.003016871300003447
0.009993376077704076
0.0030289113404472117
0.0055194761396342934
0
0.002077359891694505
0.004378633631468218
0.0014324804098844643
0.001388293752464102
0
0
0
0
0
0.012192701492827616
0
0
0.001166553872426278
0
0
0.004406154484987872
0.0031784878808821565
0
0.001298317536058675
0.006386938126759642
0.021527669269022373
0
0.0012402425503645787
0
0
0
0.0038009118631312116
0.0024872014473632936
0
0
0
0
0.002040398304606527
0.0028850259446228936
0
0
0
0.0015728201189516764
0
0
0
0.0012560831568374676
0
0.0015357265253555824
0
0.001885143075178288
0
0
0
0.0021836858756699748
0.0013236164058008494
0
0.001753544187936046
0
0
0
0
0.004754818682202734
0.0033974360328913236
0
0
0
0
0
0
0
0.004201209949862203
0.0019114518811059898
0.0023293966462688944
0
0.0012514947874347126
0
0
0
0.0030991014821388613
0
0
0
0.0018269613880911842
0
0.010604795146538514
0.0015144556702236058
0
0.01527786025532425
0
0.005782760421859285
0
0
0
0
0
0
0
0
0
0
0.003957001852492972
0
0.015041543959781183
0
0
0
0
0
0
0.0037696344498652943
0
0
0
0
0.0025036773293790645
0
0.002079649714431105
0
0
0
0
0
0.0030986585197771755
0
0
0
0.0015339114064977677
0.005390351105333806
0
0
0.001563958888947159
0
0
0
0.001314673683803475
0
0.002953694104916761
0
0
0
0.006234339953383459
0
0.0031222348506318833
0.0017946565175522725
0.010603558520448551
0
0
0
0
0.0007754754580295275
0.002729884821438013
0
0
0
0
0
0
0
0
0
0
0.013824767518294385
0
0
0.0009519887860454244
0
0.0027588255843296453
0
0
0
0.0029657466022721853
0
0
0
0.0030973226118218883
0
0
0.015087325798430005
0.0072946142130864
0
0.011569248535249583
0
0
0
0
0.02382509530441529
0.004158950259965962
0
0
0.002287861953594002
0.013128556018214528
0.0015348179664110774
0
0
0
0
0.008235290806333286
0.0010003812496529618
0
0
0
0.00711602383747713
0.001665011136029654
0
0.002775901214225263
0
0.0032777145518969758
0
0
0
0.0032162580550478795
0.001939555816015975
0.002713453638744067
0.010585984748534394
0
0
0.004580463850101302
0
0.0016880499431318004
0
0
0
0
0
0.0016551711146026297
0
0
0.0030787618580789275
0.01664004856044965
0
0.002293545234241853
0
0
0.008152032078843999
0
0.002469604584853969
0
0.012138147268107963
0.0010913323244419854
0
0.0078520237579526
0
0
0.0013442362032287118
0.004470047914667798
0.0039605667903645685
0
0
0.0009956948208173582
0
0.0018746582520793329
0
0.0029530440366346187
0
0
0
0.0028168874256496194
0.001988389190649406
0.001443966347061331
0
0.0036345583008188377
0
0
0
0.0010864124891012694
0.0017724914945869824
0.002546163476057432
0.0037918033683241783
0.0009718713470271538
0.00134082155953338
0
0.0014757349477544255
0
0
0.004278472663924517
0
0
0
0
0
0
0.0013564153553677909
0.002452113763663126
0.0035646044549289863
0
0
0
0
0
0
0
0
0.005379232287615875
0
0
0
0
0
0
0
0
0
0
0
0
0
0
0.0010925715172989921
0.00275926775293669
0.0015393809290394638
0
0
0
0
0.0020456946699759634
0
0
0
0
0
0
0
0
0.004183883954482376
0
0
0
0
0
0
0.001186613274268972
0
0.0026310847580829095
0
0
0
0
0
0.002619887869795629
0.007609169858349616
0.014990852905478916
0
0.0029682913361787286
0.007205537376282836
0
0
0.0013003674473236581
0.002115191677465471
0.0013985212230631131
0
0
0
0
0.001211105539734831
0.0028647419219715157
0
0.007422490964313986
0
0
0.002280421539796165
0.002183283546869321
0
0
0
0
0.0031837098196196576
0.0017806507971400026
0
0
0.001686735647553679
0
0
0.003993892914323783
0
0
0.001906948761809661
0.003126808082254471
0.00463478823526935
0
0.0021623323248399027
0.0016458944374810284
0.012655008934205172
0.011329748159004154
0.0038412170187300766
0.0022429731761652175
0.003874504990523216
0.0033116856837805755
0
0
0.0017180787537492955
0
0
0.001003119009322788
0
0.002130525525637404
0
0
0
0
0.0035926037097735323
0.002695358763763515
0.00134082155953338
0
0
0
0.002853710643280814
0.0038552240861949062
0.003827444063663129
0
0.0025854646128232635
0
0.004603339042905008
0
0.0014084183677855974
0
0.004763694697809913
0.0011026215597893748
0
0
0
0.0032842473399242364
0
0.0048744413638400815
0
0
0.002515628670884905
0.0008171822092949827
0.0065565960125151665
0
0.005162761080851175
0.002519582000422829
0.0012438099433366076
0
0
0
0
0
0.0018090765200495262
0
0.008725712982432514
0.004105077384858938
0
0
0
0.0016318239537532284
0.00470660004012235
0.0016016282904728763
0
0
0.002031477600282066
0.0038005033261710795
0.0053542430041553435
0.005668043073619721
0.03260590628569634
0
0.0013914114867257575
0.007976603396235108
0
0.001854456592730211
0.002496460967697887
0.005084055153952358
0.0006499588944955514
0.017143789375772187
0.007042091838927988
0
0
0.0049969509684929725
0
0
0
0.002679379209322105
0
0.002375568746122559
0.003513284364676399
0
0.0016814852402788308
0
0.003913617026822738
0.00906609536876646
0.004765271851647808
0.0023066069264494012
0.0011811917313857784
0.002842464533726655
0.002629277053001787
0
0.0022658502769336204
0
0.008466589534202278
0.00794012976026199
0.003814793588718763
0
0
0.0010212416103277258
0.0017639425539781217
0
0
0
0
0
0
0.012146356872030613
0
0
0
0.001939555816015975
0
0.0023755924839782916
0.0024120792566776923
0.0030056169526698016
0.0016062260109477326
0.002361856834918715
0
0
0
0.0018937273713887709
0
0
0
0
0.009242921565407954
0.001162391421280953
0
0
0
0.0019671183355174297
0.0014618188714797637
0
0
0.001385052852593573
0
0
0
0
0
0.0028357504786105047
0.0014331889763778828
0.0023411161500761528
0
0
0
0.005065444459280644
0
0
0.0013651717948899404
0
0.0025791435781066844
0.004801824115563969
0.003345633119815556
0
0
0.0021631014125402764
0.0012862277304204323
0.012082257960246656
0.0014733827169261108
0
0
0
0
0.002335139241707784
0
0.010089520713685182
0
0
0
0
0.0067069435263622515
0
0.0039757511165290586
0.00513570868551859
0.001711059311164801
0.0026515929415023296
0.0043673717513399496
0
0
0
0
0.0012349487133320905
0
0
0.002267291542996193
0
0.002134182656946422
0.0031201618370765623
0.0012438099433366076
0.001271119035061105
0.003743581588703429
0.0029070806765543454
0
0.0028357504786105047
0
0
0
0
0.004092289129842408
0.001523185473775087
0
0.0017991911209680766
0
0.004533044663059668
0
0
0
0.0050730307799596065
0
0
0
0
0
0.002469021230272479
0
0
0
0
0
0
0.0017869657232440622
0.004805179227429281
0
0
0.004652507879911071
0
0
0.0025794348593687374
0.0030973226118218883
0
0
0
0.0014844765378451848
0
0
0
0
0
0
0.004737334849854909
0.0031436521485705272
0
0.004710975001899906
0.002873500405294719
0
0.0021156609294397774
0
0.0016920181726583605
0.005432062445506347
0.0017096696595460788
0
0
0
0.004349321978549804
0.005303185883004659
0
0
0
0.0036228784761884823
0.0016281236879667333
0
0
0.004694802334344896
0
0.001610303340297258
0.002970561003281026
0
0.0061598121114454394
0
0
0
0
0
0
0
0.006218684854324617
0.002853710643280814
0.0037140855397697022
0
0
0.0015728201189516764
0
0
0.005643387688835355
0
0.0027132277974864236
0.007703563028277884
0.001220308652195508
0.003110568450166397
0.001538464285025409
0
0
0
0
0
0.007032099143967647
0
0
0
0.002648882862122023
0
0
0
0
0
0
0
0
0
0
0.001119825838900009
0
0.0011758406001427576
0.0016081290275239398
0
0.002111496304584235
0.0025907508615705065
0
0
0.0024876198866732153
0.002842464533726655
0
0
0
0
0
0
0
0
0
0
0
0
0
0
0.0029190911008795013
0
0.0027905486171807743
0.004643695241668747
0
0
0
0.002535731746356447
0.004328621204469016
0.003995555448458929
0
0
0
0
0
0
0
0.005167045639536572
0
0.002115191677465471
0
0.0013307442044258235
0.003939435821585551
0
0
0
0.007123827778169154
0
0
0
0
0
0
0
0.001900285037357415
0
0
0
0
0
0.0010879436365874725
0.004125236517172811
0
0.00423784098617933
0
0
0
0
0
0
0
0
0
0
0.0017252198564899793
0
0
0
0
0
0.0020345387820694697
0
0
0
0
0
0
0.002158191271748225
0
0
0
0.0010879436365874725
0.003969219561341659
0.000991546410089331
0
0
0.0032769941043162224
0.0009548662659577656
0
0
0.002546163476057432
0.0016893684444629381
0
0.0026542657687922857
0
0
0
0.0019776165165231916
0
0.002111496304584235
0
0
0
0
0.0016135864757110103
0
0.003976778381298812
0
0
0.002607057687586955
0
0
0
0
0
0.0010851916546840228
0
0
0.0062675660341880825
0
0
0.001665011136029654
0
0
0.0033275364100573087
0
0
0
0
0.0012783605450823279
0
0.0027223027992611154
0
0.005630149135259871
0.0017069043383314158
0
0
0.001611394814615996
0
0
0
0
0
0
0.0019802833951822842
0.0011683147048080675
0.0011815766275505072
0.003677958837231622
0
0
0
0
0
0
0.0019160047596336312
0
0
0.002104203524568001
0.0013517331309548055
0
0
0.0011543834935007096
0
0
0
0
0.003101883815653089
0
0
0.0011135753438071177
0
0
0.0014778361034765894
0
0.002537466414469384
0.0015708344220270992
0
0.0058936051758803525
0
0
0.001239798790155416
0
0.0052326542053651275
0.002106488661533031
0.001944431983155243
0
0
0
0
0.004587090468483706
0.0012749653296371462
0
0.0031906374641372647
0
0
0.005048453187445923
0.002158191271748225
0
0.001806145401061753
0
0
0
0
0
0
0
0
0
0.001263062962046113
0
0
0
0.004860696858443146
0
0
0
0
0
0
0
0
0
0
0
0
0.004588224861604317
0.0036741700368619237
0
0.0015170552454989521
0
0
0.002142031109756762
0.0009108773283558218
0
0
0.008374003243054432
0
0
0.0021880926697024215
0.0017692724835705863
0
0
0
0
0
0
0
0.0036591866672012804
0
0
0.002469284219534806
0
0
0
0
0
0
0
0
0
0.0011960766103837636
0.0015439949897358089
0
0.001610303340297258
0
0
0
0
0
0.002404518836954496
0.004460679452166454
0
0
0.006339758242936979
0.0020492958598848656
0.011152553132493487
0
0
0.008600127876780819
0
0
0.0030341104909979042
0
0.007465833413233203
0
0
0.0009515478750195304
0
0
0.0024356303130600356
0
0
0
0
0
0
0
0
0.0017629089391010876
0
0
0.0014901375085428791
0
0.0007216617185496344
0
0
0
0
0
0
0
0
0
0
0
0
0
0
0
0.0017266630499597785
0
0.003861665325260535
0.005150878792743867
0
0
0.0015214246535124655
0.001164972386499301
0
0
0
0
0.007256555641265865
0
0
0
0
0
0
0
0.0017152566104260262
0.0017763177884791133
0
0
0.0014425129723114468
0
0
0
0
0.0012016989572716556
0
0
0
0.002517721813112034
0
0
0
0
0
0
0
0.0015678737052323426
0
0.0022557183955828277
0
0
0
0.0012271333434487732
0
0
0
0.0018872724407153472
0
0
0
0
0
0.004415465971152946
0.004922514436409353
0
0.002370113938118706
0.004482687640835807
0
0
0.0019229298186844677
0
0
0.0013599622752427805
0
0
0
0
0
0
0
0
0
0
0
0
0
0
0
0
0.026559762636923584
0
0
0
0
0.0027808729411616094
0
0
0
0
0
0
0.010767633567277491
0
0
0
0
0
0
0
0
0.0017310232103761513
0
0.002535731746356447
0
0
0
0
0
0
0
0
0
0
0
0
0
0
0
0
0
0
0
0
0
0
0
0
0
0.0017957575068110335
0
0
0
0
0
0
0
0
0.0024482672444845876
0.0012392570412834423
0
0
0.0038094310485724827
0
0
0.001610303340297258
0
0
0.0014781006842882844
0.0028647419219715157
0
0.004956290899078647
0.006122065852038664
0
0.002404518836954496
0
0
0.0017790059593692825
0
0.0017383942712540974
0
0
0
0
0
0
0
0
0
0.0011897436316953998
0.0023356873228782015
0
0.0038412170187300766
0
0
0
0
0
0
0
0
0.0017082846790340456
0.002887932694122662
0
0
0
0
0
0
0
0
0
0
0
0
0
0
0
0
0.003436157507498591
0.0027764398073084123
0
0
0
0
0
0
0
0
0
0
0
0
0
0
0
0.0032993103618841023
0
0
0
0
0
0
0
0
0
0
0
0
0
0
0
0
0
0
0
0.001792352269954876
0
0
0
0
0
0.0038586831912612966
0
0
0
0
0
0
0.0038552240861949062
0
0
0.004575723907188004
0
0
0
0
0
0
0
0
0.005441423979351731
0
0
0
0
0
0.00828770548335853
0
0
0
0
0
0
0
0
0
0
0.0015000267347890855
0
0
0
0
0
0
0.0011785074788018502
0
0
0
0
0
0
0
0
0
0.003558011918738565
0
0
0
0
0
0
0
0
0.001885143075178288
0.0017281113161762781
0
0
0
0
0.0012822753613675113
0
0
0
0
0
0.0032392266794794337
0
0
0.004598616007811881
0.0026149949901337257
0
0
0
0
0
0.001538464285025409
0
0
0
0
0
0
0.002317096290624197
0
0
0
0
0
0
0
0.00192997326053008
0
0
0.0022822559988944636
0.0018564327658919305
0
0
0
0
0
0
0
0
0
0
0
0
0
0
0
0
0
0
0
0.005683712361811119
0.0015357265253555824
0.004646401139785799
0
0
0
0
0
0.0016443749166652488
0
0.001258860906556017
0
0
0
0
0
0
0
0
0
0
0
0
0
0.0019276120430974531
0
0
0
0
0
0
0
0.004012304945159927
0
0
0
0
0.003244943184562392
0
0
0
0
0.0030323737935610976
0
0
0
0
0
0
0
0
0
0
0
0
0
0
0
0
0
0
0
0
0
0
0
0
0
0
0
0
0.0017839603034017514
0
0
0
0
0
0
0
0
0.0018624187982623094
0
0
0.001247408492973507
0
0
0
0
0.0018937273713887709
0
0
0
0
0
0
0
0
0
0.021137079145103217
0
0
0
0
0
0
0
0.005219653321142006
0
0.0022822559988944636
0.011068292676141362
0
0
0
0
0
0
0
0
0
0
0
0
0
0
0
0.0013482560528147707
0
0
0
0.002469284219534806
0
0
0
0
0
0
0
0.002111496304584235
0
0
0
0
0
0
0
0
0
0
0
0.0020695586472665828
0
0
0
0
0
0
0
0
0
0.0015312036334597643
0
0
0
0
0
0
0
0
0
0
0.001253324008260986
0
0.0016725485044051488
0
0
0
0
0
0.0016700206970019693
0
0.0017413800184814428
0
0
0
0
0.004284062219513524
0.001900285037357415
0
0
0
0
0
0
0.006198747423014501
0
0
0
0
0.0018980875318051437
0
0
0
0
0
0
0
0.0016235958257600604
0
0
0
0
0
0
0
0
0
0.002752624933337791
0
0
0
0
0
0
0
0
0
0
0
0
0
0
0
0
0
0
0.0018204163102759085
0
0
0
0.003147633135195715
0
0
0
0
0
0.005885903631071161
0
0
0
0
0
0
0
0
0
0
0
0
0
0.001702790846784575
0
0
0
0
0.0037627250191127766
0
0
0
0
0
0
0
0
0
0
0
0
0
0
0
0
0.001037203502235377
0
0
0
0
0
0
0
0
0
0
0
0.020964569816420052
0
0
0
0
0
0.005878249774151605
0
0
0
0
0
0
0
0
0
0
0
0
0
0
0
0
0
0
0
0
0
0
0
0
0
0
0
0
0
0
0
0
0.0013430948415172098
0.0038049886516751804
0
0
0
0
0
0
0
0
0.0021665154197982946
0
0
0
0
0
0
0
0
0
0
0
0
0
0
0
0
0
0
0
0
0
0
0
0
0
0
0
0
0.0026826929923138973
0
0
0
0.0027650732460127087
0
0
0
0
0
0
0
0
0
0
0
0
0
0.032932680004811525
0
0
0
0
0
0
0
0.003249446270241896
0
0
0
0
0
0
0
0
0
0
0
0
0.002122683362295793
0.0012389127009657874
0
0
0
0.005936582672357457
0.003913762012125481
0
0
0
0
0
0
0
0
0
0
0
0
0
0
0
0
0
0
0
0
0
0
0
0
0
0
0.012625221147408003
0
0
0
0
0
0
0
0
0
0
0
0.001993883022898877
0
0
0
0
0
0
0
0
0
0
0
0
0
0
0
0
0
0
0
0
0.0013540675922385623
0
0
0
0
0
0
0.0033400413940039386
0
0
0
0
0
0
0
0
0
0.0018980875318051437
0
0
0
0.001607046158794533
0
0
0
0
0.005534146338070681
0
0
0.0018132190737532917
0
0
0
0
0
0
0
0
0
0
0
0.0018937273713887709
0
0
0
0.0028647419219715157
0
0
0
0
0
0
0
0.0026827774105449005
0
0
0
0
0
0
0
0
0
0.0016235958257600604
0
0
0
0
0
0
0
0
0
0
0
0.0012029137924938632
0.002348564349455913
0.0019347366813793076
0.0021303137898883917
0.002763743793404155
0.002443789615613056
0
0.0018168019773245954
0
0
0
0.0013581849986652283
0
0
0
0
0
0
0.002535731746356447
0.0020345387820694697
0
0
0
0
0
0
0
0
0
0
0
0.001196875120932869
0
0
0
0
0
0
0
0
0
0
0
0
0.0016467497434953888
0
0
0.005229989980267451
0
0
0
0
0
0
0
0
0.0018624187982623094
0
0
0
0.0016092147496656805
0
0
0
0
0
0
0.0024276294536215927
0
0
0
0
0
0
0
0
0.001377549798873168
0
0
0
0
0.0041391172945331655
0
0
0.006849814662020953
0
0
0
0
0
0
0
0
0
0
0
0
0
0
0
0
0
0
0
0.002019554173840844
0
0
0
0
0
0
0
0
0
0
0
0
0
0
0.0022155716043949112
0
0
0
0
0
0.0026542657687922857
0
0
0
0
0
0
0
0
0
0
0
0
0
0
0
0
0.0022450149352486997
0.0013599622752427805
0
0
0
0
0
0
0
0
0
0
0.0020108182003548106
0
0
0
0.0022501334024916156
0
0
0.002287861953594002
0
0
0
0
0
0
0
0
0
0
0.0030973226118218883
0
0
0
0
0
0
0
0
0
0
0
0
0
0.006735044805746098
0
0
0
0
0
0
0
0
0
0
0
0
0
0
0
0
0
0
0
0
0
0
0
0
0
0
0
0
0.004710313982262827
0
0
0
0
0
0
0
0
0.002567854342759295
0
0
0
0
0
0
0
0
0
0
0
0
0
0
0
0
0
0
0.001575816723537206
0.0027132277974864236
0
0.001838979418615811
0.004201209949862203
0
0
0
0
0
0
0
0
0
0.0017550902734813903
0
0
0.002031497946759366
0
0
0
0
0.0025568661898618243
0
0.006280502432290824
0
0
0
0
0
0
0
0
0
0
0
0
0
0
0
0
0
0
0
0
0
0
0
0
0
0
0
0
0
0
0
0
0
0
0.0017644906351485395
0
0
0
0
0
0.012436007236816468
0
0
0
0
0
0
0
0
0
0
0
0
0
0
0
0
0
0
0
0
0
0
0
0
0
0
0
0
0.002093500810763608
0
0
0
0
0.0014410647060949472
0
0
0
0
0
0
0
0
0
0
0
0
0
0
0
0
0
0
0
0
0
0
0
0
0
0
0
0
0
0
0
0
0
0.0021880926697024215
0.0033920499834642235
0
0
0
0
0
0
0
0
0
0
0
0.0020830690810626235
0
0
0
0
0
0
0
0
0
0
0
0
0
0.0014117709600365502
0
0
0
0
0
0
0
0
0
0
0
0.0055641186231254365
0
0
0
0
0
0
0
0
0
0
0
0
0
0
0
0
0
0
0
0
0
0
0
0
0
0
0
0
0.0015249538512293684
0
0
0
0
0.002729387959477887
0
0
0
0
0
0
0
0
0
0
0.002452113763663126
0.004125932011182163
0
0.001605966128518524
0
0.0027970424461262263
0
0
0
0
0
0
0
0
0
0
0
0
0
0
0
0
0
0
0
0
0
0
0
0
0
0
0
0
0
0
0
0
0
0
0
0
0
0
0
0
0
0
0
0
0
0.0033760998862636007
0
0
0
0
0
0
0
0
0
0.003716836925633015
0
0
0
0
0.002255316254657607
0
0
0
0
0
0
0
0.0019911269503192323
0
0
0
0.0018132190737532917
0
0
0.0017889749451900725
0
0
0
0
0
0
0
0
0
0
0.0016987180164456618
0
0
0
0
0
0
0
0
0
0
0.0020695586472665828
0
0
0
0
0
0
0
0
0
0
0
0
0
0
0
0
0
0
0
0
0.0018258979607194037
0
0
0.001622471592281196
0
0
0
0
0.0036894308920471207
0
0
0
0
0
0
0
0.0014513111282531729
0
0.0020695586472665828
0
0
0
0.003612290802123506
0
0
0
0
0
0
0
0
0
0
0
0
0
0
0
0
0
0
0
0
0
0
0
0
0
0
0
0
0.0020629660055910817
0
0
0
0
0
0
0
0
0
0
0
0
0
0
0
0
0
0
0
0
0
0
0
0
0
0
0
0
0
0
0
0
0
0.002192547105674492
0
0
0
0
0
0
0
0
0
0
0
0
0
0
0
0
0
0
0
0
0
0
0
0
0
0
0
0
0
0
0
0
0.0020469316354840878
0
0
0
0
0
0
0
0
0
0
0
0
0
0
0
0
0
0
0
0
0
0
0
0
0
0
0
0
0
0
0
0
0
0
0
0
0
0
0.005229989980267451
0
0
0.004485157359825514
0
0
0
0
0
0.002763743793404155
0
0.011653088883858676
0.003479768880761337
0.0015932218760704982
0
0
0.001792352269954876
0
0
0
0
0
0
0
0
0
0
0
0
0
0
0
0
0
0
0
0
0
0
0
0
0
0
0
0
0
0
0
0
0
0
0.002602694634489028
0
0
0
0
0
0
0
0
0
0
0
0
0
0
0
0
0
0
0
0
0
0
0
0
0
0
0
0
0
0
0
0
0
0.0014542860965158376
0
0
0
0
0
0
0
0
0
0.0022605651321926006
0
0
0
0
0
0
0
0
0
0
0
0
0
0
0
0
0
0
0
0
0
0
0
0
0.0016213504179448297
0
0
0
0
0
0
0
0
0
0
0
0
0.002460609555670845
0
0
0
0
0
0
0
0
0
0
0
0
0
0
0
0.029597428824392823
0
0.0022605651321926006
0.0021665154197982946
0
0
0
0
0
0.0022203350252441387
0
0
0
0
0
0
0
0
0
0
0
0
0.0022399592728705314
0
0
0
0
0
0
0
0
0
0
0
0
0
0
0
0
0
0
0
0
0
0
0
0
0
0
0
0
0
0
0
0.002111496304584235
0.0019645350586267843
0
0
0
0
0
0
0
0
0
0.002697677600542523
0
0
0
0
0
0
0.0018830246575843783
0
0
0
0
0
0
0
0
0
0
0
0
0
0
0
0
0
0
0
0
0
0
0
0
0
0
0
0
0
0
0
0
0.0016725485044051488
0
0
0
0
0
0
0
0
0
0
0
0
0
0
0
0
0.0014733827169261108
0
0
0
0
0.0025907508615705065
0
0
0
0.0021540914238482793
0
0.0048809611474118445
0
0
0
0
0.003677958837231622
0
0
0
0
0
0
0
0
0
0.006208675941799747
0
0.0023551569911314137
0
0
0
0
0
0
0
0
0
0
0
0
0
0
0
0
0
0
0
0
0
0
0
0
0
0
0
0
0
0
0
0
0.002197050224970821
0
0
0
0
0
0
0
0
0
0
0
0
0
0
0
0
0
0
0
0
0
0
0
0
0
0
0
0
0
0
0
0
0
0
0
0
0
0
0.0018959016841620891
0
0
0.001667508303154372
0.0024197810008112527
0
0
0.0016763695331588895
0
0
0.0022450149352486997
0.002995064175051013
0
0
0.002567854342759295
0
0
0
0
0
0
0
0
0
0
0
0
0
0.0021836858756699748
0
0
0
0
0
0
0.00423784098617933
0
0
0
0
0
0
0
0
0
0
0
0
0
0
0
0
0
0.005575255388449522
0.0026542657687922857
0
0.0019229298186844677
0
0
0
0.008078216695363375
0
0
0
0
0
0
0
0
0
0
0
0
0
0
0.0023420755332350064
0
0
0
0
0
0
0.002317096290624197
0
0
0.005100213474801991
0.002443789615613056
0
0
0.002602694634489028
0
0
0.0020137096600411093
0
0
0
0
0
0
0
0
0
0
0.001647942309637278
0
0.0028647419219715157
0
0
0
0
0
0
0
0.0017339558299760127
0
0
0
0
0
0
0
0
0
0
0
0
0
0
0
0
0
0
0
0
0
0
0.001804395796248629
0
0
0
0
0
0
0
0
0
0
0
0
0
0
0.0016725485044051488
0
0
0
0
0
0
0
0.002460609555670845
0
0
0
0
0
0
0.005455815542109508
0
0
0
0
0
0
0
0
0
0
0
0
0.002443789615613056
0.0025255576167353628
0
0
0.002801227014749736
0
0
0
0
0.0027820593115627183
0
0
0
0
0
0
0
0
0
0
0
0
0
0
0
0
0
0
0
0.0021665154197982946
0
0
0
0
0
0
0
0
0
0
0
0
0
0
0
0
0
0
0
0
0.002311081128110331
0
0
0
0
0
0
0
0
0
0
0
0
0
0
0
0
0
0
0
0
0
0
0
0
0
0
0
0
0
0
0
0
0
0
0
0
0
0
0
0
0
0
0
0
0
0
0
0
0
0
0
0
0
0
0
0
0
0
0
0
0
0
0.0028647419219715157
0
0
0
0
0
0.0015890599082145015
0
0
0
0
0.008666061679193178
0
0
0
0
0
0
0
0
0
0
0
0
0
0
0
0
0
0
0
0
0
0
0
0
0.0018584184628165075
0.001988389190649406
0
0
0
0
0
0
0
0
0.002821330090221278
0
0
0
0
0.001918300204647828
0
0.0018959016841620891
0
0
0
0
0
0
0.003670398576600356
0
0
0
0
0
0
0
0
0
0
0
0
0.0025907508615705065
0
0.008664878935061578
0
0
0
0
0
0
0
0
0
0
0.0017856250786539166
0
0
0
0
0
0.0028882929783538595
0
0
0
0
0
0.004230383354930942
0
0.0022450149352486997
0
0
0
0
0
0.0022767252941840637
0.0017266630499597785
0
0
0
0
0
0
0
0
0
0
0
0
0
0
0
0
0
0
0
0.0043000639383904095
0
0
0
0
0
0
0
0
0
0
0
0
0
0
0
0
0
0
0
0
0
0
0
0
0
0
0.002192547105674492
0
0
0
0
0
0
0
0
0
0
0
0
0
0
0.00513570868551859
0
0
0.004341482838086238
0
0
0
0
0
0
0.0023551569911314137
0
0
0
0
0
0
0
0
0
0
0
0
0
0
0
0
0.0023293966462688944
0
0
0
0
0
0
0
0
0
0
0
0
0
0
0
0
0
0
0
0
0.002640755334996245
0.011585481453120985
0.013818718967020775
0.021748499038602764
0.017479633325788013
0.008739816662894006
0.008555296555824005
0.022052381860854425
0.018980875318051437
0.008463990270663833
0.0019160047596336312
0.0025791435781066844
0.002842464533726655
0.002382635925823904
0.0018485843130815907
0.005776585956707719
0.00513570868551859
0.006213856868172218
0.002496460967697887
0.002179325715253602
0.002602694634489028
0.002801227014749736
0.002821330090221278
0.0026276738770998377
0.0022501334024916156
0.004938568439069612
0.00250593336910897
0.0028647419219715157
0.0023356873228782015
0.002939864112657117
0.0020830690810626235
0.0037745448814306944
0.002640755334996245
0.0019911269503192323
0.0026149949901337257
0.0022155716043949112
0.002640755334996245
0.005395355201085046
0.007331368846839167
0.00492121911134169
0.0028647419219715157
0.0025568661898618243
0.002939864112657117
0.0025255576167353628
0.0026149949901337257
0.0026682342696887347
0.002763743793404155
0.005336468539377469
0.002939864112657117
0.0017581999585392321
0.00185053245531313
0.0022993080039059406
0.0025568661898618243
0.0026542657687922857
0.0022658817390471156
0.001993883022898877
0.002230030327020074
0.0048395620016225055
0.0029682913361787286
0.002913272220964669
0.002729387959477887
0.0028882929783538595
0.0030676576554275496
0.003214092317589066
0.0053085315375845715
0.0020166215542409827
0.0023293966462688944
0.002763743793404155
0.0026682342696887347
0.0022450149352486997
0.0019568810060627403
0.004358651430507204
0.0026276738770998377
0.002842464533726655
0.0026542657687922857
0.0019160047596336312
0.0055641186231254365
0.0026826929923138973
0.0029682913361787286
0.009761669040130679
0.004542535691993986
0.0024197810008112527
0.0021006049749311014
0.0023551569911314137
0.002939864112657117
0.0020695586472665828
0.0027462078995356765
0.0025255576167353628
0.0021623323248399027
0.0020629660055910817
0.004622162256220662
0.0026542657687922857
0.002998826141351255
0.0022108626238330556
0.0026276738770998377
0.0024781454495393235
0.002056477189370175
0.0026682342696887347
0.002234964892758317
0.0016269870491372816
0.0021380881962766826
0.0012978066478166806
0.00746160434208988
0.0025907508615705065
0.0025791435781066844
0.002546163476057432
0.002192547105674492
0.002115191677465471
0.0018314535232811207
0.0019994510983693025
0.002076258491053884
0.002225154159880806
0.0027132277974864236
0.001605966128518524
0.005458775918955774
0.002234964892758317
0.0053085315375845715
0.005811417609417024
0.0022062068532298696
0.002939864112657117
0.002348564349455913
0.002546163476057432
0.0024197810008112527
0.004697128698911826
0.0027132277974864236
0.0018222354360316222
0.002311081128110331
0.0028647419219715157
0.0053653859846277945
0.002146012119609146
0.0025791435781066844
0.002801227014749736
0.002469284219534806
0.002821330090221278
0.0015698451506890119
0.0027462078995356765
0.002382635925823904
0.0027462078995356765
0.0017790059593692825
0.0015839158799235062
0.004500266804983231
0.002842464533726655
0.002469284219534806
0.00250593336910897
0.0024197810008112527
0.0023356873228782015
0.0015738165675978574
0.008403681044249208
0.016884554796743844
0.008996478424053765
0.0024120792566776923
0.003106928434086109
0.002913272220964669
0.002007946890377022
0.00193234808736022
0.0016933494543153224
0.0016269870491372816
0.0019419866862785166
0.002234964892758317
0.002142031109756762
0.0037788257358823663
0.005936582672357457
0.007962797306376857
0.002305152517705675
0.005229989980267451
0.003106928434086109
0.002361856834918715
0
0
0
0
0
0
0
0
0
0
0
0
0
0
0
0
0
0
0
0
0
0
0
0
0
0
0
0
0
0
0
0
0
0
0
0
0
0
0
0
0
0
0
0
0
0
0
0
0
0
0
0
0
0
0
0
0
0
0
0
0
0
0
0
0
0
0
0
0
0
0
0
0
0
0
0
0
0
0
0
0
0
0
0
0
0
0
0
0
0
0
0
0
0
0
0
0
0
0
0
0
0
0
0
0
0
0
0
0
0
0
0
0
0
0
0
0
0
0
0
0
0
0
0
0
0
0
0
0
0
0
0
0
0
0
0
0
0
0
0
0
0
0
0
0
0
0
0
0
0
0
0
0
0
0
0
0
0
0
0
0
0
0
0
0
0
0
0
0
0
0
0
0
0
0
0
0
0
0
0
0
0
0
0
0
0
0
0
0
0
0
0
0
0
0
0
0
0
0
0
0
0
0
0
0
0
0
0
0
0
0
0
0
0
0
0
0
0
0
0
0
0
0
0
0
0
0
0
0
0
0
0
0
0
0
0
0
0
0
0
0
0
0
0
0
0
0
0
0
0
0
0
0
0
0
0
0
0
0
0
0
0
0
0
0
0
0
0
0
0
0
0
0
0
0
0
0
0
0
0
0
0
0
0
0
0
0
0
0
0
0
0
0
0
0
0
0
0
0
0
0
0
0
0
0
0
0
0
0
0
0
0
0
0
0
0
0
0
0
0
0
0
0
0
0
0
0
0
0
0
0
0
0
0
0
0
0
0
0
0
0
0
0
0
0
0
0
0
0
0
0
0
0
0
0
0
0
0
0
0
0
0
0
0
0
0
0
0
0
0
0
0
0
0
0
0
0
0
0
0
0
0
0
0
0
0
0
0
0
0
0
0
0
0
0
0
0
0
0
0
0
0
0
0
0
0
0
0
0
0
0
0
0
0
0
0
0
0
0
0
0
0
0
0
0
0
0
0
0
0
0
0
0
0
0
0
0
0
0
0
0
0
0
0
0
0
0
0
0
0
0
0
0
0
0
0
0
0
0
0
0
0
0
0
0
0
0
0
0
0
0
0
0
0
0
0
0
0
0
0
0
0
0
0
0
0
0
0
0
0
0
0
0
0
0
0
0
0
0
0
0
0
0
0
0
0
0
0
0
0
0
0
0
0
0
0
0
0
0
0
0
0
0
0
0
0
0
0
0
0
0
0
0
0
0
0
0
0
0
0
0
0
0
0
0
0
0
0
0
0
0
0
0
0
0
0
0
0
0
0
0
0
0
0
0
0
0
0
0
0
0
0
0
0
0
0
0
0
0
0
0
0
0
0
0
0
0
0
0
0
0
0
0
0
0
0
0
0
0
0
0
0
0
0
0
0
0
0
0
0
0
0
0
0
0
0
0
0
0
0
0
0
0
0
0
0
0
0
0
0
0
0
0
0
0
0
0
0
0
0
0
0
0
0
0
0
0
0
0
0
0
0
0
0
0
0
0
0
0
0
0
0
0
0
0
0
0
0
0
0
0
0
0
0
0
0
0
0
0
0
0
0
0
0
0
0
0
0
0
0
0
0
0
0
0
0
0
0
0
0
0
0
0
0
0
0
0
0
0
0
0
0
0
0
0
0
0
0
0
0
0
0
0
0
0
0
0
0
0
0
0
0
0
0
0
0
0
0
0
0
0
0
0
0
0
0
0
0
0
0
0
0
0
0
0
0
0
0
0
0
0
0
0
0
0
0
0
0
0
0
0
0
0
0
0
0
0
0
0
0
0
0
0
0
0
0
0
0
0
0
0
0
0
0
0
0
0
0
0
0
0
0
0
0
0
0
0
0
0
0
0
0
0
0
0
0
0
0
0
0
0
0
0
0
0
0
0
0
0
0
0
0
0
0
0
0
0
0
0
0
0
0
0
0
0
0
0
0
0
0
0
0
0
0
0
0
0
0
0
0
0
0
0
0
0
0
0
0
0
0
0
0
0
0
0
0
0
0
0
0
0
0
0
0
0
0
0
0
0
0
0
0
0
0
0
0
0
0
0
0
0
0
0
0
0
0
0
0
0
0
0
0
0
0
0
0
0
0
0
0
0
0
0
0
0
0
0
0
0
0
0
0
0
0
0
0
0
0
0
0
0
0
0
0
0
0
0
0
0
0
0
0
0
0
0
0
0
0
0
0
0
0
0
0
0
0
0
0
0
0
0
0
0
0
0
0
0
0
0
0
0
0
0
0
0
0
0
0
0
0
0
0
0
0
0
0
0
0
0
0
0
0
0
0
0
0
0
0
0
0
0
0
0
0
0
0
0
0
0
0
0
0
0
0
0
0
0
0
0
0
0
0
0
0
0
0
0
0
0
0
0
0
0
0
0
0
0
0
0
0
0
0
0
0
0
0
0
0
0
0
0
0
0
0
0
0
0
0
0
0
0
0
0
0
0
0
0
0
0
0
0
0
0
0
0
0
0
0
0
0
0
0
0
0
0
0
0
0
0
0
0
0
0
0
0
0
0
0
0
0
0
0
0
0
0
0
0
0
0
0
0
0
0
0
0
0
0
0
0
0
0
0
0
0
0
0
0
0
0
0
0
0
0
0
0
0
0
0
0
0
0
0
0
0
0
0
0
0
0
0
0
0
0
0
0
0
0
0
0
0
0
0
0
0
0
0
0
0
0
0
0
0
0
0
0
0
0
0
0
0
0
0
0
0
0
0
0
0
0
0
0
0
0
0
0
0
0
0
0
0
0
0
0
0
0
0
0
0
0
0
0
0
0
0
0
0
0
0
0
0
0
0
0
0
0
0
0
0
0
0
0
0
0
0
0
0
0
0
0
0
0
0
0
0
0
0
0
0
0
0
0
0
0
0
0
0
0
0
0
0
0
0
0
0
0
0
0
0
0
0
0
0
0
0
0
0
0
0
0
0
0
0
0
0
0
0
0
0
0
0
0
0
0
0
0
0
0
0
0
0
0
0
0
0
0
0
0
0
0
0
0
0
0
0
0
0
0
0
0
0
0
0
0
0
0
0
0
0
0
0
0
0
0
0
0
0
0
0
0
0
0
0
0
0
0
0
0
0
0
0
0
0
0
0
0
0
0
0
0
0
0
0
0
0
0
0
0
0
0
0
0
0
0
0
0
0
0
0
0
0
0
0
0
0
0
0
0
0
0
0
0
0
0
0
0
0
0
0
0
0
0
0
0
0
0
0
0
0
0
0
0
0
0
0
0
0
0
0
0
0
0
0
0
0
0
0
0
0
0
0
0
0
0
0
0
0
0
0
0
0
0
0
0
0
0
0
0
0
0
0
0
0
0
0
0
0
0
0
0
0
0
0
0
0
0
0
0
0
0
0
0
0
0
0
0
0
0
0
0
0
0
0
0
0
0
0
0
0
0
0
0
0
0
0
0
0
0
0
0
0
0
0
0
0
0
0
0
0
0
0
0
0
0
0
0
0
0
0
0
0
0
0
0
0
0
0
0
0
0
0
0
0
0
0
0
0
0
0
0
0
0
0
0
0
0
0
0
0
0
0
0
0
0
0
0
0
0
0
0
0
0
0
0
0
0
0
0
0
0
0
0
0
0
0
0
0
0
0
0
0
0
0
0
0
0
0
0
0
0
0
0
0
0
0
0
0
0
0
0
0
0
0
0
0
0
0
0
0
0
0
0
0
0
0
0
0
0
0
0
0
0
0
0
0
0
0
0
0
0
0
0
0
0
0
0
0
0
0
0
0
0
0
0
0
0
0
0
0
0
0
0
0
0
0
0
0
0
0
0
0
0
0
0
0
0
0
0
0
0
0
0
0
0
0
0
0
0
0
0
0
0
0
0
0
0
0
0
0
0
0
0
0
0
0
0
0
0
0
0
0
0
0
0
0
0
0
0
0
0
0
0
0
0
0
0
0
0
0
0
0
0
0
0
0
0
0
0
0
0
0
0
0
0
0
0
0
0
0
0
0
0
0
0
0
0
0
0
0
0
0
0
0
0
0
0
0
0
0
0
0
0
0
0
0
0
0
0
0
0
0
0
0
0
0
0
0
0
0
0
0
0
0
0
0
0
0
0
0
0
0
0
0
0
0
0
0
0
0
0
0
0
0
0
0
0
0
0
0
0
0
0
0
0
0
0
0
0
0
0
0
0
0
0
0
0
0
0
0
0
0
0
0
0
0
0
0
0
0
0
0
0
0
0
0
0
0
0
0
0
0
0
0
0
0
0
0
0
0
0
0
0
0
0
0
0
0
0
0
0
0
0
0
0
0
0
0
0
0
0
0
0
0
0
0
0
0
0
0
0
0
0
0
0
0
0
0
0
0
0
0
0
0
0
0
0
0
0
0
0
0
0
0
0
0
0
0
0
0
0
0
0
0
0
0
0
0
0
0
0
0
0
0
0
0
0
0
0
0
0
0
0
0
0
0
0
0
0
0
0
0
0
0
0
0
0
0
0
0
0
0
0
0
0
0
0
0
0
0
0
0
0
0
0
0
0
0
0
0
0
0
0
0
0
0
0
0
0
0
0
0
0
0
0
0
0
0
0
0
0
0
0
0
0
0
0
0
0
0
0
0
0
0
0
0
0
0
0
0
0
0
0
0
0
0
0
0
0
0
0
0
0
0
0
0
0
0
0
0
0
0
0
0
0
0
0
0
0
0
0
0
0
0
0
0
0
0
0
0
0
0
0
0
0
0
0
0
0
0
0
0
0
0
0
0
0
0
0
0
0
0
0
0
0
0
0
0
0
0
0
0
0
0
0
0
0
0
0
0
0
0
0
0
0
0
0
0
0
0
0
0
0
0
0
0
0
0
0
0
0
0
0
0
0
0
0
0
0
0
0
0
0
0
0
0
0
0
0
0
0
0
0
0
0
0
0
0
0
0
0
0
0
0
0
0
0
0
0
0
0
0
0
0
0
0
0
0
0
0
0
0
0
0
0
0
0
0
0
0
0
0
0
0
0
0
0
0
0
0
0
0
0
0
0
0
0
0
0
0
0
0
0
0
0
0
0
0
0
0
0
0
0
0
0
0
0
0
0
0
0
0
0
0
0
0
0
0
0
0
0
0
0
0
0
0
0
0
0
0
0
0
0
0
0
0
0
0
0
0
0
0
0
0
0
0
0
0
0
0
0
0
0
0
0
0
0
0
0
0
0
0
0
0
0
0
0
0
0
0
0
0
0
0
0
0
0
0
0
0
0
0
0
0
0
0
0
0
0
0
0
0
0
0
0
0
0
0
0
0
0
0
0
0
0
0
0
0
0
0
0
0
0
0
0
0
0
0
0
0
0
0
0
0
0
0
0
0
0
0
0
0
0
0
0
0
0
0
0
0
0
0
0
0
0
0
0
0
0
0
0
0
0
0
0
0
0
0
0
0
0
0
0
0
0
0
0
0
0
0
0
0
0
0
0
0
0
0
0
0
0
0
0
0
0
0
0
0
0
0
0
0
0
0
0
0
0
0
0
0
0
0
0
0
0
0
0
0
0
0
0
0
0
0
0
0
0
0
0
0
0
0
0
0
0
0
0
0
0
0
0
0
0
0
0
0
0
0
0
0
0
0
0
0
0
0
0
0
0
0
0
0
0
0
0
0
0
0
0
0
0
0
0
0
0
0
0
0
0
0
0
0
0
0
0
0
0
0
0
0
0
0
0
0
0
0
0
0
0
0
0
0
0
0
0
0
0
0
0
0
0
0
0
0
0
0
0
0
0
0
0
0
0
0
0
0
0
0
0
0
0
0
0
0
0
0
0
0
0
0
0
0
0
0
0
0
0
0
0
0
0
0
0
0
0
0
0
0
0
0
0
0
0
0
0
0
0
0
0
0
0
0
0
0
0
0
0
0
0
0
0
0
0
0
0
0
0
0
0
0
0
0
0
0
0
0
0
0
0
0
0
0
0
0
0
0
0
0
0
0
0
0
0
0
0
0
0
0
0
0
0
0
0
0
0
0
0
0
0
0
0
0
0
0
0
0
0
0
0
0
0
0
0
0
0
0
0
0
0
0
0
0
0
0
0
0
0
0
0
0
0
0
0
0
0
0
0
0
0
0
0
0
0
0
0
0
0
0
0
0
0
0
0
0
0
0
0
0
0
0
0
0
0
0
0
0
0
0
0
0
0
0
0
0
0
0
0
0
0
0
0
0
0
0
0
0
0
0
0
0
0
0
0
0
0
0
0
0
0
0
0
0
0
0
0
0
0
0
0
0
0
0
0
0
0
0
0
0
0
0
0
0
0
0
0
0
0
0
0
0
0
0
0
0
0
0
0
0
0
0
0
0
0
0
0
0
0
0
0
0
0
0
0
0
0
0
0
0
0
0
0
0
0
0
0
0
0
0
0
0
0
0
0
0
0
0
0
0
0
0
0
0
0
0
0
0
0
0
0
0
0
0
0
0
0
0
0
0
0
0
0
0
0
0
0
0
0
0
0
0
0
0
0
0
0
0
0
0
0
0
0
0
0
0
0
0
0
0
0
0
0
0
0
0
0
0
0
0
0
0
0
0
0
0
0
0
0
0
0
0
0
0
0
0
0
0
0
0
0
0
0
0
0
0
0
0
0
0
0
0
0
0
0
0
0
0
0
0
0
0
0
0
0
0
0
0
0
0
0
0
0
0
0
0
0
0
0
0
0
0
0
0
0
0
0
0
0
0
0
0
0
0
0
0
0
0
0
0
0
0
0
0
0
0
0
0
0
0
0
0
0
0
0
0
0
0
0
0
0
0
0
0
0
0
0
0
0
0
0
0
0
0
0
0
0
0
0
0
0
0
0
0
0
0
0
0
0
0
0
0
0
0
0
0
0
0
0
0
0
0
0
0
0
0
0
0
0
0
0
0
0
0
0
0
0
0
0
0
0
0
0
0
0
0
0
0
0
0
0
0
0
0
0
0
0
0
0
0
0
0
0
0
0
0
0
0
0
0
0
0
0
0
0
0
0
0
0
0
0
0
0
0
0
0
0
0
0
0
0
0
0
0
0
0
0
0
0
0
0
0
0
0
0
0
0
0
0
0
0
0
0
0
0
0
0
0
0
0
0
0
0
0
0
0
0
0
0
0
0
0
0
0
0
0
0
0
0
0
0
0
0
0
0
0
0
0
0
0
0
0
0
0
0
0
0
0
0
0
0
0
0
0
0
0
0
0
0
0
0
0
0
0
0
0
0
0
0
0
0
0
0
0
0
0
0
0
0
0
0
0
0
0
0
0
0
0
0
0
0
0
0
0
0
0
0
0
0
0
0
0
0
0
0
0
0
0
0
0
0
0
0
0
0
0
0
0
0
0
0
0
0
0
0
0
0
0
0
0
0
0
0
0
0
0
0
0
0
0
0
0
0
0
0
0
0
0
0
0
0
0
0
0
0
0
0
0
0
0
0
0
0
0
0
0
0
0
0
0
0
0
0
0
0
0
0
0
0
0
0
0
0
0
0
0
0
0
0
0
0
0
0
0
0
0
0
0
0
0
0
0
0
0
0
0
0
0
0
0
0
0
0
0
0
0
0
0
0
0
0
0
0
0
0
0
0
0
0
0
0
0
0
0
0
0
0
0
0
0
0
0
0
0
0
0
0
0
0
0
0
0
0
0
0
0
0
0
0
0
0
0
0
0
0
0
0
0
0
0
0
0
0
0
0
0
0
0
0
0
0
0
0
0
0
0
0
0
0
0
0
0
0
0
0
0
0
0
0
0
0
0
0
0
0
0
0
0
0
0
0
0
0
0
0
0
0
0
0
0
0
0
0
0
0
0
0
0
0
0
0
0
0
0
0
0
0
0
0
0
0
0
0
0
0
0
0
0
0
0
0
0
0
0
0
0
0
0
0
0
0
0
0
0
0
0
0
0
0
0
0
0
0
0
0
0
0
0
0
0
0
0
0
0
0
0
0
0
0
0
0
0
0
0
0
0
0
0
0
0
0
0
0
0
0
0
0
0
0
0
0
0
0
0
0
0
0
0
0
0
0
0
0
0
0
0
0
0
0
0
0
0
0
0
0
0
0
0
0
0
0
0
0
0
0
0
0
0
0
0
0
0
0
0
0
0
0
0
0
0
0
0
0
0
0
0
0
0
0
0
0
0
0
0
0
0
0
0
0
0
0
0
0
0
0
0
0
0
0
0
0
0
0
0
0
0
0
0
0
0
0
0
0
0
0
0
0
0
0
0
0
0
0
0
0
0
0
0
0
0
0
0
0
0
0
0
0
0
0
0
0
0
0
0
0
0
0
0
0
0
0
0
0
0
0
0
0
0
0
0
0
0
0
0
0
0
0
0
0
0
0
0
0
0
0
0
0
0
0
0
0
0
0
0
0
0
0
0
0
0
0
0
0
0
0
0
0
0
0
0
0
0
0
0
0
0
0
0
0
0
0
0
0
0
0
0
0
0
0
0
0
0
0
0
0
0
0
0
0
0
0
0
0
0
0
0
0
0
0
0
0
0
0
0
0
0
0
0
0
0
0
0
0
0
0
0
0
0
0
0
0
0
0
0
0
0
0
0
0
0
0
0
0
0
0
0
0
0
0
0
0
0
0
0
0
0
0
0
0
0
0
0
0
0
0
0
0
0
0
0
0
0
0
0
0
0
0
0
0
0
0
0
0
0
0
0
0
0
0
0
0
0
0
0
0
0
0
0
0
0
0
0
0
0
0
0
0
0
0
0
0
0
0
0
0
0
0
0
0
0
0
0
0
0
0
0
0
0
0
0
0
0
0
0
0
0
0
0
0
0
0
0
0
0
0
0
0
0
0
0
0
0
0
0
0
0
0
0
0
0
0
0
0
0
0
0
0
0
0
0
0
0
0
0
0
0
0
0
0
0
0
0
0
0
0
0
0
0
0
0
0
0
0
0
0
0
0
0
0
0
0
0
0
0
0
0
0
0
0
0
0
0
0
0
0
0
0
0
0
0
0
0
0
0
0
0
0
0
0
0
0
0
0
0
0
0
0
0
0
0
0
0
0
0
0
0
0
0
0
0
0
0
0
0
0
0
0
0
0
0
0
0
0
0
0
0
0
0
0
0
0
0
0
0
0
0
0
0
0
0
0
0
0
0
0
0
0
0
0
0
0
0
0
0
0
0
0
0
0
0
0
0
0
0
0
0
0
0
0
0
0
0
0
0
0
0
0
0
0
0
0
0
0
0
0
0
0
0
0
0
0
0
0
0
0
0
0
0
0
0
0
0
0
0
0
0
0
0
0
0
0
0
0
0
0
0
0
0
0
0
0
0
0
0
0
0
0
0
0
0
0
0
0
0
0
0
0
0
0
0
0
0
0
0
0
0
0
0
0
0
0
0
0
0
0
0
0
0
0
0
0
0
0
0
0
0
0
0
0
0
0
0
0
0
0
0
0
0
0
0
0
0
0
0
0
0
0
0
0
0
0
0
0
0
0
0
0
0
0
0
0
0
0
0
0
0
0
0
0
0
0
0
0
0
0
0
0
0
0
0
0
0
0
0
0
0
0
0
0
0
0
0
0
0
0
0
0
0
0
0
0
0
0
0
0
0
0
0
0
0
0
0
0
0
0
0
0
0
0
0
0
0
0
0
0
0
0
0
0
0
0
0
0
0
0
0
0
0
0
0
0
0
0
0
0
0
0
0
0
0
0
0
0
0
0
0
0
0
0
0
0
0
0
0
0
0
0
0
0
0
0
0
0
0
0
0
0
0
0
0
0
0
0
0
0
0
0
0
0
0
0
0
0
0
0
0
0
0
0
0
0
0
0
0
0
0
0
0
0
0
0
0
0
0
0
0
0
0
0
0
0
0
0
0
0
0
0
0
0
0
0
0
0
0
0
0
0
0
0
0
0
0
0
0
0
0
0
0
0
0
0
0
0
0
0
0
0
0
0
0
0
0
0
0
0
0
0
0
0
0
0
0
0
0
0
0
0
0
0
0
0
0
0
0
0
0
0
0
0
0
0
0
0
0
0
0
0
0
0
0
0
0
0
0
0
0
0
0
0
0
0
0
0
0
0
0
0
0
0
0
0
0
0
0
0
0
0
0
0
0
0
0
0
0
0
0
0
0
0
0
0
0
0
0
0
0
0
0
0
0
0
0
0
0
0
0
0
0
0
0
0
0
0
0
0
0
0
0
0
0
0
0
0
0
0
0
0
0
0
0
0
0
0
0
0
0
0
0
0
0
0
0
0
0
0
0
0
0
0
0
0
0
0
0
0
0
0
0
0
0
0
0
0
0
0
0
0
0
0
0
0
0
0
0
0
0
0
0
0
0
0
0
0
0
0
0
0
0
0
0
0
0
0
0
0
0
0
0
0
0
0
0
0
0
0
0
0
0
0
0
0
0
0
0
0
0
0
0
0
0
0
0
0
0
0
0
0
0
0
0
0
0
0
0
0
0
0
0
0
0
0
0
0
0
0
0
0
0
0
0
0
0
0
0
0
0
0
0
0
0
0
0
0
0
0
0
0
0
0
0
0
0
0
0
0
0
0
0
0
0
0
0
0
0
0
0
0
0
0
0
0
0
0
0
0
0
0
0
0
0
0
0
0
0
0
0
0
0
0
0
0
0
0
0
0
0
0
0
0
0
0
0
0
0
0
0
0
0
0
0
0
0
0
0
0
0
0
0
0
0
0
0
0
0
0
0
0
0
0
0
0
0
0
0
0
0
0
0
0
0
0
0
0
0
0
0
0
0
0
0
0
0
0
0
0
0
0
0
0
0
0
0
0
0
0
0
0
0
0
0
0
0
0
0
0
0
0
0
0
0
0
0
0
0
0
0
0
0
0
0
0
0
0
0
0
0
0
0
0
0
0
0
0
0
0
0
0
0
0
0
0
0
0
0
0
0
0
0
0
0
0
0
0
0
0
0
0
0
0
0
0
0
0
0
0
0
0
0
0
0
0
0
0
0
0
0
0
0
0
0
0
0
0
0
0
0
0
0
0
0
0
0
0
0
0
0
0
0
0
0
0
0
0
0
0
0
0
0
0
0
0
0
0
0
0
0
0
0
0
0
0
0
0
0
0
0
0
0
0
0
0
0
0
0
0
0
0
0
0
0
0
0
0
0
0
0
0
0
0
0
0
0
0
0
0
0
0
0
0
0
0
0
0
0
0
0
0
0
0
0
0
0
0
0
0
0
0
0
0
0
0
0
0
0
0
0
0
0
0
0
0
0
0
0
0
0
0
0
0
0
0
0
0
0
0
0
0
0
0
0
0
0
0
0
0
0
0
0
0
0
0
0
0
0
0
0
0
0
0
0
0
0
0
0
0
0
0
0
0
0
0
0
0
0
0
0
0
0
0
0
0
0
0
0
0
0
0
0
0
0
0
0
0
0
0
0
0
0
0
0
0
0
0
0
0
0
0
0
0
0
0
0
0
0
0
0
0
0
0
0
0
0
0
0
0
0
0
0
0
0
0
0
0
0
0
0
0
0
0
0
0
0
0
0
0
0
0
0
0
0
0
0
0
0
0
0
0
0
0
0
0
0
0
0
0
0
0
0
0
0
0
0
0
0
0
0
0
0
0
0
0
0
0
0
0
0
0
0
0
0
0
0
0
0
0
0
0
0
0
0
0
0
0
0
0
0
0
0
0
0
0
0
0
0
0
0
0
0
0
0
0
0
0
0
0
0
0
0
0
0
0
0
0
0
0
0
0
0
0
0
0
0
0
0
0
0
0
0
0
0
0
0
0
0
0
0
0
0
0
0
0
0
0
0
0
0
0
0
0
0
0
0
0
0
0
0
0
0
0
0
0
0
0
0
0
0
0
0
0
0
0
0
0
0
0
0
0
0
0
0
0
0
0
0
0
0
0
0
0
0
0
0
0
0
0
0
0
0
0
0
0
0
0
0
0
0
0
0
0
0
0
0
0
0
0
0
0
0
0
0
0
0
0
0
0
0
0
0
0
0
0
0
0
0
0
0
0
0
0
0
0
0
0
0
0
0
0
0
0
0
0
0
0
0
0
0
0
0
0
0
0
0
0
0
0
0
0
0
0
0
0
0
0
0
0
0
0
0
0
0
0
0
0
0
0
0
0
0
0
0
0
0
0
0
0
0
0
0
0
0
0
0
0
0
0
0
0
0
0
0
0
0
0
0
0
0
0
0
0
0
0
0
0
0
0
0
0
0
0
0
0
0
0
0
0
0
0
0
0
0
0
0
0
0
0
0
0
0
0
0
0
0
0
0
0
0
0
0
0
0
0
0
0
0
0
0
0
0
0
0
0
0
0
0
0
0
0
0
0
0
0
0
0
0
0
0
0
0
0
0
0
0
0
0
0
0
0
0
0
0
0
0
0
0
0
0
0
0
0
0
0
0
0
0
0
0
0
0
0
0
0
0
0
0
0
0
0
0
0
0
0
0
0
0
0
0
0
0
0
0
0
0
0
0
0
0
0
0
0
0
0
0
0
0
0
0
0
0
0
0
0
0
0
0
0
0
0
0
0
0
0
0
0
0
0
0
0
0
0
0
0
0
0
0
0
0
0
0
0
0
0
0
0
0
0
0
0
0
0
0
0
0
0
0
0
0
0
0
0
0
0
0
0
0
0
0
0
0
0
0
0
0
0
0
0
0
0
0
0
0
0
0
0
0
0
0
0
0
0
0
0
0
0
0
0
0
0
0
0
0
0
0
0
0
0
0
0
0
0
0
0
0
0
0
0
0
0
0
0
0
0
0
0
0
0
0
0
0
0
0
0
0
0
0
0
0
0
0
0
0
0
0
0
0
0
0
0
0
0
0
0
0
0
0
0
0
0
0
0
0
0
0
0
0
0
0
0
0
0
0
0
0
0
0
0
0
0
0
0
0
0
0
0
0
0
0
0
0
0
0
0
0
0
0
0
0
0
0
0
0
0
0
0
0
0
0
0
0
0
0
0
0
0
0
0
0
0
0
0
0
0
0
0
0
0
0
0
0
0
0
0
0
0
0
0
0
0
0
0
0
0
0
0
0
0
0
0
0
0
0
0
0
0
0
0
0
0
0
0
0
0
0
0
0
0
0
0
0
0
0
0
0
0
0
0
0
0
0
0
0
0
0
0
0
0
0
0
0
0
0
0
0
0
0
0
0
0
0
0
0
0
0
0
0
0
0
0
0
0
0
0
0
0
0
0
0
0
0
0
0
0
0
0
0
0
0
0
0
0
0
0
0
0
0
0
0
0
0
0
0
0
0
0
0
0
0
0
0
0
0
0
0
0
0
0
0
0
0
0
0
0
0
0
0
0
0
0
0
0
0
0
0
0
0
0
0
0
0
0
0
0
0
0
0
0
0
0
0
0
0
0
0
0
0
0
0
0
0
0
0
0
0
0
0
0
0
0
0
0
0
0
0
0
0
0
0
0
0
0
0
0
0
0
0
0
0
0
0
0
0
0
0
0
0
0
0
0
0
0
0
0
0
0
0
0
0
0
0
0
0
0
0
0
0
0
0
0
0
0
0
0
0
0
0
0
0
0
0
0
0
0
0
0
0
0
0
0
0
0
0
0
0
0
0
0
0
0
0
0
0
0
0
0
0
0
0
0
0
0
0
0
0
0
0
0
0
0
0
0
0
0
0
0
0
0
0
0
0
0
0
0
0
0
0
0
0
0
0
0
0
0
0
0
0
0
0
0
0
0
0
0
0
0
0
0
0
0
0
0
0
0
0
0
0
0
0
0
0
0
0
0
0
0
0
0
0
0
0
0
0
0
0
0
0
0
0
0
0
0
0
0
0
0
0
0
0
0
0
0
0
0
0
0
0
0
0
0
0
0
0
0
0
0
0
0
0
0
0
0
0
0
0
0
0
0
0
0
0
0
0
0
0
0
0
0
0
0
0
0
0
0
0
0
0
0
0
0
0
0
0
0
0
0
0
0
0
0
0
0
0
0
0
0
0
0
0
0
0
0
0
0
0
0
0
0
0
0
0
0
0
0
0
0
0
0
0
0
0
0
0
0
0
0
0
0
0
0
0
0
0
0
0
0
0
0
0
0
0
0
0
0
0
0
0
0
0
0
0
0
0
0
0
0
0
0
0
0
0
0
0
0
0
0
0
0
0
0
0
0
0
0
0
0
0
0
0
0
0
0
0
0
0
0
0
0
0
0
0
0
0
0
0
0
0
0
0
0
0
0
0
0
0
0
0
0
0
0
0
0
0
0
0
0
0
0
0
0
0
0
0
0
0
0
0
0
0
0
0
0
0
0
0
0
0
0
0
0
0
0
0
0
0
0
0
0
0
0
0
0
0
0
0
0
0
0
0
0
0
0
0
0
0
0
0
0
0
0
0
0
0
0
0
0
0
0
0
0
0
0
0
0
0
0
0
0
0
0
0
0
0
0
0
0
0
0
0
0
0
0
0
0
0
0
0
0
0
0
0
0
0
0
0
0
0
0
0
0
0
0
0
0
0
0
0
0
0
0
0
0
0
0
0
0
0
0
0
0
0
0
0
0
0
0
0
0
0
0
0
0
0
0
0
0
0
0
0
0
0
0
0
0
0
0
0
0
0
0
0
0
0
0
0
0
0
0
0
0
0
0
0
0
0
0
0
0
0
0
0
0
0
0
0
0
0
0
0
0
0
0
0
0
0
0
0
0
0
0
0
0
0
0
0
0
0
0
0
0
0
0
0
0
0
0
0
0
0
0
0
0
0
0
0
0
0
0
0
0
0
0
0
0
0
0
0
0
0
0
0
0
0
0
0
0
0
0
0
0
0
0
0
0
0
0
0
0
0
0
0
0
0
0
0
0
0
0
0
0
0
0
0
0
0
0
0
0
0
0
0
0
0
0
0
0
0
0
0
0
0
0
0
0
0
0
0
0
0
0
0
0
0
0
0
0
0
0
0
0
0
0
0
0
0
0
0
0
0
0
0
0
0
0
0
0
0
0
0
0
0
0
0
0
0
0
0
0
0
0
0
0
0
0
0
0
0
0
0
0
0
0
0
0
0
0
0
0
0
0
0
0
0
0
0
0
0
0
0
0
0
0
0
0
0
0
0
0
0
0
0
0
0
0
0
0
0
0
0
0
0
0
0
0
0
0
0
0
0
0
0
0
0
0
0
0
0
0
0
0
0
0
0
0
0
0
0
0
0
0
0
0
0
0
0
0
0
0
0
0
0
0
0
0
0
0
0
0
0
0
0
0
0
0
0
0
0
0
0
0
0
0
0
0
0
0
0
0
0
0
0
0
0
0
0
0
0
0
0
0
0
0
0
0
0
0
0
0
0
0
0
0
0
0
0
0
0
0
0
0
0
0
0
0
0
0
0
0
0
0
0
0
0
0
0
0
0
0
0
0
0
0
0
0
0
0
0
0
0
0
0
0
0
0
0
0
0
0
0
0
0
0
0
0
0
0
0
0
0
0
0
0
0
0
0
0
0
0
0
0
0
0
0
0
0
0
0
0
0
0
0
0
0
0
0
0
0
0
0
0
0
0
0
0
0
0
0
0
0
0
0
0
0
0
0
0
0
0
0
0
0
0
0
0
0
0
0
0
0
0
0
0
0
0
0
0
0
0
0
0
0
0
0
0
0
0
0
0
0
0
0
0
0
0
0
0
0
0
0
0
0
0
0
0
0
0
0
0
0
0
0
0
0
0
0
0
0
0
0
0
0
0
0
0
0
0
0
0
0
0
0
0
0
0
0
0
0
0
0
0
0
0
0
0
0
0
0
0
0
0
0
0
0
0
0
0
0
0
0
0
0
0
0
0
0
0
0
0
0
0
0
0
0
0
0
0
0
0
0
0
0
0
0
0
0
0
0
0
0
0
0
0
0
0
0
0
0
0
0
0
0
0
0
0
0
0
0
0
0
0
0
0
0
0
0
0
0
0
0
0
0
0
0
0
0
0
0
0
0
0
0
0
0
0
0
0
0
0
0
0
0
0
0
0
0
0
0
0
0
0
0
0
0
0
0
0
0
0
0
0
0
0
0
0
0
0
0
0
0
0
0
0
0
0
0
0
0
0
0
0
0
0
0
0
0
0
0
0
0
0
0
0
0
0
0
0
0
0
0
0
0
0
0
0
0
0
0
0
0
0
0
0
0
0
0
0
0
0
0
0
0
0
0
0
0
0
0
0
0
0
0
0
0
0
0
0
0
0
0
0
0
0
0
0
0
0
0
0
0
0
0
0
0
0
0
0
0
0
0
0
0
0
0
0
0
0
0
0
0
0
0
0
0
0
0
0
0
0
0
0
0
0
0
0
0
0
0
0
0
0
0
0
0
0
0
0
0
0
0
0
0
0
0
0
0
0
0
0
0
0
0
0
0
0
0
0
0
0
0
0
0
0
0
0
0
0
0
0
0
0
0
0
0
0
0
0
0
0
0
0
0
0
0
0
0
0
0
0
0
0
0
0
0
0
0
0
0
0
0
0
0
0
0
0
0
0
0
0
0
0
0
0
0
0
0
0
0
0
0
0
0
0
0
0
0
0
0
0
0
0
0
0
0
0
0
0
0
0
0
0
0
0
0
0
0
0
0
0
0
0
0
0
0
0
0
0
0
0
0
0
0
0
0
0
0
0
0
0
0
0
0
0
0
0
0
0
0
0
0
0
0
0
0
0
0
0
0
0
0
0
0
0
0
0
0
0
0
0
0
0
0
0
0
0
0
0
0
0
0
0
0
0
0
0
0
0
0
0
0
0
0
0
0
0
0
0
0
0
0
0
0
0
0
0
0
0
0
0
0
0
0
0
0
0
0
0
0
0
0
0
0
0
0
0
0
0
0
0
0
0
0
0
0
0
0
0
0
0
0
0
0
0
0
0
0
0
0
0
0
0
0
0
0
0
0
0
0
0
0
0
0
0
0
0
0
0
0
0
0
0
0
0
0
0
0
0
0
0
0
0
0
0
0
0
0
0
0
0
0
0
0
0
0
0
0
0
0
0
0
0
0
0
0
0
0
0
0
0
0
0
0
0
0
0
0
0
0
0
0
0
0
0
0
0
0
0
0
0
0
0
0
0
0
0
0
0
0
0
0
0
0
0
0
0
0
0
0
0
0
0
0
0
0
0
0
0
0
0
0
0
0
0
0
0
0
0
0
0
0
0
0
0
0
0
0
0
0
0
0
0
0
0
0
0
0
0
0
0
0
0
0
0
0
0
0
0
0
0
0
0
0
0
0
0
0
0
0
0
0
0
0
0
0
0
0
0
0
0
0
0
0
0
0
0
0
0
0
0
0
0
0
0
0
0
0
0
0
0
0
0
0
0
0
0
0
0
0
0
0
0
0
0
0
0
0
0
0
0
0
0
0
0
0
0
0
0
0
0
0
0
0
0
0
0
0
0
0
0
0
0
0
0
0
0
0
0
0
0
0
0
0
0
0
0
0
0
0
0
0
0
0
0
0
0
0
0
0
0
0
0
0
0
0
0
0
0
0
0
0
0
0
0
0
0
0
0
0
0
0
0
0
0
0
0
0
0
0
0
0
0
0
0
0
0
0
0
0
0
0
0
0
0
0
0
0
0
0
0
0
0
0
0
0
0
0
0
0
0
0
0
0
0
0
0
0
0
0
0
0
0
0
0
0
0
0
0
0
0
0
0
0
0
0
0
0
0
0
0
0
0
0
0
0
0
0
0
0
0
0
0
0
0
0
0
0
0
0
0
0
0
0
0
0
0
0
0
0
0
0
0
0
0
0
0
0
0
0
0
0
0
0
0
0
0
0
0
0
0
0
0
0
0
0
0
0
0
0
0
0
0
0
0
0
0
0
0
0
0
0
0
0
0
0
0
0
0
0
0
0
0
0
0
0
0
0
0
0
0
0
0
0
0
0
0
0
0
0
0
0
0
0
0
0
0
0
0
0
0
0
0
0
0
0
0
0
0
0
0
0
0
0
0
0
0
0
0
0
0
0
0
0
0
0
0
0
0
0
0
0
0
0
0
0
0
0
0
0
0
0
0
0
0
0
0
0
0
0
0
0
0
0
0
0
0
0
0
0
0
0
0
0
0
0
0
0
0
0
0
0
0
0
0
0
0
0
0
0
0
0
0
0
0
0
0
0
0
0
0
0
0
0
0
0
0
0
0
0
0
0
0
0
0
0
0
0
0
0
0
0
0
0
0
0
0
0
0
0
0
0
0
0
0
0
0
0
0
0
0
0
0
0
0
0
0
0
0
0
0
0
0
0
0
0
0
0
0
0
0
0
0
0
0
0
0
0
0
0
0
0
0
0
0
0
0
0
0
0
0
0
0
0
0
0
0
0
0
0
0
0
0
0
0
0
0
0
0
0
0
0
0
0
0
0
0
0
0
0
0
0
0
0
0
0
0
0
0
0
0
0
0
0
0
0
0
0
0
0
0
0
0
0
0
0
0
0
0
0
0
0
0
0
0
0
0
0
0
0
0
0
0
0
0
0
0
0
0
0
0
0
0
0
0
0
0
0
0
0
0
0
0
0
0
0
0
0
0
0
0
0
0
0
0
0
0
0
0
0
0
0
0
0
0
0
0
0
0
0
0
0
0
0
0
0
0
0
0
0
0
0
0
0
0
0
0
0
0
0
0
0
0
0
0
0
0
0
0
0
0
0
0
0
0
0
0
0
0
0
0
0
0
0
0
0
0
0
0
0
0
0
0
0
0
0
0
0
0
0
0
0
0
0
0
0
0
0
0
0
0
0
0
0
0
0
0
0
0
0
0
0
0
0
0
0
0
0
0
0
0
0
0
0
0
0
0
0
0
0
0
0
0
0
0
0
0
0
0
0
0
0
0
0
0
0
0
0
0
0
0
0
0
0
0
0
0
0
0
0
0
0
0
0
0
0
0
0
0
0
0
0
0
0
0
0
0
0
0
0
0
0
0
0
0
0
0
0
0
0
0
0
0
0
0
0
0
0
0
0
0
0
0
0
0
0
0
0
0
0
0
0
0
0
0
0
0
0
0
0
0
0
0
0
0
0
0
0
0
0
0
0
0
0
0
0
0
0
0
0
0
0
0
0
0
0
0
0
0
0
0
0
0
0
0
0
0
0
0
0
0
0
0
0
0
0
0
0
0
0
0
0
0
0
0
0
0
0
0
0
0
0
0
0
0
0
0
0
0
0
0
0
0
0
0
0
0
0
0
0
0
0
0
0
0
0
0
0
0
0
0
0
0
0
0
0
0
0
0
0
0
0
0
0
0
0
0
0
0
0
0
0
0
0
0
0
0
0
0
0
0
0
0
0
0
0
0
0
0
0
0
0
0
0
0
0
0
0
0
0
0
0
0
0
0
0
0
0
0
0
0
0
0
0
0
0
0
0
0
0
0
0
0
0
0
0
0
0
0
0
0
0
0
0
0
0
0
0
0
0
0
0
0
0
0
0
0
0
0
0
0
0
0
0
0
0
0
0
0
0
0
0
0
0
0
0
0
0
0
0
0
0
0
0
0
0
0
0
0
0
0
0
0
0
0
0
0
0
0
0
0
0
0
0
0
0
0
0
0
0
0
0
0
0
0
0
0
0
0
0
0
0
0
0
0
0
0
0
0
0
0
0
0
0
0
0
0
0
0
0
0
0
0
0
0
0
0
0
0
0
0
0
0
0
0
0
0
0
0
0
0
0
0
0
0
0
0
0
0
0
0
0
0
0
0
0
0
0
0
0
0
0
0
0
0
0
0
0
0
0
0
0
0
0
0
0
0
0
0
0
0
0
0
0
0
0
0
0
0
0
0
0
0
0
0
0
0
0
0
0
0
0
0
0
0
0
0
0
0
0
0
0
0
0
0
0
0
0
0
0
0
0
0
0
0
0
0
0
0
0
0
0
0
0
0
0
0
0
0
0
0
0
0
0
0
0
0
0
0
0
0
0
0
0
0
0
0
0
0
0
0
0
0
0
0
0
0
0
0
0
0
0
0
0
0
0
0
0
0
0
0
0
0
0
0
0
0
0
0
0
0
0
0
0
0
0
0
0
0
0
0
0
0
0
0
0
0
0
0
0
0
0
0
0
0
0
0
0
0
0
0
0
0
0
0
0
0
0
0
0
0
0
0
0
0
0
0
0
0
0
0
0
0
0
0
0
0
0
0
0
0
0
0
0
0
0
0
0
0
0
0
0
0
0
0
0
0
0
0
0
0
0
0
0
0
0
0
0
0
0
0
0
0
0
0
0
0
0
0
0
0
0
0
0
0
0
0
0
0
0
0
0
0
0
0
0
0
0
0
0
0
0
0
0
0
0
0
0
0
0
0
0
0
0
0
0
0
0
0
0
0
0
0
0
0
0
0
0
0
0
0
0
0
0
0
0
0
0
0
0
0
0
0
0
0
0
0
0
0
0
0
0
0
0
0
0
0
0
0
0
0
0
0
0
0
0
0
0
0
0
0
0
0
0
0
0
0
0
0
0
0
0
0
0
0
0
0
0
0
0
0
0
0
0
0
0
0
0
0
0
0
0
0
0
0
0
0
0
0
0
0
0
0
0
0
0
0
0
0
0
0
0
0
0
0
0
0
0
0
0
0
0
0
0
0
0
0
0
0
0
0
0
0
0
0
0
0
0
0
0
0
0
0
0
0
0
0
0
0
0
0
0
0
0
0
0
0
0
0
0
0
0
0
0
0
0
0
0
0
0
0
0
0
0
0
0
0
0
0
0
0
0
0
0
0
0
0
0
0
0
0
0
0
0
0
0
0
0
0
0
0
0
0
0
0
0
0
0
0
0
0
0
0
0
0
0
0
0
0
0
0
0
0
0
0
0
0
0
0
0
0
0
0
0
0
0
0
0
0
0
0
0
0
0
0
0
0
0
0
0
0
0
0
0
0
0
0
0
0
0
0
0
0
0
0
0
0
0
0
0
0
0
0
0
0
0
0
0
0
0
0
0
0
0
0
0
0
0
0
0
0
0
0
0
0
0
0
0
0
0
0
0
0
0
0
0
0
0
0
0
0
0
0
0
0
0
0
0
0
0
0
0
0
0
0
0
0
0
0
0
0
0
0
0
0
0
0
0
0
0
0
0
0
0
0
0
0
0
0
0
0
0
0
0
0
0
0
0
0
0
0
0
0
0
0
0
0
0
0
0
0
0
0
0
0
0
0
0
0
0
0
0
0
0
0
0
0
0
0
0
0
0
0
0
0
0
0
0
0
0
0
0
0
0
0
0
0
0
0
0
0
0
0
0
0
0
0
0
0
0
0
0
0
0
0
0
0
0
0
0
0
0
0
0
0
0
0
0
0
0
0
0
0
0
0
0
0
0
0
0
0
0
0
0
0
0
0
0
0
0
0
0
0
0
0
0
0
0
0
0
0
0
0
0
0
0
0
0
0
0
0
0
0
0
0
0
0
0
0
0
0
0
0
0
0
0
0
0
0
0
0
0
0
0
0
0
0
0
0
0
0
0
0
0
0
0
0
0
0
0
0
0
0
0
0
0
0
0
0
0
0
0
0
0
0
0
0
0
0
0
0
0
0
0
0
0
0
0
0
0
0
0
0
0
0
0
0
0
0
0
0
0
0
0
0
0
0
0
0
0
0
0
0
0
0
0
0
0
0
0
0
0
0
0
0
0
0
0
0
0
0
0
0
0
0
0
0
0
0
0
0
0
0
0
0
0
0
0
0
0
0
0
0
0
0
0
0
0
0
0
0
0
0
0
0
0
0
0
0
0
0
0
0
0
0
0
0
0
0
0
0
0
0
0
0
0
0
0
0
0
0
0
0
0
0
0
0
0
0
0
0
0
0
0
0
0
0
0
0
0
0
0
0
0
0
0
0
0
0
0
0
0
0
0
0
0
0
0
0
0
0
0
0
0
0
0
0
0
0
0
0
0
0
0
0
0
0
0
0
0
0
0
0
0
0
0
0
0
0
0
0
0
0
0
0
0
0
0
0
0
0
0
0
0
0
0
0
0
0
0
0
0
0
0
0
0
0
0
0
0
0
0
0
0
0
0
0
0
0
0
0
0
0
0
0
0
0
0
0
0
0
0
0
0
0
0
0
0
0
0
0
0
0
0
0
0
0
0
0
0
0
0
0
0
0
0
0
0
0
0
0
0
0
0
0
0
0
0
0
0
0
0
0
0
0
0
0
0
0
0
0
0
0
0
0
0
0
0
0
0
0
0
0
0
0
0
0
0
0
0
0
0
0
0
0
0
0
0
0
0
0
0
0
0
0
0
0
0
0
0
0
0
0
0
0
0
0
0
0
0
0
0
0
0
0
0
0
0
0
0
0
0
0
0
0
0
0
0
0
0
0
0
0
0
0
0
0
0
0
0
0
0
0
0
0
0
0
0
0
0
0
0
0
0
0
0
0
0
0
0
0
0
0
0
0
0
0
0
0
0
0
0
0
0
0
0
0
0
0
0
0
0
0
0
0
0
0
0
0
0
0
0
0
0
0
0
0
0
0
0
0
0
0
0
0
0
0
0
0
0
0
0
0
0
0
0
0
0
0
0
0
0
0
0
0
0
0
0
0
0
0
0
0
0
0
0
0
0
0
0
0
0
0
0
0
0
0
0
0
0
0
0
0
0
0
0
0
0
0
0
0
0
0
0
0
0
0
0
0
0
0
0
0
0
0
0
0
0
0
0
0
0
0
0
0
0
0
0
0
0
0
0
0
0
0
0
0
0
0
0
0
0
0
0
0
0
0
0
0
0
0
0
0
0
0
0
0
0
0
0
0
0
0
0
0
0
0
0
0
0
0
0
0
0
0
0
0
0
0
0
0
0
0
0
0
0
0
0
0
0
0
0
0
0
0
0
0
0
0
0
0
0
0
0
0
0
0
0
0
0
0
0
0
0
0
0
0
0
0
0
0
0
0
0
0
0
0
0
0
0
0
0
0
0
0
0
0
0
0
0
0
0
0
0
0
0
0
0
0
0
0
0
0
0
0
0
0
0
0
0
0
0
0
0
0
0
0
0
0
0
0
0
0
0
0
0
0
0
0
0
0
0
0
0
0
0
0
0
0
0
0
0
0
0
0
0
0
0
0
0
0
0
0
0
0
0
0
0
0
0
0
0
0
0
0
0
0
0
0
0
0
0
0
0
0
0
0
0
0
0
0
0
0
0
0
0
0
0
0
0
0
0
0
0
0
0
0
0
0
0
0
0
0
0
0
0
0
0
0
0
0
0
0
0
0
0
0
0
0
0
0
0
0
0
0
0
0
0
0
0
0
0
0
0
0
0
0
0
0
0
0
0
0
0
0
0
0
0
0
0
0
0
0
0
0
0
0
0
0
0
0
0
0
0
0
0
0
0
0
0
0
0
0
0
0
0
0
0
0
0
0
0
0
0
0
0
0
0
0
0
0
0
0
0
0
0
0
0
0
0
0
0
0
0
0
0
0
0
0
0
0
0
0
0
0
0
0
0
0
0
0
0
0
0
0
0
0
0
0
0
0
0
0
0
0
0
0
0
0
0
0
0
0
0
0
0
0
0
0
0
0
0
0
0
0
0
0
0
0
0
0
0
0
0
0
0
0
0
0
0
0
0
0
0
0
0
0
0
0
0
0
0
0
0
0
0
0
0
0
0
0
0
0
0
0
0
0
0
0
0
0
0
0
0
0
0
0
0
0
0
0
0
0
0
0
0
0
0
0
0
0
0
0
0
0
0
0
0
0
0
0
0
0
0
0
0
0
0
0
0
0
0
0
0
0
0
0
0
0
0
0
0
0
0
0
0
0
0
0
0
0
0
0
0
0
0
0
0
0
0
0
0
0
0
0
0
0
0
0
0
0
0
0
0
0
0
0
0
0
0
0
0
0
0
0
0
0
0
0
0
0
0
0
0
0
0
0
0
0
0
0
0
0
0
0
0
0
0
0
0
0
0
0
0
0
0
0
0
0
0
0
0
0
0
0
0
0
0
0
0
0
0
0
0
0
0
0
0
0
0
0
0
0
0
0
0
0
0
0
0
0
0
0
0
0
0
0
0
0
0
0
0
0
0
0
0
0
0
0
0
0
0
0
0
0
0
0
0
0
0
0
0
0
0
0
0
0
0
0
0
0
0
0
0
0
0
0
0
0
0
0
0
0
0
0
0
0
0
0
0
0
0
0
0
0
0
0
0
0
0
0
0
0
0
0
0
0
0
0
0
0
0
0
0
0
0
0
0
0
0
0
0
0
0
0
0
0
0
0
0
0
0
0
0
0
0
0
0
0
0
0
0
0
0
0
0
0
0
0
0
0
0
0
0
0
0
0
0
0
0
0
0
0
0
0
0
0
0
0
0
0
0
0
0
0
0
0
0
0
0
0
0
0
0
0
0
0
0
0
0
0
0
0
0
0
0
0
0
0
0
0
0
0
0
0
0
0
0
0
0
0
0
0
0
0
0
0
0
0
0
0
0
0
0
0
0
0
0
0
0
0
0
0
0
0
0
0
0
0
0
0
0
0
0
0
0
0
0
0
0
0
0
0
0
0
0
0
0
0
0
0
0
0
0
0
0
0
0
0
0
0
0
0
0
0
0
0
0
0
0
0
0
0
0
0
0
0
0
0
0
0
0
0
0
0
0
0
0
0
0
0
0
0
0
0
0
0
0
0
0
0
0
0
0
0
0
0
0
0
0
0
0
0
0
0
0
0
0
0
0
0
0
0
0
0
0
0
0
0
0
0
0
0
0
0
0
0
0
0
0
0
0
0
0
0
0
0
0
0
0
0
0
0
0
0
0
0
0
0
0
0
0
0
0
0
0
0
0
0
0
0
0
0
0
0
0
0
0
0
0
0
0
0
0
0
0
0
0
0
0
0
0
0
0
0
0
0
0
0
0
0
0
0
0
0
0
0
0
0
0
0
0
0
0
0
0
0
0
0
0
0
0
0
0
0
0
0
0
0
0
0
0
0
0
0
0
0
0
0
0
0
0
0
0
0
0
0
0
0
0
0
0
0
0
0
0
0
0
0
0
0
0
0
0
0
0
0
0
0
0
0
0
0
0
0
0
0
0
0
0
0
0
0
0
0
0
0
0
0
0
0
0
0
0
0
0
0
0
0
0
0
0
0
0
0
0
0
0
0
0
0
0
0
0
0
0
0
0
0
0
0
0
0
0
0
0
0
0
0
0
0
0
0
0
0
0
0
0
0
0
0
0
0
0
0
0
0
0
0
0
0
0
0
0
0
0
0
0
0
0
0
0
0
0
0
0
0
0
0
0
0
0
0
0
0
0
0
0
0
0
0
0
0
0
0
0
0
0
0
0
0
0
0
0
0
0
0
0
0
0
0
0
0
0
0
0
0
0
0
0
0
0
0
0
0
0
0
0
0
0
0
0
0
0
0
0
0
0
0
0
0
0
0
0
0
0
0
0
0
0
0
0
0
0
0
0
0
0
0
0
0
0
0
0
0
0
0
0
0
0
0
0
0
0
0
0
0
0
0
0
0
0
0
0
0
0
0
0
0
0
0
0
0
0
0
0
0
0
0
0
0
0
0
0
0
0
0
0
0
0
0
0
0
0
0
0
0
0
0
0
0
0
0
0
0
0
0
0
0
0
0
0
0
0
0
0
0
0
0
0
0
0
0
0
0
0
0
0
0
0
0
0
0
0
0
0
0
0
0
0
0
0
0
0
0
0
0
0
0
0
0
0
0
0
0
0
0
0
0
0
0
0
0
0
0
0
0
0
0
0
0
0
0
0
0
