0
0
-3.111363526395312e-08
0
0
0
0
0
0
0
0
0
0
0
0
0
0
0
0
0
0
0
0
0.017228153281318326
0.0003135737605551219
0.0008954510897272509
0.0005968333239437517
0
0
0.0008610385469569993
0
0
0.000552818806525025
0
0.006258233222035518
0.010919145156405734
0
0.0007124965849280142
0.0033533622282358564
0.0015368160376301903
0.0035215605125958004
0
0
0
0
0
0
0
0
0.015507314069417069
0
0
0
0.0005731976417767811
0.0057513198109258095
0
0.0010096214739424188
0.002385781839874574
0
0
0
0.01775726205830629
0.0007081613554845086
0.001133715263972425
0
0
0.0013420114885575936
0
0.0007487379841980938
0.0006953395148652659
0.002182265620984336
0
0
0.010542795547029532
0
0
0
0
0
0
0
0
0
0
0.0013400828489791587
0
0
0
0.0006606514251403043
0
0
0
0
0
0.0013557300210186188
0.002650837966418756
0
0.006316202070666616
0
0
0.002236224035556953
0
0
0
0
0.0003618164844367643
0
0.0025856794221245415
0
0.000477551038273185
0.0008142505634347863
0
0
0
0.001356453590975515
0
0
0
0
0
0
0
0
0
0
0
0
0
0
0
0
0.0005448895437001973
0
0
0
0
0
0
0.003745647874742192
0
0
0
0
0
0.0006895851578535674
0
0.0039046384034856023
0
0
0
0
0
0
0
0
0.002307774218282109
0
0
0
0
0
0.0013305799781884809
0.0026232885505844804
0
0
0
0.0008217752000296394
0.0013777552825614912
0
0.00670860801103085
0.004685808260778376
0.0015296368311987548
0
0.006045597791511355
0
0
0
0
0
0
0
0.0006600411922672062
0.004544987162441054
0
0
0.0016012877229883034
0.0009571290724295506
0.0006942475771058873
0
0.013538108493247528
0
0.0004895166456746213
0
0
0
0.0014297884485663672
0
0
0.0005231700289354591
0.0010228334732538453
0.0022972249690814263
0
0.0006788966910348751
0.0008772736932188702
0
0
0
0
0
0.005417341557391005
0
0
0.006634390740195845
0.0009397895881914857
0
0.0006960708803661762
0.0010042556905423413
0
0.0012306255262700273
0.0012107868645690803
0.0008162101670129631
0.004814748048797726
0.0005877892344727265
0.0006975418806215063
0
0
0
0
0
0
0
0.0013471316975892584
0.0029010232485530414
0.0006836514321030818
0.02212195707446018
0
0
0.002236224035556953
0
0
0
0.0005952965869253143
0
0
0
0
0
0
0
0
0.0018819080356641251
0
0
0.001106954331697988
0
0.005757316997636725
0
0
0
0.00129472465725385
0
0
0
0
0.0008836126554729187
0
0
0
0
0
0
0
0
0
0.002692726429364746
0.00435155265666138
0
0.003850406615539532
0.0038963403241628327
0
0
0
0.006526543562060168
0.0022627030145279214
0
0.00274062869436682
0.003645628607456227
0
0.0012918801529027044
0.005258062526325734
0
0
0
0.0008462628521564257
0
0
0.015002762735403935
0.0007109089797565144
0.0007920724509186341
0.003920419974477988
0
0
0
0
0.0021532418931650213
0.0011910307634997164
0
0
0
0.0006928010937475858
0.0007910466547423017
0
0
0.006346193144665032
0.0007705421860738708
0
0
0.002561470769762056
0
0
0
0
0.0007269679717965403
0.005474258152416582
0.0032177428631662976
0
0
0.0008400384411955881
0
0
0.005919112241869716
0
0
0.0023285630200942644
0.0006853780071043434
0.0007193917231066393
0.012240677014505761
0
0.0004932411626950193
0.003402172519507413
0.0005025353745192079
0
0
0
0
0.0014700870428726134
0.00711577182951871
0
0
0
0
0
0
0
0.004997946759419427
0
0
0
0
0
0
0
0.0006537463086475346
0
0
0
0
0
0
0
0.0007339584045002659
0
0
0
0.002592857160978426
0.0008593404983400194
0
0
0.0024514071437140893
0
0
0
0
0
0.001118150541675169
0
0
0.0007273976185275698
0
0
0.00044540885985068957
0
0.0014636094600886703
0
0
0
0
0
0
0
0.003069698999444965
0
0
0
0
0
0
0.00367686152350773
0.004822460443198485
0.0005574472213476745
0
0
0.0037989406536502153
0
0
0
0
0
0
0
0.0007844366911034139
0
0
0
0
0
0
0.0025123082626612057
0.00048449323398970897
0
0
0.006554362396732525
0
0
0.0010344321622420224
0
0
0
0
0.0012741500742964593
0.003177740564996703
0
0
0
0
0
0
0
0
0
0
0.001554293047319991
0.0035600264438204136
0
0.003421701156334554
0
0.0005741764626757352
0
0
0
0.003604190934845043
0.0008400384411955881
0
0.0008985263400627594
0.001842399343280533
0
0
0
0
0
0.0006759000947305086
0.0007521257284540229
0
0
0.0006570183089850544
0
0
0
0
0
0
0
0
0.0006362642081888922
0
0
0.000746828195279203
0
0.0006373460633686647
0
0
0
0
0
0
0
0.0007867545148791187
0
0
0
0
0
0
0.0005178033728733947
0.0013077021746489646
0
0
0
0.003731768261249274
0
0.007109797644255457
0
0
0.008803874834342343
0
0
0
0
0
0.001982871774561361
0
0
0
0
0
0
0.00168711799452302
0.0018889053421229135
0
0.0017284468432038338
0.0017496417211051239
0
0
0.007657936876207177
0
0
0.00047364186684368067
0.003454504644811313
0
0.028539029595669067
0.002712598755770688
0.008020487547097676
0
0
0
0
0
0
0
0
0
0
0.0010050707490384158
0
0
0.0005403810854408605
0.0005173627385522205
0.011194908058990987
0
0
0.0010790104059724122
0.006035433495189931
0
0
0.0013544524829888446
0
0
0
0
0
0
0.003615047564860025
0
0.006589707701815297
0
0
0.0019501004685444521
0
0.0005966130482740585
0.0009102356672971974
0.002126028470436627
0.0011017485192735613
0.0005231700289354591
0
0
0
0.0010151746735754072
0
0
0
0.010097218220507674
0
0
0.0009113358074491708
0.0012566717572790771
0.0017026458120719319
0
0.0006354567320811392
0
0
0
0
0
0
0.0014093691375913538
0.0012253315007463505
0
0.006544993472249828
0
0
0.0009972470131080918
0
0.0005225663982833065
0
0
0
0
0
0.003300211786213596
0.0030351601559035473
0
0
0.0015491515110009164
0.008156854837186596
0
0
0.0017911615451160535
0.01061063877848136
0
0
0
0
0
0.005144263285483538
0
0.0005169230962791376
0.0006485076360771101
0
0
0
0.0007733717507828715
0.0026767236783542922
0.011006385859046324
0
0
0.012034749404131455
0.0006003919529139628
0
0.005372521202763157
0
0
0.0006594328604341757
0.0021602049200951387
0
0
0
0
0.007392854068849225
0
0.0006674929464197706
0
0
0.002841851201062084
0.0011643776848429225
0.0007412084013815183
0
0
0
0.0016887830541416082
0
0.002394468769147112
0.00637526214123292
0
0.002318479917032509
0
0
0.013664652925436185
0
0
0.0012460955687630029
0
0.00035795213318478794
0
0
0
0
0
0
0.0038719834224024852
0.0045979275887086425
0
0.0006093479022975171
0.0009716004592980765
0
0
0
0
0.0005968333239437517
0
0
0
0
0
0
0.005223000441673222
0.004567440572431338
0
0
0
0
0
0
0
0
0
0
0
0
0.0008325269628070319
0.0010391157636149176
0
0
0
0.0025143801403797223
0
0
0
0
0.005508420440560484
0.0008535109800526378
0.0006719748497937605
0.0020376975077147754
0
0.002576987742203664
0
0
0
0
0
0.0038819823622705156
0.002953832051234537
0
0
0
0.0006902952472195864
0.0011077544134676792
0
0.0024383321239839014
0
0.0006982815571137807
0
0.0006534515548399083
0
0
0
0
0.0011954338396853123
0
0.0019032560448916354
0.0014705948678664317
0
0.0025429020798252194
0.0007361952486663988
0.0006280770656653014
0
0
0.0012566717572790771
0
0
0
0
0
0.000585280321667054
0.004118527965778369
0
0.0016118091900561688
0
0
0
0.0011789598642757066
0.009036338307244587
0.0029569981500303403
0
0.000642568349050272
0
0
0
0
0
0.0009697310796843903
0.0007218846211388666
0.0027274250712831156
0
0
0
0
0
0
0.009015997146281462
0.0029264622871753533
0.000958528894628069
0.0024587353171254102
0
0
0.007605945014286955
0
0
0
0
0
0
0.004234491125086252
0
0.0006138644917710126
0.0005623726648410068
0.00308695396882676
0
0
0.0006112369072142087
0
0
0.006864900737928543
0
0.0021106177840364755
0
0
0
0.0025831156408709977
0.0009824089137177535
0
0
0
0
0.002790845618436602
0
0
0.01504015546499807
0
0.0008018996494906934
0.0010297688385271552
0.000810265234078956
0
0
0
0.0015459584712859365
0
0.000782716201026836
0
0.008534813568814132
0
0.0007716180805888034
0
0
0.0014833411788654643
0
0
0
0
0
0
0
0
0.002781507343409254
0
0.0006990240460709646
0.001477827458285193
0
0.004057384728320173
0.0017602198018006382
0
0
0.0007454080118523177
0
0
0.016429536156290527
0.0008162741500459066
0
0
0
0.004422583262187373
0
0
0
0.0006594328604341757
0
0.007326395325949235
0.0006665457770907822
0
0
0
0.0006276936834964021
0
0
0.004246343413596391
0
0
0
0.0007214669218128073
0
0.0016505875043368334
0
0.006368640447593021
0
0.003900870133924099
0.006859277943410547
0
0
0
0
0.0041849954509094855
0.0005894799321378533
0
0
0
0.00642668819084167
0
0
0.0008742676015425076
0
0
0
0.0024210154570276296
0.0012785126999642071
0.001106954331697988
0.0011193568713820977
0
0.005533789573782113
0
0.0006612635709722455
0.0033011858088840217
0
0
0
0
0.0015386004193389427
0
0.0008478504573279253
0.0026039471007634914
0
0.003796659066736138
0
0
0.0010349161531441184
0
0.009929274904589749
0
0
0
0
0
0.0006028766804406908
0
0
0.003739342154576808
0
0
0
0
0
0.0019227122065755477
0
0
0
0.0029616922435494945
0
0.0009180700734267473
0
0
0.0007575709937321983
0.004016887355382633
0
0
0
0
0
0
0
0
0
0.0008733572299147374
0
0
0.0027626050502425445
0
0
0.004961796044858459
0
0
0.0007398283648216487
0
0
0
0
0
0
0
0
0.0020624403093128653
0.0031352261522411664
0.0014097733668932669
0
0
0
0.004977946631961427
0
0
0
0
0.0006979113686418222
0
0
0
0
0
0
0
0.0008037986047517741
0
0
0
0
0
0
0
0.0010522853165919792
0.006177825627585959
0
0
0.0010810924446611949
0.0016153056581808855
0.0012746921267373294
0.0020572233125702977
0
0
0.00148519652069659
0.001223424055094163
0
0.0007891001810474459
0
0
0
0.0007231431068726378
0.0011840874922553174
0
0
0
0.0008400384411955881
0.000645091670943832
0
0.005003065301433695
0
0
0
0.0007636897510394498
0
0.0021060676789763353
0
0
0
0.0007516381517700574
0
0.0005537004078440109
0.0011199712849307092
0
0.006710202445694879
0
0
0
0
0
0.0018161076163369745
0.000772699935768576
0.0011922340918253593
0
0.001281256125298697
0.002401931584482455
0.007581144666097732
0
0.0009716004592980765
0
0.007866290834392371
0
0.0014700785043136198
0
0.0012515354809677576
0
0
0.001513139169121526
0.0035019607724445247
0
0.0018038755090560032
0
0
0
0
0
0.0035254735368567013
0
0.003967866200014424
0
0.0036861053881021475
0.0024911581657357665
0.000839274157008684
0
0
0
0.0006042454315620687
0
0.003024283196821379
0
0
0.0007975392752672822
0
0.001050027784391027
0.0008559880664668765
0
0
0.002432771498650833
0
0
0
0
0
0
0.011373486109906739
0.0009777032797441039
0.007718913794297596
0
0
0.002895946503760433
0.01008631769068855
0
0
0
0.005662135717525101
0
0.0014599910838141174
0
0.006953395148652658
0
0
0
0
0.000614105125640621
0
0
0.0007058366332610525
0
0.012087400844707719
0
0
0
0
0
0
0
0
0
0
0
0
0
0.004148319841290494
0
0
0
0
0
0.0018033015929731816
0
0
0
0
0
0
0.0015746765903317057
0.0056685763198621245
0
0.0028310878991050998
0.0007631724676628481
0
0
0
0
0.0022490997864173952
0
0.0042281074127740615
0
0
0
0.0009712245756572093
0
0
0.0013576896396455514
0
0
0
0.001437958633402053
0
0
0.0012169854500833448
0.0016695004486467237
0.005862582894891858
0
0.0015273795020788997
0
0
0
0
0.0015325938481733593
0
0
0.005050268452689651
0
0
0.0014380624153157153
0
0.0007062221701295777
0
0.0006840355363874098
0
0
0
0
0
0
0
0
0
0
0
0
0
0
0
0
0
0
0.001220580241162797
0
0
0
0
0
0
0
0
0
0.0030322945228648777
0.0008347502243233618
0
0
0
0.0023084165607027926
0
0
0
0
0
0
0
0
0.001037004668886502
0.0031520941245042687
0.0068342668290528605
0.0012525498327804674
0
0
0.002386452193096234
0.0034676149804361575
0
0
0
0.005664371170458131
0.00459912816289538
0.0006618776417942476
0.000743063753680706
0
0.0010690545881819025
0.0019227122065755477
0
0.0005981602216459248
0
0
0
0
0.000894436675183782
0
0
0
0
0.0012355013539061316
0
0.0007776438545313742
0
0.0005616350837545498
0.0014163227109690172
0.006827886194859769
0
0.0018226716148983415
0
0
0.0012890562163695484
0
0.001411673266522105
0.001056880219425448
0
0
0
0
0
0
0.006964090362250145
0
0
0.008528414438914406
0.0015052290512131106
0
0
0
0.0015676991948499197
0
0.003940311471112338
0.0012042872736006632
0.007029021548602983
0.004054619164418055
0
0
0
0
0
0.000637889246919119
0
0
0
0
0
0.0011225846202497427
0
0
0.0008203853410628626
0
0
0.0021739637896914577
0
0.0016548714455087035
0
0
0
0
0
0
0.0007590828027838707
0
0
0
0
0
0
0
0
0
0
0
0.008616430991771975
0
0
0
0.0008510649226772854
0
0.0008439053865766035
0
0
0.02378229537250162
0
0
0
0.003480928296639774
0.004698577370349408
0
0
0.0018054069820123836
0
0.001079114978558267
0
0
0.0007896910267644028
0.000700517547503938
0
0
0
0
0
0
0
0
0
0
0
0
0
0
0.0012169854500833448
0
0.0017964812010245164
0
0
0
0
0
0
0
0
0
0
0
0
0
0
0
0
0
0
0
0.0013250677072786682
0
0
0
0
0
0
0
0
0
0
0
0
0
0
0.0013158405413664356
0
0
0
0
0
0
0
0.004669205914513854
0
0
0
0
0.001146808921884185
0
0
0.007818225198489277
0
0
0
0.004027969472161911
0
0
0
0.007711387147914466
0.009751562280625178
0.0012970152721542203
0.008369705469333237
0
0
0.0006359946783179766
0
0
0
0
0
0
0.0016505875043368334
0
0.0009840029989821863
0
0
0
0
0
0
0
0
0
0
0
0
0
0.0018524639619983733
0.0010412499308736932
0
0
0
0
0.0009113358074491708
0
0.003868288224337039
0.0006143460564058872
0
0
0
0
0
0
0
0
0
0
0
0
0
0
0
0.005687271838052115
0
0
0
0
0
0.0009423590247424544
0
0
0
0
0
0
0
0
0
0
0
0
0
0
0
0
0
0.0021427032125879483
0
0
0
0
0.0015432361611776068
0
0
0
0
0.003226870317080026
0
0.0010545692532768437
0
0.002046892703533577
0
0
0
0
0
0
0.0019674664129383603
0
0.0018315988314873087
0
0.0005074932409524864
0
0.0010790104059724122
0
0.002340540051088059
0.001047796053122989
0
0
0
0.0009322781098029295
0
0
0
0
0
0
0
0
0
0.0011505285459753184
0
0
0
0
0
0.0017839250085214425
0
0
0
0
0
0
0
0.0011831499255229002
0
0
0
0
0.007542322930272141
0.0007278282126611988
0
0.004977608697034791
0
0.002017870807255902
0
0
0.0007793200395912046
0.0009716004592980765
0
0
0
0.006867975834180392
0.006197098431072633
0.0032528652380624736
0.004857653094335827
0
0
0
0
0
0.002184965889658924
0
0.0009135548581522201
0
0
0.0007804455433437432
0
0
0
0
0.0012677034566039374
0.005319033971250097
0
0
0
0
0
0.0007244097558141739
0
0
0
0
0
0.000778759711056162
0
0
0
0
0.0009808277361679353
0
0
0
0
0
0
0
0
0
0
0
0
0
0
0.0009310538151312646
0
0
0.0008000189830073969
0
0
0
0
0.001047796053122989
0.002184965889658924
0
0.0005840378507067282
0
0
0
0
0
0
0.0005911853959083581
0
0
0
0
0
0
0
0
0.008009915357037246
0
0
0.0017422881967518024
0
0
0
0
0
0
0
0
0
0.000564789227509949
0
0.0008149227649952185
0
0
0
0
0
0.0005657266962354628
0
0
0
0
0
0
0
0
0.0019810382109943267
0.0019843493332252597
0
0.0012779603359427646
0
0
0
0
0
0
0
0.0007647284468952592
0
0
0
0
0
0
0
0
0
0
0
0
0
0
0
0
0
0
0
0
0
0
0
0
0.000743063753680706
0
0
0
0
0.003187696949612073
0
0
0
0
0.005290245147898596
0
0.0005939889412320665
0.0008332652410417334
0
0
0
0
0
0
0
0
0
0
0
0
0.0042031052850236275
0
0
0
0
0.001146808921884185
0
0
0
0
0
0
0
0
0.000899562280744207
0
0
0.0009423590247424544
0
0
0
0
0.0023084165607027926
0
0
0
0
0.0012117778251893474
0
0
0
0.0006591294037134699
0
0.0026970199066242402
0
0
0
0
0.0010790104059724122
0.0011831499255229002
0
0
0
0
0
0
0
0
0
0.000622217121332287
0
0
0
0
0
0.0007458802596289788
0
0
0
0
0
0.0009298371485132924
0
0
0.0015081766027207782
0
0
0.0007492183641709237
0
0
0
0
0
0
0
0
0
0
0
0
0.0017832715527019546
0.004480969171675218
0
0.0006270452304482333
0
0
0
0
0.00294722674115326
0
0
0
0.0012666392904933396
0
0.0032691391479084462
0
0
0
0
0
0
0
0
0
0
0
0.0049560308097632835
0
0
0
0
0
0
0
0
0
0.001687810773153207
0
0
0
0
0
0
0
0
0
0
0
0
0.0026438290327484813
0
0
0.002422958487271328
0
0
0
0
0
0
0
0
0
0
0
0
0
0
0
0.005728806995364267
0.0009016507964865908
0.0020130172328363906
0
0
0.001028781375516042
0
0
0
0
0.0010267785440051672
0
0
0
0
0
0
0
0
0
0
0
0.002078231527229835
0
0.001955076943405275
0
0
0
0
0
0.0009872307478498315
0
0
0
0.011729152640518239
0
0
0
0
0
0
0
0
0
0
0
0
0
0
0
0
0
0
0
0.0009298371485132924
0
0
0
0
0
0
0
0
0
0
0
0.0012223357672456402
0
0
0
0
0
0
0
0
0
0
0
0
0
0
0
0
0
0
0
0.0016192176981119424
0
0
0
0
0
0
0
0.0008274357227543518
0
0
0
0
0
0.0008431258471761861
0.000904826059300842
0
0
0
0
0
0
0
0
0
0
0
0.0007487379841980938
0
0
0.0009385174380213638
0
0
0
0.008143160236196597
0.003942440817749886
0
0
0
0
0
0.006994140812340061
0
0
0
0
0
0
0
0
0
0
0
0
0
0
0
0
0
0
0.0010007032867068812
0
0.004369931779317848
0.0008155972885000197
0
0
0
0
0
0
0
0
0
0
0
0.000899562280744207
0
0
0
0.0015232575775802899
0
0
0
0
0
0.0019996373312723466
0
0
0
0
0
0
0
0
0.0017324462530993612
0.0029017858893873143
0
0.0007244097558141739
0
0.0008974958661121943
0.00405132617039478
0
0
0
0
0.0024339709001666896
0.0011581873456537565
0
0
0
0.004362565847006276
0.005721529679606743
0.0008089546629819072
0.003150083353173081
0
0
0
0
0
0.007039202846087726
0
0
0
0
0
0
0
0
0
0
0
0
0
0.0005700979836716668
0
0
0
0
0
0
0
0
0
0
0.000643685801945032
0
0
0
0
0.000988864852452549
0
0
0.000964230740887054
0
0
0
0
0
0.001106954331697988
0
0
0
0.0008807618842522288
0
0.000567236070787751
0
0.00087154912106631
0
0
0
0
0
0
0
0
0
0
0
0
0
0
0.0008217752000296394
0
0
0
0
0.0021739637896914577
0
0
0
0
0.006902011927419848
0
0.0007626565509546195
0
0.0008347502243233618
0
0.0010208904287599637
0
0
0
0
0.0012858824183752296
0
0
0
0.0009449627214558825
0
0
0
0
0
0
0
0
0.0006502382916634887
0
0
0
0
0
0
0
0
0
0
0
0
0
0
0.0009192153808769325
0
0
0
0
0
0
0
0
0.001028781375516042
0
0
0.0020341227940993546
0
0
0.0009840029989821863
0
0
0
0
0
0
0
0
0
0
0
0
0
0
0
0
0
0
0
0.0010133060051481175
0
0
0
0.007239921442124169
0
0
0.001047796053122989
0
0
0
0.0006445281081847742
0
0
0.001991083098675174
0
0.001103972985841556
0
0
0
0
0
0
0.0007560707992053448
0
0
0
0
0
0
0
0
0
0
0
0
0
0
0
0
0.0007339584045002659
0
0
0.002303011414245305
0
0
0
0
0
0
0
0
0
0
0
0
0
0.000798775193066862
0.004648529665620313
0
0
0.0010208904287599637
0
0
0
0
0
0
0
0
0
0
0
0.0008518768754499203
0.0036409426691887898
0
0.0011702700255440295
0
0
0
0.0012067054786938855
0
0
0
0
0
0
0
0
0.0026624388025618018
0
0
0
0.00101896652787283
0
0
0
0.0006067800016166191
0
0
0
0
0.0008974958661121943
0
0
0
0
0.002259313648058931
0
0
0
0
0
0
0
0
0
0
0
0
0
0
0
0
0.0012067054786938855
0
0
0
0
0
0
0
0
0
0
0
0
0
0
0
0.003097336161485174
0.004179877095148696
0
0
0
0
0
0
0
0
0
0
0
0
0
0
0.0009699795994006686
0
0
0
0
0.0010151746735754072
0
0
0
0
0
0
0
0
0
0
0
0.001871995467788126
0.0010434076805683984
0
0
0
0.0006910079281583776
0
0.003097336161485174
0
0
0
0.0019144842190517942
0
0
0
0
0
0
0
0
0
0
0
0
0
0
0
0
0.0025270482220325773
0
0
0
0
0
0
0.001132600885508003
0
0.0006829650540309387
0.006105263872290675
0
0
0
0
0
0
0.000681259590260434
0
0
0
0.0020341227940993546
0
0
0
0
0
0.0022387137427641954
0
0
0.0035234228439783846
0
0
0.0044791305361363875
0
0
0.0025340641511753513
0
0
0.004243245632911376
0
0
0
0
0
0
0
0
0
0
0.0009027034910061918
0
0
0
0
0
0
0
0
0.0008296014495057985
0.004126468760842083
0
0.0037746876406985343
0
0
0
0
0.002933109839232311
0
0
0.007359900277308294
0
0
0
0
0
0
0.0006953395148652659
0
0.0010545692532768437
0
0
0
0
0
0
0
0
0
0
0
0
0
0
0
0
0
0
0
0
0
0
0
0
0
0
0
0
0
0
0
0.0007227227098093492
0
0
0.0008400384411955881
0
0
0
0
0
0
0
0.0007969242374030182
0
0.0008807618842522288
0
0
0
0
0
0.001522233858197406
0
0.0026512095359298386
0
0
0
0
0
0
0
0
0
0
0
0.001028781375516042
0
0
0
0
0
0.0006788966910348751
0
0
0
0
0
0
0
0
0
0
0.0027931614453937936
0
0
0.0010042218388456583
0
0
0
0
0
0
0
0
0
0
0
0.0012334973399540856
0
0
0
0
0
0.0007631724676628481
0
0
0
0
0.0007844366911034139
0
0.002346438169510892
0
0
0
0
0
0
0
0
0
0
0.015291827415404382
0
0
0
0
0
0
0.000810265234078956
0
0
0.0009613590073604586
0
0
0
0
0
0
0
0
0.004830449473829668
0
0.004903622832527566
0
0
0
0
0.0019492560588171902
0
0
0
0
0
0
0
0
0
0
0
0
0
0
0
0
0
0.0007321871963436629
0
0
0
0
0
0.0010060051787330385
0
0
0
0.00538257564562883
0
0
0
0
0
0
0.0007421338740165303
0.0013950837612430125
0
0.0047505567559675615
0
0
0.002751284599312986
0
0
0
0
0
0.0008559880664668765
0
0
0
0
0
0
0
0
0
0
0
0
0
0
0
0
0
0
0
0
0
0
0
0
0.0007384580128086342
0
0.001239326858241467
0
0
0
0
0.002478653716482934
0.0028232102411685743
0
0.007034807147471124
0
0
0
0
0
0
0
0
0
0
0
0
0
0
0
0
0
0
0
0
0
0
0
0
0
0
0
0
0
0
0
0
0
0.01323986650082784
0
0
0.0009543591769029042
0.0008000189830073969
0
0
0
0
0
0
0.0017672253109458373
0
0
0
0
0
0
0
0
0
0
0
0
0
0
0
0
0
0
0
0
0
0
0
0
0
0
0
0
0
0.0013877699010396548
0
0.0032065920035465796
0
0
0
0
0
0
0
0
0
0
0
0
0
0
0
0
0
0
0
0
0
0
0
0
0
0
0
0
0
0
0
0
0
0
0
0
0
0.008195580648371264
0.0033978043032067834
0
0
0
0
0.0015081766027207782
0
0.0023515845254310636
0
0.0012714110315067036
0
0
0
0
0
0
0
0
0
0
0
0
0
0
0
0
0
0
0
0
0
0
0
0
0
0
0
0
0
0
0
0.0032691391479084462
0
0
0
0
0
0
0
0
0.0018315988314873087
0
0
0
0
0
0
0
0
0
0
0
0
0
0
0
0
0.0011831499255229002
0.0008653494143069699
0
0
0
0
0
0.0008096088490559712
0
0
0
0.01691818722942352
0
0
0
0
0
0
0
0
0.0020014065734137625
0.0017195929253303432
0.001813943905977429
0
0.0009274263233185454
0
0
0
0
0
0.0023413366300312297
0.0009686191134416446
0
0
0
0
0
0.006147264150520761
0
0
0
0.0010434076805683984
0
0
0.0013275879642252705
0
0
0
0
0
0
0
0
0.0008964708014986142
0
0
0
0
0
0
0.0011876391889918904
0
0
0
0
0.001813943905977429
0
0
0.0021427032125879483
0
0.0034391057491412326
0
0.0017848470392334648
0
0
0
0
0
0
0
0
0.001547575636055588
0
0
0
0
0
0
0
0.0011922340918253593
0
0
0
0
0.0034898043310578933
0.0009777032797441039
0.0008025305849684217
0
0
0
0
0.0007035392613454918
0
0
0
0
0
0
0
0
0
0
0
0
0
0
0
0.0011661588345270731
0
0
0
0.0009310538151312646
0
0.0008644795938911567
0.0008462628521564257
0
0
0
0.000882657766721856
0
0
0
0.0021377280023643867
0
0
0
0
0
0
0
0.0008836126554729187
0
0.002152847905578872
0
0
0
0
0
0
0
0
0
0
0
0
0
0
0
0
0
0
0
0
0
0
0
0
0
0
0
0.0010664076875311758
0.003963361863104174
0
0
0
0
0
0
0
0
0
0
0
0
0
0
0
0
0
0
0
0
0
0
0
0
0
0
0
0
0
0.0020456669465076906
0
0
0
0
0
0.000894436675183782
0.0007304319093746268
0
0.0006296351140409712
0
0.0019114784269255477
0
0
0
0
0
0.0020730237844751326
0
0
0
0
0
0.001227836817229373
0
0.005680285795533962
0
0.0008618931407081805
0
0
0
0
0
0
0
0
0
0
0
0
0
0
0
0.009883291207987567
0.0007398283648216487
0
0
0
0
0
0
0
0
0
0
0.0008210790340143111
0
0
0
0
0
0
0
0
0
0
0
0
0
0
0
0
0
0
0
0
0
0
0
0
0.0016816114569429786
0
0.0009410700803895249
0
0
0
0
0
0
0
0
0
0
0
0.0031779331044535244
0
0
0
0.0063875402046123094
0
0
0
0
0.0012515354809677576
0
0
0
0.00194621675382127
0
0
0
0
0
0
0
0
0
0
0
0
0
0
0
0.0010391157636149176
0
0
0
0
0
0
0
0
0
0
0.0017697147111309563
0.0007647284468952592
0
0
0
0.0009557392134627739
0
0
0
0.0018226716148983415
0
0
0
0
0
0
0
0
0
0
0.0023938794515980183
0
0
0
0
0
0
0
0
0
0
0
0
0
0
0
0.005428017631579637
0.007861102258634034
0.012891459327833818
0
0
0
0
0
0
0
0
0.0010664076875311758
0
0
0
0
0
0.005448565246514077
0.0017848470392334648
0.0029284788026142016
0
0
0
0
0
0
0
0
0.007694721869009308
0
0
0
0
0
0
0
0
0
0
0
0
0
0
0
0
0
0.0010228334732538453
0
0.0012935412180536678
0
0
0
0
0
0
0
0
0
0
0
0
0
0
0.011490513722443625
0
0
0
0
0
0
0
0.00130982350841474
0
0
0.0011787615529683098
0
0
0
0
0
0
0
0
0
0
0
0
0
0
0.0011787615529683098
0
0
0
0
0
0
0.0011581873456537565
0
0
0
0
0
0
0
0
0
0
0
0
0
0
0
0
0
0
0.0007352974339332158
0
0
0
0
0
0
0
0
0
0.008214228352041338
0.0009529888248898898
0
0
0
0
0
0.0012117778251893474
0
0
0
0
0.006588860805325046
0
0
0.005993805019108017
0
0
0
0
0
0
0
0
0
0.0009102356672971974
0
0
0
0
0
0
0
0
0
0
0
0
0.0012785126999642071
0
0
0
0
0.0004907929532277916
0
0
0
0
0
0.0011581873456537565
0
0
0
0
0.0009347499701567516
0
0
0
0
0
0
0.0009824089137177535
0
0
0
0
0
0
0
0
0
0
0
0
0
0
0
0
0
0
0
0
0
0
0
0
0
0
0
0
0
0
0.0008044357157915744
0
0
0
0
0
0
0.0009262319809991866
0
0.0008083026611725898
0
0.0005590752708375845
0
0
0
0
0
0
0
0.0019523192017428012
0
0
0
0.0012785126999642071
0
0
0
0
0
0
0
0
0
0
0
0
0
0
0
0
0
0.0009262319809991866
0.0009410700803895249
0
0
0
0
0
0
0
0
0
0
0
0
0
0
0
0
0
0
0
0.003775385172059265
0
0
0
0
0
0
0
0
0
0
0
0
0
0
0
0
0
0
0
0
0
0
0
0
0
0
0
0
0
0
0
0
0
0
0
0
0
0
0
0
0
0.0017359647338423276
0
0
0
0
0
0.0018075237824300126
0
0
0
0
0
0.0008724510827644733
0
0
0
0
0
0
0
0.0009872307478498315
0
0
0
0
0
0
0
0
0
0
0
0
0
0
0
0
0.0030073639140062672
0
0
0
0
0.0010391157636149176
0
0
0
0
0
0
0
0
0
0
0
0
0
0.0008865056618750162
0
0
0
0
0
0
0
0
0
0.001201761559931087
0
0
0
0
0
0
0
0
0
0
0
0
0
0
0.0010208904287599637
0
0
0.001103972985841556
0
0
0
0
0
0
0
0
0
0
0
0
0
0
0
0
0.003667725776768272
0
0
0
0
0
0
0
0
0
0
0
0
0
0
0
0
0
0.006132708239590538
0
0
0
0
0.002065699477024211
0
0
0
0
0
0
0
0
0
0
0
0
0
0
0
0
0
0
0
0
0
0
0
0
0
0
0
0
0
0
0
0
0
0
0
0.0009449627214558825
0.001056880219425448
0
0
0
0
0
0
0
0
0
0
0
0
0
0
0
0
0
0
0.0009080538081684872
0
0
0
0
0
0
0.000995541549337587
0
0
0
0
0
0
0
0
0
0
0
0
0
0
0
0
0
0
0
0
0
0
0
0
0
0
0.0009476016043238229
0
0.0010545692532768437
0.0012858824183752296
0
0
0.0010592188624730394
0
0
0
0
0.001113057152144015
0
0
0
0
0
0
0
0
0
0
0
0
0
0.0007439980825468135
0
0
0
0
0
0
0
0
0
0
0
0
0
0
0
0
0
0
0
0
0
0.000771079392356216
0.0009203674453423081
0
0
0
0
0
0.001092482944829462
0
0
0
0
0
0
0
0
0
0
0
0.011462197820446959
0
0
0
0
0
0
0
0
0
0
0
0
0.0011702700255440295
0
0
0
0
0.0075388721979396355
0
0
0
0.0009027034910061918
0
0.0012515354809677576
0.002308640800545482
0
0
0
0
0
0.0009058960584737819
0
0
0
0
0
0
0
0
0
0.0019877017033449206
0
0.014974759683961874
0
0
0
0.004530403542032012
0
0
0
0
0
0
0
0
0
0
0
0
0
0
0
0.0060574459001487896
0
0
0
0
0.0026422856527566862
0
0
0
0
0
0
0
0
0
0
0
0
0
0
0
0
0
0
0
0
0
0
0
0
0
0
0
0
0
0
0
0
0
0
0
0
0
0
0
0
0
0
0
0
0
0
0
0
0
0
0
0
0
0
0.0011969397257990092
0
0
0
0.002095592106245978
0
0
0.004490338480998971
0
0
0
0
0
0
0
0
0
0.0011099819018085062
0
0
0
0.0031173472908447527
0
0
0
0.002620071689744212
0
0
0
0
0
0
0
0
0
0
0
0
0
0
0
0
0
0
0
0
0
0
0
0
0
0
0
0
0.0007308692541497694
0.004108876000148197
0
0
0.0012169854500833448
0
0
0
0
0
0
0.0009146739119911158
0
0
0
0
0.003315507473948571
0
0
0
0
0
0
0.004083561715039855
0
0
0
0
0
0
0
0
0
0
0
0
0
0
0
0
0
0
0
0
0
0
0
0
0
0
0
0
0
0
0
0
0
0
0
0
0
0
0
0
0
0
0
0
0
0
0
0
0
0
0
0
0
0
0
0
0
0
0.0012714110315067036
0
0
0
0
0
0
0
0
0
0
0.001028781375516042
0
0
0.0017503644744431197
0
0
0
0
0
0
0
0
0
0
0
0
0
0
0
0
0
0.0011505285459753184
0
0
0
0
0
0
0
0
0
0
0
0
0
0
0
0
0
0
0
0
0
0
0
0
0
0
0.0012223357672456402
0
0
0
0.0026366526951120224
0
0
0
0
0
0
0
0.0013471316975892584
0.002842472581550282
0
0
0
0
0
0
0
0
0
0
0
0
0
0
0
0
0
0
0
0
0
0
0.0034629612008182232
0
0
0
0
0
0
0
0
0
0
0
0.0009856102044374716
0
0.000884572236570835
0
0.000995541549337587
0
0
0
0
0.0009476016043238229
0
0
0
0
0
0
0
0
0
0.0008934275031161307
0
0
0
0
0
0
0
0
0
0
0.005319909439414757
0
0
0
0
0
0
0
0
0
0
0
0.0008535109800526378
0
0
0.0009872307478498315
0
0
0
0
0
0
0
0
0
0
0.01974319950868343
0.0010024546380020892
0
0.005715995331511111
0.0378446944221781
0
0
0
0
0
0
0
0
0
0
0.0008636136307847582
0
0
0
0
0
0
0
0
0
0
0
0.002789511445539877
0
0
0
0
0
0
0
0
0
0
0
0
0
0
0
0
0
0
0
0.0011922340918253593
0
0
0
0
0
0
0
0
0
0
0.0007652498740688344
0
0
0
0
0
0
0
0
0
0
0
0.0008296014495057985
0
0
0
0
0
0
0.0011225846202497427
0
0
0
0
0
0
0
0
0
0
0
0
0
0
0.002272114318213585
0
0
0
0
0
0
0.0008224738568052464
0
0.0014842677480330607
0
0
0
0
0
0
0
0
0
0
0
0
0
0
0
0
0
0
0.000845473863768024
0
0
0
0
0
0
0
0
0
0
0
0
0
0
0
0
0
0
0
0
0
0
0
0
0
0
0
0
0
0
0
0
0
0
0.004369931779317848
0
0
0
0.0008260051349605473
0
0
0
0
0
0
0.001850089798328628
0
0
0
0
0
0
0
0
0
0
0
0
0
0
0
0
0
0
0.001977729704905098
0
0
0
0
0
0
0
0
0.008531261500249406
0
0
0
0
0
0
0
0
0
0
0.0012579384926496538
0
0
0
0
0
0
0
0
0
0
0
0
0
0
0
0
0
0
0
0
0
0
0
0
0
0
0
0
0
0
0
0
0
0
0
0
0
0
0
0
0
0.004665863127188245
0
0
0
0
0.009119754046333056
0
0
0
0
0
0
0
0
0
0
0
0
0
0
0
0
0
0.0013275879642252705
0
0
0
0
0
0
0
0
0
0
0
0
0
0
0
0
0.0011431588275642958
0
0
0
0
0
0
0
0
0.00101896652787283
0
0
0
0
0
0
0
0
0
0
0
0
0
0
0
0
0
0
0
0
0
0
0
0.002057562751032084
0
0
0
0
0
0
0
0
0
0
0
0
0
0
0
0
0
0
0.009532969762257355
0
0
0
0
0
0
0
0
0
0
0
0
0
0
0
0
0
0
0
0
0
0
0
0
0
0
0
0
0
0
0.0008446880503917839
0
0
0
0
0
0
0
0
0
0
0
0
0
0
0
0
0
0
0
0
0
0.0009502766373951295
0
0
0
0
0
0
0
0
0
0.0011360571591067924
0
0
0.003526830098599064
0
0
0.0011099819018085062
0
0
0
0
0
0
0
0.001037004668886502
0
0.001366615882989534
0
0
0
0
0
0
0
0
0
0
0
0
0
0
0
0
0
0
0
0
0
0
0
0
0
0
0
0
0
0
0
0
0
0
0
0
0
0
0
0
0
0
0
0
0
0
0
0
0
0
0
0
0.003880623654161003
0
0
0
0
0
0
0
0.0008733572299147374
0
0
0
0
0
0
0
0
0
0
0
0
0
0
0
0
0
0
0
0
0
0
0
0
0.00189786908057516
0
0
0
0
0
0
0
0
0
0
0
0
0
0
0
0.0017522023541687252
0
0
0
0
0
0
0.004957307432965868
0
0
0
0
0
0
0.0032528652380624736
0
0
0
0
0.0009746280294085951
0
0
0
0
0
0
0
0
0
0
0
0
0
0
0
0
0
0
0
0
0
0
0.003695459960292513
0
0
0
0.0010208904287599637
0.0007357458253138741
0
0
0
0
0
0
0.0012714110315067036
0
0
0
0
0
0
0
0
0
0
0
0
0
0
0
0
0
0
0
0
0
0
0
0
0
0
0
0
0
0
0
0
0
0
0
0
0
0
0.0010151746735754072
0
0
0
0
0.0013478552193432654
0
0
0
0
0
0
0
0
0
0
0
0
0
0
0.0010522853165919792
0
0
0
0
0
0
0
0
0
0.0008761011770843626
0
0
0
0
0
0.0007206341940669652
0
0
0
0
0
0
0
0
0
0
0
0
0.003929635654871014
0.004826821914775542
0.0008369990901818972
0
0
0
0.001356453590975515
0.0007782009857523089
0
0
0
0
0
0
0.002413410957387771
0
0
0
0
0
0
0
0
0
0
0
0
0
0
0
0
0
0
0
0
0
0
0
0
0
0
0
0
0
0
0
0
0
0
0
0
0
0
0
0
0
0
0
0
0
0
0
0
0
0.0011787615529683098
0
0.0014724693047309095
0
0
0
0
0
0
0
0
0
0
0
0
0
0
0
0
0.000640904068858516
0
0
0
0
0
0
0
0.0049475097092019716
0
0
0.0017522023541687252
0
0.0008400384411955881
0
0
0.001106954331697988
0
0
0
0
0
0.0006197231620119418
0
0
0
0
0
0
0
0
0
0
0
0
0
0
0.001406764903906615
0
0
0
0
0
0
0
0
0
0
0
0
0
0.0019523192017428012
0
0
0
0
0
0
0
0
0
0
0
0
0
0
0
0
0
0.0013932923650495652
0
0
0
0
0
0
0
0.0010981434675541742
0
0
0
0
0
0.002423555650378695
0
0
0
0
0.004516818896289486
0
0
0
0.0018925554105670445
0
0
0
0
0
0
0
0
0
0
0
0
0
0
0
0
0
0
0
0.0018033015929731816
0
0
0
0
0
0.0021427032125879483
0
0
0
0.0013471316975892584
0
0
0
0.0007117011689179311
0
0
0
0
0
0
0
0
0
0
0
0
0
0
0.000925044899164314
0.0019087183538058084
0
0
0
0
0
0
0
0
0
0
0
0
0
0
0
0
0
0
0
0
0
0
0.0008162741500459066
0
0
0
0
0
0
0
0.0011099819018085062
0
0
0
0
0
0
0
0
0
0
0
0
0
0
0
0
0
0
0
0
0
0
0
0
0
0
0
0
0
0
0
0
0
0
0
0
0
0
0
0
0
0
0.0008974958661121943
0.002232363217135693
0
0
0
0
0
0
0
0
0
0
0
0
0
0
0
0
0
0
0
0
0
0
0
0
0
0
0
0
0
0
0
0
0
0
0
0
0
0
0
0
0
0
0
0
0
0
0
0
0
0
0
0
0
0
0
0
0
0
0
0
0.000988864852452549
0.001227836817229373
0
0
0
0
0
0
0
0
0
0
0
0
0.0018407348906846162
0
0
0
0
0
0
0
0
0
0
0
0
0
0
0
0
0
0
0
0
0
0
0
0
0
0
0
0
0
0
0
0
0
0
0
0
0
0
0
0
0
0
0
0
0
0
0
0
0
0
0
0
0
0
0
0
0
0
0
0
0
0
0
0.0032815413642514504
0
0
0
0
0
0
0
0
0
0
0
0
0
0
0
0
0.0009938508516724603
0
0
0
0
0
0
0
0
0
0
0
0
0
0
0
0
0
0
0
0
0
0
0
0
0
0
0
0
0
0
0
0
0
0
0
0
0
0
0
0
0
0
0
0
0
0
0
0
0
0
0
0
0
0
0
0
0
0
0
0
0
0
0
0
0
0.0064506844291787584
0
0.0020417808575199274
0
0
0
0
0
0
0
0
0
0
0
0
0.0009824089137177535
0
0
0
0
0
0
0
0
0
0
0
0
0
0
0.001047796053122989
0
0
0
0
0
0
0.0013576896396455514
0
0
0
0
0
0
0
0
0
0
0
0
0
0
0
0
0
0
0
0
0
0
0
0
0
0
0
0.001146808921884185
0
0
0
0
0
0
0
0
0
0
0
0.0047505567559675615
0
0
0
0
0
0
0
0
0
0
0
0
0
0
0
0
0
0
0
0
0
0
0
0.001227836817229373
0
0
0
0
0
0
0
0.0018572560309660804
0
0
0
0
0
0
0
0
0
0
0
0
0
0
0
0
0
0
0
0
0
0
0
0
0
0
0
0
0
0
0
0
0
0
0
0
0
0.0025570253999284143
0
0
0.0012169854500833448
0
0
0
0.0009716004592980765
0
0
0
0
0
0
0
0.0012785126999642071
0
0.001928461481774108
0
0
0
0
0
0
0.000973108376910635
0
0
0
0
0
0
0
0
0
0
0
0
0
0
0
0
0
0
0
0
0
0
0
0
0
0
0
0
0
0
0.005953047999675778
0
0
0
0
0
0
0
0
0
0
0
0
0
0
0
0
0
0
0
0
0
0
0
0
0
0
0
0
0
0
0
0.0012785126999642071
0
0
0
0
0
0.0012579384926496538
0
0
0
0
0
0
0
0
0.0011225846202497427
0
0
0
0
0
0
0
0
0
0
0
0
0
0
0.002603025413853969
0.0011744696360148287
0
0
0
0
0
0
0
0
0
0
0
0
0
0
0
0
0
0
0
0
0
0
0
0.0013688512123539967
0
0
0
0
0
0
0
0.004148018675546008
0
0
0
0
0
0
0
0
0
0
0
0
0
0
0
0
0
0
0
0
0
0
0
0
0
0
0.0008610385469569993
0
0
0
0
0
0
0
0
0
0
0
0.002100055568782054
0
0
0.0023844681836507186
0
0
0.0009905127471305153
0
0
0
0
0
0
0
0
0
0
0
0
0
0
0
0
0
0
0
0
0
0
0
0
0
0
0
0
0
0
0.0010024546380020892
0
0
0
0
0
0
0
0
0
0
0
0
0
0
0
0
0
0
0
0
0.002842472581550282
0
0
0
0
0
0
0
0
0
0
0
0
0
0
0
0
0
0
0
0
0
0
0
0
0
0
0
0
0
0
0
0
0
0
0
0
0
0
0
0
0
0
0
0
0
0
0
0
0
0
0
0
0
0
0
0
0
0
0.0010455895396971088
0
0
0
0
0
0
0
0
0
0
0.0010790104059724122
0
0
0
0
0
0
0
0
0
0
0
0
0
0
0
0
0
0
0
0
0
0
0.0019680059979643727
0
0
0
0
0
0
0
0
0
0
0
0
0
0
0
0
0
0
0
0
0
0
0
0
0
0.0011010364739562715
0
0
0
0
0
0
0
0
0
0
0
0
0
0
0
0
0
0.0011099819018085062
0
0
0
0
0
0
0
0
0
0
0
0
0
0
0
0.003982166197350348
0
0
0
0
0
0
0
0
0
0
0
0
0
0
0
0
0
0
0
0
0
0.003835538099892621
0
0
0
0.0014471904136594638
0
0
0
0
0
0
0
0
0
0
0
0
0
0
0
0
0
0.0012334973399540856
0
0
0
0
0
0
0
0
0
0
0
0
0
0
0
0
0
0
0
0
0
0
0.0012334973399540856
0
0
0
0
0
0
0
0
0.0010842884126874913
0
0
0
0
0
0
0
0
0
0
0.0010790104059724122
0
0
0
0
0
0
0
0
0
0
0
0.0011744696360148287
0
0
0
0
0
0
0
0
0
0
0
0
0
0
0
0
0
0
0
0
0
0
0
0
0
0
0
0
0
0
0
0
0
0
0
0
0
0
0
0
0
0
0
0
0
0
0
0
0
0
0
0
0
0
0
0
0
0
0
0
0
0
0
0
0
0
0
0
0
0
0
0
0.002466994679908171
0
0
0
0
0
0
0
0
0
0
0
0
0
0
0.0013688512123539967
0
0
0
0
0.0024339709001666896
0.0009516280224458177
0
0
0
0
0
0
0
0
0.0022199638036170125
0
0
0
0
0
0
0
0
0
0
0
0
0
0
0
0
0
0
0
0
0
0
0
0
0
0
0
0
0
0
0
0
0
0.0009102356672971974
0
0
0
0
0
0
0
0
0
0
0
0
0
0
0
0
0
0.0011744696360148287
0
0
0
0
0
0
0
0
0
0
0
0
0
0
0
0
0
0
0
0
0
0
0.001239326858241467
0
0
0
0
0
0
0
0
0
0
0
0
0
0.0011876391889918904
0
0
0.002213908663395976
0
0
0
0
0
0
0
0
0
0
0
0
0
0
0
0
0
0
0
0
0
0
0
0
0
0
0
0
0
0
0
0
0
0
0
0
0
0
0
0
0
0
0
0
0
0
0
0
0
0
0
0
0
0
0
0
0
0
0
0
0
0
0
0
0
0
0
0
0
0
0
0
0
0
0
0
0
0
0
0
0
0
0
0
0
0
0
0
0
0
0
0
0
0.0012223357672456402
0
0
0
0
0
0
0
0
0
0
0
0
0
0
0.001037004668886502
0
0
0
0
0
0
0
0
0
0
0
0
0
0
0
0
0
0
0
0
0.00229361784376837
0
0
0
0
0
0.003835538099892621
0
0
0
0.0027377024247079934
0
0
0
0
0
0
0
0
0.0012858824183752296
0
0
0
0
0
0
0
0
0
0
0
0
0
0
0
0
0
0
0
0
0
0
0
0
0
0
0
0
0
0
0
0
0
0
0
0
0
0
0
0
0
0
0
0
0
0
0
0
0
0
0
0
0.0013806896466083288
0
0
0
0
0
0.00261964701682948
0.0011505285459753184
0
0
0
0
0
0
0
0.001103972985841556
0
0
0
0
0
0
0
0
0
0
0
0
0
0
0
0
0
0
0
0
0
0
0
0
0
0
0
0
0
0
0
0
0
0
0
0
0
0
0
0
0
0
0
0
0
0
0
0
0
0
0
0
0
0
0
0
0
0
0
0
0
0
0
0
0
0
0
0
0
0
0
0
0
0
0
0
0
0
0
0
0
0
0
0
0
0
0
0
0
0
0
0
0
0
0
0
0
0
0
0
0
0
0
0
0
0
0
0
0
0
0
0
0
0
0
0
0
0
0
0
0
0
0
0
0
0
0
0
0
0
0
0
0
0
0
0
0
0
0
0
0
0
0
0
0
0
0
0
0
0
0
0
0
0
0
0
0
0
0
0
0
0
0
0
0
0
0
0
0
0.0010078049551643846
0
0
0
0
0
0
0
0
0
0
0
0
0
0
0
0
0
0
0
0
0
0
0
0
0
0
0
0
0
0
0
0
0
0
0
0
0
0
0
0
0
0
0
0
0
0
0
0
0
0
0
0
0
0
0
0
0
0
0
0
0
0
0
0
0
0
0
0
0
0
0
0
0
0
0
0
0
0
0
0
0
0
0
0
0
0
0
0
0
0
0
0
0
0
0
0
0
0
0
0.00261964701682948
0
0
0
0
0
0
0
0
0
0
0
0
0
0
0
0
0
0
0
0
0
0
0
0
0
0
0
0
0
0
0
0
0
0
0
0
0
0
0
0
0
0
0
0
0
0
0.0010522853165919792
0
0
0
0
0
0
0
0
0
0
0
0
0
0
0
0
0
0
0
0
0
0
0
0
0
0
0
0
0
0
0
0
0
0
0
0
0
0
0
0
0
0
0
0
0
0
0
0
0
0
0
0
0
0
0
0
0
0
0
0
0
0
0
0
0
0
0
0
0
0
0
0.0011193568713820977
0
0
0
0
0
0
0
0
0
0
0.0024339709001666896
0
0
0
0
0
0
0
0
0
0
0
0
0
0
0
0
0
0
0
0
0
0
0
0
0
0
0
0
0
0
0
0
0
0
0
0
0
0
0
0
0
0
0
0
0
0
0
0.0008470550413178423
0
0
0
0
0
0
0
0
0
0
0
0
0
0
0
0
0
0
0
0
0
0
0
0
0
0
0
0
0
0
0
0
0
0
0
0
0
0
0
0.011277475058297827
0
0
0
0
0
0
0
0
0
0
0
0
0
0
0
0
0
0
0
0
0
0
0
0
0
0
0
0
0
0
0
0
0
0
0
0
0
0
0
0
0
0
0
0
0
0
0
0
0
0
0
0
0
0
0
0
0
0
0
0
0
0
0
0
0
0
0
0
0
0
0
0
0
0
0
0
0
0
0
0
0
0
0
0
0
0
0
0
0
0
0
0
0
0
0
0
0
0
0
0
0
0
0
0
0
0
0
0
0
0
0
0
0
0
0
0
0
0
0
0
0
0
0
0
0
0
0.000916931444192068
0
0
0
0
0
0
0
0
0
0
0
0
0
0
0
0
0
0
0
0
0
0
0
0
0
0
0
0
0
0
0
0
0
0
0
0
0
0
0
0
0
0
0
0
0
0
0
0
0
0
0
0
0
0
0
0
0
0
0
0
0
0
0
0
0
0
0
0
0
0
0
0
0
0
0
0
0
0
0
0
0
0
0
0
0
0
0
0
0
0
0
0
0
0
0
0
0
0
0
0
0
0
0
0
0
0
0
0
0
0
0
0
0.0011581873456537565
0.0011621324164050784
0
0
0
0
0
0
0
0
0
0
0
0
0
0
0
0
0
0
0
0
0
0
0
0
0
0
0
0
0
0
0.0012935412180536678
0
0
0
0
0
0
0
0
0
0
0
0
0
0
0
0
0
0
0
0
0
0
0
0
0
0
0
0
0
0
0
0
0
0
0
0
0
0
0
0
0
0
0
0
0
0
0
0
0
0
0
0
0
0
0
0
0
0
0
0
0
0
0
0
0
0
0.0012579384926496538
0
0
0
0
0
0
0
0
0
0
0
0
0
0
0
0
0
0
0
0
0
0
0
0
0
0
0.0010007032867068812
0
0
0
0
0
0
0
0
0
0
0
0
0
0
0
0
0
0
0
0
0
0
0
0
0.0013688512123539967
0
0
0
0
0
0
0
0
0
0
0
0
0
0
0
0
0
0
0
0
0
0
0
0
0
0
0
0
0
0
0
0
0
0
0
0
0
0
0
0
0
0
0
0
0
0
0
0
0
0
0
0
0
0
0
0
0
0
0
0
0
0
0
0
0
0
0.0012169854500833448
0
0
0
0
0
0
0
0
0
0.0013688512123539967
0
0
0
0
0
0
0
0
0
0
0
0
0
0
0
0
0
0
0
0
0
0
0
0
0
0
0
0
0
0
0
0
0
0
0
0
0
0
0
0
0
0
0
0
0
0
0
0
0
0
0
0
0
0
0
0
0
0
0
0
0
0
0.0010952926963334845
0
0
0
0
0
0
0
0
0
0
0
0
0
0
0
0
0
0
0
0
0
0
0
0
0
0
0
0
0
0
0
0
0
0
0
0
0
0
0
0
0
0
0
0
0
0
0
0
0
0
0
0
0
0
0
0
0
0
0
0
0
0
0
0
0
0
0
0
0
0
0
0.002933109839232311
0
0
0
0
0
0
0
0
0
0
0
0
0
0
0
0
0
0
0
0.006903448233041644
0
0
0
0
0
0
0
0
0
0
0
0
0
0
0
0
0
0
0
0
0
0
0
0
0
0
0
0
0
0
0
0
0
0
0
0
0
0
0
0
0
0
0
0
0
0
0
0
0
0
0
0
0
0.0012223357672456402
0
0
0
0
0
0
0.0015160435190082402
0
0
0
0
0
0
0
0
0
0
0
0
0
0
0
0
0
0
0
0
0
0
0
0
0
0
0
0
0
0
0
0
0
0
0
0
0
0
0
0
0
0
0
0
0
0
0
0
0
0
0
0
0
0
0
0
0
0
0
0
0
0
0
0
0
0
0
0
0
0
0
0
0
0
0
0
0
0
0
0.0010816315776834336
0
0
0
0
0
0
0
0
0
0
0
0
0
0
0
0
0
0
0
0
0
0
0
0
0
0
0
0
0
0
0
0
0.0009385174380213638
0
0
0
0
0
0
0
0
0
0
0
0
0
0
0
0
0
0.0010308049621271622
0
0
0
0
0
0
0
0
0
0
0
0
0
0
0
0
0
0
0
0
0
0
0
0
0
0
0
0
0
0
0
0
0
0
0
0.001073871310421275
0
0
0
0
0
0
0
0
0
0
0
0
0
0
0.0027865847300991304
0
0
0
0
0
0
0
0
0
0
0
0
0
0
0
0
0
0
0
0
0
0
0
0
0
0
0
0.0011787615529683098
0
0
0
0
0
0
0
0
0
0
0
0
0
0
0
0
0
0
0
0
0
0
0
0
0
0
0
0
0
0
0
0
0
0
0
0
0
0
0
0
0
0
0
0
0
0
0
0
0
0
0
0
0
0
0
0
0
0
0
0
0
0
0
0
0
0
0
0
0
0
0
0
0
0
0
0
0
0
0
0
0
0
0
0
0
0
0
0
0
0
0
0
0
0
0
0
0
0
0
0
0
0
0
0
0
0
0
0
0
0
0
0
0
0
0
0
0
0
0
0
0
0
0
0
0
0
0
0
0
0
0
0
0
0
0
0
0
0
0
0
0
0.0013185037979228115
0
0
0
0
0
0
0
0
0
0
0
0
0.001073871310421275
0
0
0
0
0
0
0
0
0
0
0
0
0
0
0
0
0
0
0
0
0
0
0
0
0
0
0
0
0
0
0
0
0
0
0
0
0
0
0
0
0
0.006788448198227757
0
0
0
0
0
0
0
0
0
0
0
0
0
0
0
0
0
0
0
0
0
0
0
0
0
0
0
0
0
0
0
0
0
0
0
0
0
0
0
0
0
0
0
0
0
0
0
0
0
0
0
0
0
0
0
0
0
0
0
0
0
0
0
0
0
0
0
0
0
0
0
0
0
0
0
0
0
0
0
0
0
0
0
0
0
0
0.0014368665793268957
0
0
0
0
0
0
0
0
0
0
0
0
0
0
0
0
0
0
0
0
0
0
0
0
0
0
0
0
0
0
0
0
0
0
0
0
0
0
0
0
0
0
0
0
0.0010639818878829515
0
0
0.006996953007162439
0
0.0013015127069269845
0
0
0
0
0
0
0
0
0
0
0
0
0
0
0
0
0
0
0
0
0
0
0
0
0
0
0
0
0
0
0
0
0
0
0
0
0
0
0
0
0
0
0
0
0
0
0
0
0
0
0
0.0011922340918253593
0
0
0
0
0
0
0
0
0
0
0
0
0
0
0
0
0
0
0
0
0
0
0
0
0
0
0.0011621324164050784
0
0
0
0
0
0
0
0
0
0
0
0
0
0
0
0
0
0
0
0
0
0
0
0
0
0
0
0
0
0
0
0
0
0
0
0
0
0
0
0
0
0
0
0
0
0
0
0
0
0
0
0
0
0
0
0
0
0
0
0
0
0
0
0
0
0
0
0.0012453357742084176
0
0
0
0
0
0
0
0
0
0
0
0
0
0
0
0
0
0
0
0
0
0
0
0
0
0
0
0
0
0
0
0
0
0
0
0
0
0.007367020903376238
0
0
0
0
0
0
0
0
0
0
0.013898248147845077
0
0
0
0
0
0
0
0
0
0
0
0
0
0
0
0
0
0
0
0
0
0
0
0
0
0
0
0
0
0
0
0
0
0
0
0
0
0
0
0
0
0
0
0.0011581873456537565
0
0
0
0
0
0
0
0
0
0
0
0
0
0
0
0
0
0
0
0
0
0
0
0
0
0
0
0
0
0
0
0
0
0
0
0
0
0
0
0
0
0
0
0
0
0
0
0
0
0
0
0
0
0
0
0
0
0
0
0
0
0
0
0
0
0
0
0
0
0
0
0
0
0
0
0.00130982350841474
0
0
0
0
0
0
0
0
0
0
0
0
0
0
0
0
0
0
0
0
0
0
0
0
0
0
0
0
0
0
0
0
0
0
0
0.001239326858241467
0
0
0
0
0
0
0
0
0
0
0
0
0
0
0
0
0
0
0
0
0
0
0
0
0
0
0
0
0
0
0
0
0
0
0
0
0
0
0
0
0
0
0
0
0
0
0
0
0
0
0
0
0
0
0
0
0
0
0
0
0
0
0
0
0
0
0
0
0
0
0
0
0
0
0
0
0
0
0
0
0
0
0
0
0
0
0
0
0
0
0
0
0
0
0
0
0.0010615858533990978
0
0
0
0
0
0
0
0
0
0
0
0
0
0
0
0
0
0
0
0
0
0
0
0
0
0
0
0
0
0
0
0
0
0
0
0
0
0
0
0
0
0
0
0
0
0
0
0
0
0
0
0
0
0
0
0
0
0
0
0
0.0012453357742084176
0
0
0
0
0
0
0
0
0
0
0
0
0
0
0
0
0
0
0
0
0
0
0
0
0
0
0
0
0
0
0
0
0
0
0
0
0
0
0
0
0
0
0
0
0
0
0
0
0
0
0
0
0
0
0
0
0
0
0
0
0
0
0
0
0
0
0
0
0
0
0
0
0
0
0
0
0
0
0
0
0
0
0.001154320400272741
0
0.0009192153808769325
0
0
0
0
0
0
0
0
0.0038142330945201107
0
0
0
0
0
0
0
0
0
0
0
0
0
0
0
0
0
0
0
0
0
0
0
0
0
0.0021632631553668673
0
0
0
0
0
0
0
0
0
0
0
0
0
0
0
0
0
0
0
0
0
0
0
0
0
0
0
0
0
0
0
0
0
0.0011505285459753184
0
0
0
0
0
0
0
0
0
0
0
0
0
0
0
0
0
0
0
0
0
0
0
0
0
0
0
0
0
0
0
0
0
0
0
0
0
0
0
0
0
0
0
0
0
0
0
0
0
0
0
0
0
0
0
0
0
0
0
0
0
0
0
0
0
0
0
0
0
0
0
0
0
0
0
0
0
0
0
0
0
0
0
0
0
0
0
0
0
0
0
0
0
0
0
0
0
0
0
0
0
0
0
0
0
0
0
0
0
0
0
0
0
0
0
0
0
0
0
0
0
0
0
0
0
0
0
0
0
0
0
0
0
0
0
0
0
0
0
0
0
0
0
0
0
0
0
0
0
0
0
0
0
0
0
0
0
0
0
0
0
0
0
0
0
0
0
0
0
0
0
0
0.001201761559931087
0
0
0
0
0
0
0
0
0
0
0
0
0
0
0
0
0
0
0
0
0
0
0
0
0
0
0
0
0
0
0
0
0
0
0
0
0
0
0
0
0
0
0
0
0
0
0
0
0
0
0
0
0
0
0
0
0
0
0
0
0
0
0
0
0
0
0
0
0
0
0
0
0
0
0
0
0
0
0
0
0
0
0
0
0
0
0
0
0
0
0
0
0
0
0
0
0
0
0
0
0
0
0
0
0
0
0
0
0
0
0
0
0
0
0
0
0
0
0
0
0
0
0
0
0
0
0
0
0
0
0
0
0
0
0
0
0
0
0
0
0
0
0
0
0
0
0
0
0
0
0
0
0
0
0
0
0
0
0
0
0
0
0
0
0
0
0
0
0
0
0
0
0
0
0
0
0
0
0
0
0
0
0
0
0
0
0
0
0
0
0
0
0
0
0
0
0
0
0
0
0
0
0
0
0
0
0
0
0
0
0
0
0
0
0
0
0
0
0
0
0
0
0
0
0
0
0
0
0
0
0
0
0
0
0
0
0
0
0
0
0
0
0
0
0
0
0
0
0
0
0
0
0
0
0
0
0
0
0
0
0
0
0
0
0
0
0
0
0
0
0
0
0
0
0
0
0
0
0
0
0
0
0
0
0
0
0
0
0
0
0
0
0
0
0
0
0
0
0
0
0
0
0
0
0
0
0
0
0
0
0
0
0
0
0
0
0
0
0
0
0
0
0
0
0
0
0
0
0
0
0
0
0
0
0
0
0
0
0
0
0
0
0
0
0
0
0
0
0
0
0
0
0
0
0
0
0
0
0
0
0
0
0
0
0
0
0
0
0
0
0
0
0
0
0
0
0
0
0
0
0
0
0
0
0
0
0
0
0
0
0
0
0
0
0
0
0
0
0
0
0
0
0
0
0
0
0
0
0
0
0
0
0
0
0
0
0
0
0
0
0
0
0
0
0
0
0
0
0
0
0
0
0
0
0
0
0
0
0
0
0
0
0
0
0
0
0
0
0
0
0
0
0
0
0
0
0
0
0
0
0
0
0
0
0
0
0
0
0
0
0
0
0
0
0
0
0
0
0
0
0
0
0
0
0
0
0
0
0
0
0
0
0
0
0
0
0
0
0
0
0
0
0
0
0
0
0
0
0
0
0
0
0
0
0
0
0
0
0
0
0
0
0
0
0
0
0
0
0
0
0
0
0
0
0
0
0
0
0
0
0
0
0
0
0
0
0
0
0
0
0
0
0
0
0
0
0
0
0
0
0
0
0
0
0
0
0
0
0
0
0
0
0
0
0
0
0
0
0
0
0
0
0
0
0
0
0
0
0
0
0
0
0
0
0
0
0
0
0
0
0
0
0
0
0
0
0
0
0
0
0
0
0
0
0
0
0
0
0
0
0
0
0
0
0
0
0
0
0
0
0
0
0
0
0
0
0
0
0
0
0
0
0
0
0
0
0
0
0
0
0
0
0
0
0
0
0
0
0
0
0
0
0
0
0
0
0
0
0
0
0
0
0
0
0
0
0
0
0
0
0
0
0
0
0
0
0
0
0
0
0
0
0
0
0
0
0
0
0
0
0
0
0
0
0
0
0
0
0
0
0
0
0
0
0
0
0
0
0
0
0
0
0
0
0
0
0
0
0
0
0
0
0
0
0
0
0
0
0
0
0
0
0
0
0
0
0
0
0
0
0
0
0
0
0
0
0
0
0
0
0
0
0
0
0
0
0.0024906715484168352
0
0
0
0
0
0
0
0
0
0
0
0
0
0
0
0
0
0
0
0
0
0
0
0
0
0
0
0
0
0
0
0
0
0
0
0
0
0
0
0
0
0
0
0
0
0
0
0
0
0
0
0
0
0
0
0
0
0
0
0
0
0
0
0
0
0
0
0
0
0
0
0
0
0
0
0
0
0
0
0
0
0
0
0
0
0
0
0
0
0
0
0
0
0
0
0
0
0
0
0
0
0
0
0
0
0
0
0
0
0
0
0
0
0
0
0
0
0
0
0
0
0
0
0
0
0
0
0
0
0
0
0
0
0
0
0
0
0
0
0
0
0
0
0
0
0
0
0
0
0
0
0
0
0
0
0
0
0
0
0
0
0
0
0
0
0
0
0
0
0
0
0
0.0014930435120454626
0
0
0
0
0
0
0
0
0
0
0
0
0
0
0
0
0
0
0
0
0
0
0
0
0
0
0
0
0
0
0
0
0
0
0
0
0
0
0
0
0
0
0
0
0
0
0
0
0
0
0
0
0
0
0
0
0
0
0
0
0
0
0
0
0
0
0
0
0
0
0
0
0
0
0
0.004933989359816342
0
0
0
0
0
0
0
0
0
0
0
0
0
0
0
0
0
0
0
0
0
0
0
0
0
0
0
0
0
0
0
0
0
0
0
0
0
0
0
0
0
0
0
0
0
0
0
0
0
0
0
0
0
0
0
0
0
0
0
0
0
0
0
0
0
0
0
0
0
0
0
0
0
0.001421236290775141
0
0
0
0
0
0
0
0
0
0
0
0
0
0
0
0
0
0
0
0
0
0
0
0
0
0
0
0
0
0
0
0
0
0
0.002478653716482934
0
0
0
0
0
0
0
0
0
0
0
0
0
0
0
0
0
0
0
0
0
0
0
0
0
0
0
0
0
0
0
0
0
0
0
0
0
0
0
0.0011099819018085062
0
0
0
0
0
0
0
0
0
0
0
0
0
0
0
0
0
0
0
0
0
0
0
0
0
0
0.0013688512123539967
0
0
0
0
0
0
0
0
0
0
0
0
0
0
0.001227836817229373
0
0
0
0
0
0
0
0
0
0
0
0
0
0
0
0
0
0
0
0
0
0
0
0
0
0
0
0
0
0
0
0
0
0
0
0
0
0
0
0
0
0
0
0
0
0
0
0
0
0
0
0
0
0
0
0
0
0
0
0
0
0
0
0
0
0
0
0
0
0
0
0
0
0
0
0
0
0
0
0
0
0
0
0
0
0
0
0
0
0
0
0
0.001113057152144015
0
0
0
0
0
0
0
0
0
0
0
0
0
0
0
0
0
0
0
0
0
0
0
0
0
0
0
0
0
0
0
0
0
0
0
0
0
0
0
0
0
0
0
0
0
0
0
0
0
0
0
0
0
0.0024906715484168352
0
0
0
0
0
0
0
0
0
0
0
0
0
0
0
0
0
0
0
0
0.0013275879642252705
0
0
0
0
0
0
0
0
0
0
0
0
0
0
0
0
0
0
0.0011969397257990092
0
0
0
0
0
0
0
0
0
0
0
0
0
0
0
0
0
0
0
0
0
0
0
0
0
0
0
0
0
0
0
0
0
0
0
0
0
0
0
0
0
0
0
0
0
0
0
0
0
0
0
0
0
0
0
0
0
0
0
0
0
0
0
0
0
0
0
0
0
0
0
0
0
0
0
0
0
0
0
0
0
0
0
0
0
0
0
0
0
0
0
0
0
0
0
0
0
0
0
0
0
0
0
0
0
0
0
0
0
0
0
0
0
0
0
0
0
0
0
0
0
0
0
0
0
0
0
0.001201761559931087
0
0
0
0
0
0
0
0
0
0
0
0
0
0
0
0
0
0
0
0
0.0022791514224911394
0
0
0
0
0
0
0
0
0
0
0
0
0
0
0
0
0
0
0
0
0
0
0
0
0
0.002413410957387771
0
0
0
0
0
0
0
0
0
0
0
0
0
0
0
0
0
0
0
0
0
0
0
0
0
0
0
0
0
0
0
0
0
0
0
0
0
0
0
0
0
0
0
0
0
0
0
0
0
0
0
0
0
0
0
0
0
0
0
0
0
0
0
0
0
0
0
0
0
0
0
0
0
0
0
0
0
0
0
0
0
0
0
0
0
0
0
0
0
0
0
0
0
0
0
0
0
0
0
0
0
0
0
0
0
0
0
0
0
0
0
0
0
0
0
0
0
0
0
0
0
0
0
0
0
0
0
0
0
0
0
0
0
0
0
0
0
0
0
0
0
0
0
0
0
0
0
0
0
0
0
0
0
0
0
0
0
0
0
0
0
0
0
0
0
0
0
0
0
0
0
0
0
0
0
0
0
0
0
0
0
0
0
0
0
0
0
0
0
0
0
0
0
0
0
0
0.0033299457054255187
0
0
0
0
0
0
0
0
0
0
0
0
0
0
0
0
0
0.001406764903906615
0
0
0
0
0
0
0
0
0
0
0
0
0
0
0
0
0
0
0
0
0
0
0
0
0
0
0
0
0
0
0
0
0
0
0
0
0
0
0
0
0
0
0
0
0
0
0
0
0
0
0
0.0012645585964722826
0
0
0
0
0
0
0
0
0
0
0
0
0
0
0
0
0
0
0
0
0
0
0
0
0
0
0
0
0
0
0
0
0
0
0
0
0
0
0
0
0
0
0
0
0
0
0
0
0
0
0
0
0
0
0
0
0
0
0
0
0
0
0
0
0
0
0
0
0
0
0
0
0
0
0
0
0
0
0
0
0
0
0
0
0
0
0
0
0
0
0
0
0
0
0
0
0
0
0
0
0
0
0
0
0
0
0
0
0
0
0
0
0
0
0
0
0
0
0
0
0
0
0
0
0
0
0
0
0
0
0
0
0
0
0
0
0
0
0
0
0
0
0
0
0
0
0
0
0
0
0
0
0
0
0
0
0
0
0
0
0
0
0
0
0.0011010364739562715
0
0
0
0
0
0
0
0
0
0
0
0
0
0
0
0
0
0
0
0
0
0
0
0
0
0
0
0
0
0
0
0
0
0
0
0
0
0
0
0
0
0
0
0
0
0
0
0
0
0
0
0
0
0
0
0
0
0
0
0
0
0
0
0
0
0
0
0
0
0
0
0
0
0
0
0
0
0
0
0
0
0
0
0
0
0
0
0
0
0
0
0
0
0
0
0
0
0
0
0
0
0
0
0
0
0
0
0
0
0
0
0
0
0
0
0
0
0
0
0
0
0
0
0
0
0
0
0
0
0
0
0
0
0
0
0
0
0
0
0
0
0
0
0
0
0
0
0
0
0
0
0
0
0
0
0
0
0
0
0
0
0
0
0
0
0.0013371154323309983
0
0
0
0
0
0
0
0
0
0
0
0
0
0
0
0
0
0
0
0
0
0
0
0
0
0
0
0
0
0
0
0
0
0
0
0
0
0
0
0
0
0
0.002715379279291103
0
0
0
0.0013576896396455514
0
0
0
0
0
0
0
0
0
0
0
0
0
0
0
0
0
0
0
0
0
0
0
0
0
0
0
0
0
0
0
0
0.0036353334755680417
0
0
0
0
0
0
0
0
0
0
0
0
0
0
0
0
0
0
0
0
0
0
0
0
0
0
0
0
0
0
0
0
0
0
0
0
0
0
0
0
0
0
0
0
0
0
0
0
0
0
0
0
0
0
0
0
0
0
0
0
0
0
0
0
0
0
0
0
0
0
0
0
0
0
0
0
0
0
0
0
0
0
0
0
0
0
0
0
0
0
0
0
0
0
0
0
0
0
0
0
0
0.005434909474228644
0
0
0
0
0
0
0
0
0
0
0
0
0
0
0
0
0
0
0
0
0
0
0
0
0
0
0
0
0
0
0
0
0
0
0
0
0
0
0
0
0
0
0
0
0
0
0
0
0
0
0
0
0
0
0
0
0
0
0
0
0
0
0
0
0
0
0
0
0
0
0
0
0
0
0
0
0
0
0
0
0
0
0
0
0
0
0
0
0
0
0
0
0
0
0
0
0
0.003285878089000453
0
0
0
0
0
0
0
0
0
0
0
0
0
0
0
0
0
0
0
0
0
0
0
0
0
0
0
0
0
0
0
0
0
0
0
0
0
0
0
0
0
0
0
0
0
0
0
0
0
0
0
0
0
0
0
0
0
0
0
0
0
0
0
0
0
0
0
0
0
0
0
0
0
0
0
0
0
0
0
0
0
0
0
0
0
0
0
0
0
0
0
0
0
0
0
0
0
0
0
0
0
0
0
0
0
0
0
0
0
0
0
0
0
0
0
0
0
0
0
0
0
0
0
0
0
0
0
0
0
0
0
0
0
0
0
0
0
0
0
0
0
0
0
0
0
0
0
0
0
0
0
0
0
0
0
0
0
0
0
0
0
0
0
0
0
0
0
0
0
0
0
0
0
0
0
0
0
0
0
0
0
0
0
0
0
0
0
0
0
0
0
0
0
0
0
0
0
0
0
0
0
0
0
0
0
0
0
0
0
0
0
0
0
0
0
0
0
0
0
0
0
0
0
0
0
0
0
0
0
0
0
0
0
0
0
0
0
0
0
0
0
0
0
0
0
0
0
0
0
0
0
0
0
0
0
0
0
0
0
0
0.0013688512123539967
0
0
0
0
0
0
0
0
0
0
0
0
0
0
0
0
0
0
0
0
0
0
0
0
0
0
0
0
0
0
0
0
0
0
0
0
0
0
0
0
0
0
0
0
0
0
0
0
0
0
0
0
0
0
0
0
0
0
0
0
0
0
0
0
0
0
0
0
0
0
0
0
0
0
0
0
0
0
0
0
0
0
0
0
0
0
0
0
0
0
0
0
0
0
0
0
0
0
0
0
0
0
0
0
0
0
0
0
0
0
0
0
0
0
0
0
0
0
0
0
0
0
0
0
0
0
0
0
0
0
0
0
0
0
0
0
0
0
0
0
0
0
0
0
0
0
0
0
0
0
0
0
0
0
0
0
0
0
0
0
0
0
0
0
0
0
0
0
0
0
0
0
0
0
0
0.00410655363706199
0
0
0
0
0
0
0
0.0013576896396455514
0
0
0
0
0
0
0
0
0
0
0
0
0
0
0
0
0
0
0
0
0
0
0
0
0
0
0
0
0
0
0
0
0
0
0
0
0
0
0
0
0
0
0
0
0
0
0
0.0014538576703227227
0
0
0
0.002340540051088059
0
0
0
0
0
0
0
0
0
0
0
0
0
0
0
0
0
0
0
0
0
0
0
0
0
0
0
0
0
0
0
0
0
0
0
0
0
0
0
0
0
0
0
0
0
0
0
0
0
0.001406764903906615
0
0
0.0008559880664668765
0
0
0
0
0
0
0
0
0
0
0
0
0
0
0
0
0
0
0
0
0
0
0
0
0
0
0
0
0
0
0
0
0
0
0
0
0.002655175928450541
0
0
0
0
0
0
0
0
0
0
0
0
0
0
0
0
0
0
0
0
0
0
0
0
0
0
0
0
0
0
0
0
0
0
0
0
0
0
0
0
0
0
0
0
0
0
0
0.004220294711719844
0
0
0
0
0
0
0
0
0
0
0
0
0
0
0
0
0
0
0
0
0
0
0
0
0
0
0
0
0
0
0
0
0
0
0
0
0
0
0
0
0
0
0
0
0
0
0
0
0
0
0
0
0
0
0
0
0
0
0
0
0
0.0010869818948457289
0
0
0
0
0
0
0
0
0
0
0
0
0
0
0
0
0
0
0
0
0
0
0
0
0
0
0
0
0
0
0
0
0
0
0
0.0013576896396455514
0
0
0
0
0
0
0
0
0
0
0
0
0
0
0
0
0
0
0
0
0
0
0
0
0
0
0
0
0
0
0
0
0
0
0
0
0
0
0
0
0
0
0
0
0
0.0014368665793268957
0
0
0
0
0
0
0
0
0
0
0
0
0
0
0
0
0
0
0
0
0
0
0
0
0
0
0
0
0
0
0
0
0
0
0
0
0
0
0
0
0
0
0
0
0
0
0
0
0
0
0
0
0
0
0
0
0
0
0
0
0
0
0
0
0
0
0
0
0
0
0
0
0
0
0
0
0
0
0
0
0
0
0
0
0
0
0.0013471316975892584
0
0
0
0
0
0
0
0
0
0
0
0
0
0
0
0
0
0
0
0
0
0
0
0
0
0
0
0
0
0
0
0
0
0
0
0
0
0
0
0
0
0
0
0
0
0
0
0
0
0
0
0
0
0
0
0
0
0
0
0
0
0.001201761559931087
0
0
0
0
0
0
0
0
0
0
0
0
0
0
0
0
0
0
0
0
0
0
0
0
0
0
0
0
0
0
0
0
0.0012579384926496538
0
0
0
0
0.0013371154323309983
0
0
0
0
0
0
0
0
0
0
0.0044791305361363875
0
0
0
0
0
0
0
0
0
0
0
0
0
0
0
0
0
0
0
0
0.0012785126999642071
0
0
0
0
0
0
0
0
0
0
0
0
0
0
0
0
0
0
0
0
0
0
0
0
0
0
0
0
0
0
0
0
0
0
0
0
0
0
0
0
0
0
0
0
0
0
0
0
0
0
0
0
0
0
0
0
0
0
0
0
0
0
0
0
0
0
0
0
0
0
0
0
0
0
0
0
0
0
0
0
0
0
0
0
0
0
0
0
0
0
0
0
0
0
0
0
0
0
0
0
0
0
0
0
0.0010897130493028155
0
0
0
0
0
0
0
0
0
0
0
0
0
0
0
0
0
0
0
0.015187586112691616
0
0
0
0
0
0
0
0
0
0
0
0
0
0
0
0
0.001227836817229373
0
0
0
0
0
0
0
0
0
0
0
0
0
0
0
0
0
0
0
0
0
0
0
0
0
0
0
0
0
0
0
0
0
0
0
0
0
0
0
0
0
0
0
0
0
0
0
0
0
0
0
0
0
0
0
0
0
0
0
0
0
0
0
0
0
0
0
0
0.0013576896396455514
0
0
0
0
0
0
0
0
0
0
0
0
0
0
0
0
0
0
0
0
0
0
0
0
0
0
0
0
0
0
0
0
0
0
0
0
0
0
0
0
0
0
0
0
0
0
0
0.0012935412180536678
0
0
0
0
0
0
0
0
0
0
0
0
0
0
0
0
0
0
0
0
0
0
0
0
0
0
0
0
0
0
0
0
0
0
0
0
0
0
0.0013806896466083288
0
0
0
0
0
0
0
0
0
0
0
0
0
0
0
0
0
0
0
0
0
0
0
0
0
0
0
0
0
0
0
0
0
0
0
0.0012858824183752296
0
0
0
0
0
0
0
0
0
0
0
0
0
0
0
0
0
0
0
0
0
0
0
0
0
0
0
0
0
0
0
0
0
0
0
0
0
0
0.0013371154323309983
0
0
0
0
0
0
0
0
0
0
0
0
0
0
0
0
0
0
0
0
0
0
0
0
0
0
0
0
0
0
0
0
0
0
0
0
0
0
0
0
0
0
0
0
0
0
0
0
0
0
0
0
0
0
0
0
0
0
0
0
0
0
0
0
0
0
0
0
0
0
0
0
0
0
0
0
0
0
0
0
0
0
0
0
0
0
0
0
0
0
0
0
0
0
0
0
0
0
0
0
0
0
0
0
0
0
0
0
0
0
0
0
0
0
0
0
0
0
0
0
0
0
0
0
0
0
0
0
0
0
0
0
0
0
0
0
0
0
0
0
0
0
0
0
0.0013275879642252705
0
0
0.0013688512123539967
0
0
0
0
0
0
0
0
0
0
0
0
0
0
0
0
0
0
0
0
0
0
0
0
0
0
0
0
0
0
0
0
0
0
0
0
0
0
0
0
0
0
0
0
0
0
0
0
0
0
0
0
0
0
0
0
0
0
0
0
0
0
0
0
0
0
0
0
0
0
0
0
0
0
0
0
0
0
0
0
0
0
0
0
0
0
0
0
0
0
0
0
0
0
0
0
0
0
0
0
0
0
0
0
0
0
0
0
0
0
0
0
0
0
0
0
0
0
0
0
0
0
0
0
0
0
0
0
0
0
0
0
0
0
0
0
0
0
0
0
0
0
0
0
0
0
0
0
0
0
0
0
0
0
0
0
0
0
0
0
0
0
0
0
0
0
0
0
0
0
0
0
0
0
0
0
0
0
0
0
0
0
0
0
0
0
0
0
0
0
0
0
0
0
0
0
0
0
0
0
0
0
0
0
0
0
0
0
0
0
0
0
0
0
0
0
0
0
0
0
0
0
0
0
0
0
0
0
0
0
0
0
0
0
0
0
0
0
0
0
0
0
0
0
0
0
0
0
0
0
0
0
0
0
0
0
0
0
0
0
0
0
0
0
0
0
0
0
0
0
0
0
0
0
0
0
0
0
0
0
0
0
0
0
0
0
0
0
0
0
0
0
0
0
0
0
0
0
0
0
0
0
0
0
0
0
0
0
0
0
0
0
0
0
0
0
0
0
0
0
0
0
0
0
0
0
0
0
0
0
0
0
0
0
0
0
0
0
0
0
0
0
0
0
0
0
0
0
0
0
0
0
0
0
0
0
0
0
0
0
0
0
0
0
0
0
0.002184965889658924
0
0
0
0
0
0
0
0
0
0
0.0012169854500833448
0
0
0
0
0
0
0
0
0
0
0
0
0
0
0
0
0
0
0
0
0
0
0
0
0
0
0
0
0
0
0
0.0012067054786938855
0
0
0
0
0
0
0
0
0
0
0
0
0
0
0
0
0
0
0
0
0
0
0
0
0
0
0
0
0
0
0
0
0
0
0
0
0
0
0
0
0
0
0
0
0
0
0
0
0
0
0
0
0
0
0
0
0
0
0
0
0
0
0
0
0
0
0
0
0
0
0
0
0
0
0
0
0
0
0
0
0
0
0
0
0
0
0
0
0
0
0
0
0
0
0
0
0
0
0
0
0
0
0
0
0
0
0
0
0
0
0
0
0
0
0
0
0
0
0
0.020614570266232733
0
0
0
0
0
0
0
0
0
0
0
0
0
0
0
0
0
0
0
0
0
0
0
0
0
0
0
0
0
0.01061230463305768
0
0
0
0
0
0
0
0
0
0
0
0
0
0
0
0
0
0
0
0
0
0
0
0
0
0
0
0
0
0
0
0
0
0
0
0
0
0
0
0
0
0
0
0
0
0
0
0
0
0
0
0
0
0
0
0
0
0
0
0
0
0
0
0
0
0
0
0
0
0
0
0
0
0
0
0
0
0
0
0
0
0
0
0
0
0
0
0
0
0
0
0
0
0
0
0
0
0
0.005174164872214671
0
0
0
0
0
0
0
0
0
0
0
0
0
0
0
0
0
0
0
0
0
0
0
0
0
0
0
0
0
0
0
0
0
0
0
0
0
0
0
0
0
0
0
0
0
0
0
0
0
0
0
0
0.0013576896396455514
0
0
0
0
0
0
0
0
0.004310599737980687
0
0
0
0
0
0
0
0
0
0
0
0
0
0
0
0
0
0
0
0
0
0
0
0
0
0
0
0
0
0
0
0
0
0
0
0
0
0
0
0
0
0
0
0
0
0
0
0
0
0
0
0
0
0
0
0
0
0
0
0
0
0
0
0
0
0
0
0
0
0
0
0
0
0
0
0
0
0
0
0
0
0
0
0
0
0
0
0
0
0
0
0
0
0
0
0
0
0
0
0
0
0
0
0
0
0
0
0
0
0
0
0
0
0
0
0
0
0
0
0
0
0
0
0
0
0
0
0
0
0
0
0
0
0
0
0
0
0
0
0
0
0
0
0
0
0
0
0
0
0
0
0
0
0
0
0
0
0
0
0
0
0
0
0
0
0
0
0
0
0
0
0
0
0
0
0
0
0
0
0
0
0
0
0
0
0
0
0
0
0
0
0
0
0
0
0
0
0
0
0
0
0
0
0
0
0
0
0
0
0
0
0
0
0
0
0
0
0.004361573010968168
0
0
0
0
0
0
0
0
0
0
0
0
0
0
0
0
0
0
0
0
0
0
0
0
0
0
0
0
0
0
0
0
0
0
0.0011744696360148287
0
0
0
0
0
0
0
0
0
0
0
0
0
0
0
0
0
0
0
0
0
0
0
0
0
0
0
0
0
0
0
0.002316374691307513
0
0
0
0
0
0
0
0
0
0
0
0
0
0
0
0
0
0
0
0
0
0
0
0
0
0
0
0
0
0
0
0
0
0
0
0
0
0
0
0
0
0
0
0
0
0
0
0
0
0
0
0
0
0
0
0
0
0
0
0
0
0
0
0
0
0
0
0
0
0
0
0
0
0
0
0
0
0
0
0
0
0
0
0
0
0
0
0
0
0
0
0
0
0
0
0
0
0
0
0
0
0
0
0
0
0
0
0
0
0
0
0
0
0
0
0
0
0
0
0
0
0
0
0
0
0
0
0
0
0
0
0.002340540051088059
0
0
0
0
0
0
0
0
0
0
0
0
0
0
0
0
0
0
0
0
0
0
0
0
0
0
0
0
0
0
0
0
0
0
0
0
0
0
0
0
0
0
0
0
0
0
0
0
0
0
0
0
0
0
0
0
0
0
0
0
0
0
0
0
0
0
0
0
0
0
0
0
0
0
0
0
0
0
0
0
0
0
0
0
0
0
0
0
0
0
0
0
0
0
0
0
0
0
0
0
0
0
0
0
0
0
0
0
0
0
0
0
0
0
0
0
0
0
0
0
0
0
0
0
0
0
0
0
0
0
0
0
0
0
0
0
0
0
0
0
0
0
0
0
0
0
0
0
0
0
0
0
0
0
0
0
0
0
0.0013932923650495652
0
0
0
0
0
0
0
0
0
0
0
0
0
0
0
0
0.0014930435120454626
0
0
0
0
0
0
0
0
0
0
0
0
0
0
0
0
0
0
0
0
0
0
0
0
0
0
0
0
0
0
0
0
0
0
0
0
0
0
0
0
0
0
0
0
0
0
0
0
0
0
0
0
0
0
0
0
0
0
0
0
0
0
0
0
0
0
0
0
0
0
0
0
0
0
0
0
0
0
0
0
0
0
0
0
0
0
0
0
0
0
0
0
0
0
0
0
0
0
0
0
0
0
0
0
0
0
0
0
0
0
0
0
0
0
0
0
0
0
0
0
0
0
0
0
0
0
0
0
0
0
0
0
0
0
0
0
0
0
0
0
0
0
0
0
0
0
0
0
0
0
0
0
0
0
0
0
0
0
0
0
0
0
0
0
0
0
0
0
0
0
0
0
0
0
0
0
0
0
0
0
0
0
0
0
0
0
0
0
0
0
0
0
0
0
0
0
0
0
0
0
0
0
0
0
0
0
0
0
0
0
0
0
0
0
0
0
0
0
0
0
0
0
0
0
0
0
0
0
0
0
0
0
0
0
0
0
0
0
0
0
0
0
0
0
0
0
0
0
0
0
0
0
0
0
0
0
0
0
0
0
0
0
0
0
0
0
0.0012858824183752296
0
0
0
0
0
0
0
0
0
0
0
0
0
0
0
0
0
0
0
0
0
0
0
0
0
0.00203793305574566
0
0.006592518989614057
0
0
0
0
0
0
0
0
0
0
0
0
0
0
0
0
0
0
0.04651070710955666
0
0
0.0014538576703227227
0
0
0
0
0
0.0013932923650495652
0
0
0
0
0
0
0
0
0
0
0
0
0
0
0
0.0012515354809677576
0
0
0
0
0
0
0
0
0
0
0
0
0
0
0
0
0
0
0
0
0
0
0
0
0
0
0
0
0
0
0
0
0
0
0
0
0
0
0
0
0
0
0
0
0
0
0
0
0
0
0
0
0
0
0
0
0
0
0
0
0
0
0
0
0
0
0
0
0
0
0
0
0
0
0
0
0
0
0
0
0
0
0
0
0
0
0
0
0
0
0
0
0
0
0
0
0
0.008527417744650845
0
0
0
0
0
0
0
0
0
0
0
0
0
0
0
0
0
0
0
0
0
0
0
0
0
0.0012223357672456402
0
0
0
0
0
0
0
0
0
0
0
0
0
0
0
0
0
0
0
0.001813943905977429
0
0
0
0
0.011005543162087648
0
0
0
0
0
0
0
0
0
0
0
0
0
0
0.002272114318213585
0.005519864929207779
0
0
0
0
0
0
0
0
0
0
0
0
0
0
0
0.002715379279291103
0
0
0
0
0
0
0
0
0
0
0
0
0
0
0
0
0
0
0
0
0
0
0
0
0
0
0
0
0
0
0
0
0
0
0
0
0
0
0.005031753970598615
0
0
0
0
0.032718001280112374
0
0
0.0012935412180536678
0
0.003982763892675811
0
0.0011831499255229002
0.005815430681290891
0.02110147355859922
0.008834815828385457
0.007106181453875704
0
0
0
0
0
0
0
0
0
0
0
0
0
0
0
0
0
0
0
0
0
0
0.062705103908102
0.018165371305489664
0
0
0
0
0
0
0
0
0
0
0
0
0
0
0
0
0
0
0
0
0
0
0
0
0
0
0
0
0
0
0
0
0
0
0
0
0
0
0
0
0
0
0
0
0
0
0
0
0
0
0
0
0
0
0
0
0
0
0
0
0
0
0
0
0
0
0
0
0
0
0
0
0
0
0
0
0
0
0
0
0
0
0
0
0
0
0
0
0
0
0
0
0
0
0
0.0017075743241267182
0
0
0
0
0
0
0
0
0
0
0
0
0
0
0
0
0
0
0
0
0
0
0
0
0
0
0
0
0
0
0
0
0
0
0
0
0
0
0
0
0
0
0
0
0
0
0
0
0
0
0
0
0
0
0
0
0
0
0
0
0
0
0
0
0
0
0
0
0
0
0
0
0
0
0
0
0
0
0
0
0
0
0
0
0
0
0
0
0
0
0
0
0
0
0
0
0
0
0
0
0
0
0
0
0
0
0
0
0
0
0
0
0
0
0
0
0
0
0
0
0
0
0
0
