0
0
-1.9824925492933176e-08
0
0
0
0
0
0
0
0
0
0.004015042345619702
0
0
0
0
0
0
0
0
0
0
0.014318349311656061
0
0.0017116853417294706
0.0022817345665665937
0
0
0
0
0
0.001056732029942013
0
0.006835900886267559
0.014504492798249436
0
0.001361961557079642
0
0.004406514517751514
0.0028849642273241233
0.0041962775364936256
0
0
0
0
0
0
0
0.010067352618836418
0
0
0
0
0.0036646147507466806
0
0.013509481514152252
0.004560503472190254
0
0
0
0.01794162396961393
0
0.002167135448601265
0
0
0.0012826503980782823
0
0.0014312382295925488
0
0
0
0
0
0
0
0
0
0
0
0
0
0
0.002072654334218978
0
0
0
0
0
0
0
0
0
0
0
0.0033781115406321884
0
0.00987842944229372
0
0
0.0014248728737199397
0
0.0012843840083423856
0
0
0
0
0.003295076352046728
0
0.0018257102403859502
0.0015564677623551848
0
0
0
0.006482268420479295
0
0
0
0
0
0
0
0
0
0
0
0
0
0
0
0
0.001041574973232068
0
0
0
0
0
0
0.0062649421130031415
0
0
0
0
0.00845445021179404
0.0013181655816976925
0
0
0
0.0014822630134548776
0
0
0
0
0
0
0
0
0
0
0
0
0.0012717245368240409
0
0
0
0
0
0.003950439418811532
0
0.015783056421506986
0.003838749656606313
0.0009746510156238427
0
0.0030411491218571003
0
0
0
0
0
0
0
0
0.009653220214367151
0
0
0.0015304580868650804
0
0
0
0.010166575874968357
0
0
0
0
0
0.001822059635463075
0.0008230317873218565
0
0
0
0.0018819531381644512
0
0
0.0008384693137315853
0
0
0
0
0
0.002071086682747244
0
0
0.010039809391413393
0
0
0
0
0
0.0058809568122702586
0.003471690668229709
0.0007801068057621097
0.0013147936201084174
0.0011235791973627594
0.0026667502580535523
0
0
0
0
0
0
0
0.007725264751796856
0.0018484683409033377
0
0.007688523002362522
0
0
0.005699491494879759
0
0
0
0
0.001564244577175208
0
0
0.001707817186807654
0
0
0
0
0.007194662971732725
0
0
0.0042319620251029455
0
0.0062887474739823325
0
0
0
0.003712365604589566
0
0
0
0
0
0
0
0
0
0
0.004535091973279653
0
0
0
0.0004679307762318662
0.004159070764233469
0
0.002453394584817462
0.005792879250145787
0
0
0.0013719984739203777
0.005198212887475133
0
0
0.005238805354181592
0.0013937487195806897
0
0
0.001435852300821953
0
0
0
0
0
0.0015830465030389443
0.014936611135996708
0
0
0.005450193950063261
0
0
0
0
0.004115995421761133
0.004553391967063865
0
0
0
0
0
0
0
0
0
0
0
0.0068548744071415015
0.0018714555748411612
0
0
0
0
0.002790461714423324
0
0
0
0
0
0
0
0
0
0
0.0013101234693472723
0
0.013312923831025293
0
0.001885694657828439
0.006503368970659746
0.0009606135322556414
0
0
0
0
0.0014050607962953813
0.009892393373094523
0
0
0
0
0
0
0
0.01074796417482652
0
0
0
0
0
0
0
0
0
0
0
0
0
0
0
0.0014029865582104748
0
0
0
0.0005507038912268475
0
0
0
0.0028115690891287464
0
0
0
0
0.0031578740545972098
0.0021373829503242027
0
0
0.0013904453917430702
0
0
0
0
0.0018651596479069507
0
0
0
0
0
0
0
0.003353048275189605
0
0
0
0
0
0
0
0.0012291063794758958
0.001065579402956865
0
0
0.004149602748859969
0
0
0
0
0
0
0
0
0
0
0.004183737418565261
0
0
0.0041556060347181616
0
0.0018522507288251584
0
0
0.007159364332889086
0
0
0.0029660286130131002
0
0
0
0
0
0.012148719248486836
0
0
0
0.0009020348376721644
0
0
0
0.0013376330490690966
0.001929925930593179
0
0.0029710842461088743
0
0
0.002616279450778537
0
0
0
0
0
0.005905314918362331
0.0016057621714679383
0
0
0.0008804523177435245
0
0
0
0
0
0
0
0
0
0
0
0
0
0
0
0
0
0
0.0012162407652614097
0
0
0
0
0.0012183087683878058
0
0
0
0
0
0
0
0.004511724379278798
0
0
0
0
0
0
0
0.000833239123600516
0
0
0
0.0014266804976377403
0
0.0030887775065519866
0
0
0.004006882723356898
0
0
0
0
0
0.0037903271211380102
0
0
0
0
0
0
0.002149989112841206
0.001203569025384029
0
0
0.0022296666053948835
0
0
0.012198673243454321
0
0
0
0
0
0.022847121031293226
0.0014814929054873024
0.006132574352920821
0
0
0
0
0
0
0
0.003291548874508885
0
0
0.0019212270645112828
0
0
0
0.001977913090052946
0.021399449111643466
0
0
0
0.007571115079159906
0
0
0
0
0
0
0.0012060691928659727
0
0
0
0
0.004198817113474696
0
0
0.0014910734601591847
0
0
0.0034798931334295994
0
0
0.0010000573789393378
0
0
0
0
0
0
0
0.004825294373574076
0
0
0
0
0.003905598747422335
0
0
0
0
0
0
0
0
0
0
0
0.0006950543646342202
0
0
0
0.0010788994990280569
0.0029967105549930716
0
0
0
0
0
0.005046774037237723
0
0
0
0.0007403140059570448
0.008909775208496253
0
0.0015590420733141474
0
0.004507244094778569
0
0.0012121388161850397
0
0
0
0.01556960536936241
0
0.002964348461417093
0.0012396444958383281
0
0
0
0.0029566530315484024
0.005116648733427522
0.0021764568090580465
0
0
0.006441353667635688
0
0
0.0077023183312850295
0
0
0
0.005161631856946251
0
0
0
0.0015352745873637396
0.011187590332912788
0
0
0
0
0.0018107652109790884
0.0011128738566779778
0
0.0019822698429890918
0.0012136717695081652
0
0.008608443966912207
0
0.007628514723654574
0.006854923871483856
0
0.0008863707096023501
0
0
0.0073137262175156535
0
0
0
0
0
0
0
0
0
0
0
0.011102142836575098
0.0023970260797899785
0
0
0.001857247462510433
0
0
0.0012288242133175172
0
0.0011408672832832968
0
0
0
0
0
0
0.002722893745475778
0.0043654093265063235
0
0
0
0
0
0
0
0
0
0
0
0
0.0015914037239771594
0.0019863052726659175
0.0017820814484138863
0
0
0
0
0
0
0
0
0.0032630307792829846
0.001284502876369484
0
0
0.0012315000212602615
0
0
0
0
0
0.003091892446993174
0
0
0
0
0
0.0010587551980903293
0
0.004660955135095767
0
0.0013347890459050656
0
0
0
0
0
0
0.00457022522809144
0
0.0036381389346360825
0
0
0.0036456331329185183
0
0
0
0.004650325809851033
0
0
0
0
0
0
0
0.011809060309491056
0
0
0
0
0
0.005634055118473212
0.009212410296657864
0.00678288355041674
0
0
0
0
0
0
0
0
0
0
0.0032599005976778816
0
0
0
0
0
0.006893754592923833
0
0
0.003916630446372783
0
0
0.006710318617996984
0.001929925930593179
0
0
0
0
0
0.01133212417775042
0
0
0.001074994556420603
0.0016859479842544487
0
0
0
0
0
0.0017496656304059758
0.0017275717226248777
0.0026896786542368522
0
0
0
0.0016459045908797287
0
0
0
0
0
0
0.0013016023672359617
0
0.02172204909487515
0
0.003065717137022651
0
0
0
0
0
0
0
0
0
0.006869300058686025
0
0.0029499486306048986
0
0
0.0014177286631149762
0
0
0
0
0
0
0
0
0.0035446308586783103
0
0.0013362083389060878
0
0
0.0038779147431369176
0
0
0
0
0
0
0.013876901642151373
0
0
0
0
0.009862905449771727
0
0
0
0.0012605284353428196
0
0
0
0
0
0
0.004199502701062994
0
0
0.014204803317206964
0
0
0
0
0
0
0
0.003043468433382219
0
0.00852188170674572
0.0014568604515866374
0
0.0019128785110959082
0
0
0.006399809392790586
0
0
0
0
0.004467212355397223
0
0
0
0.0018459352753154613
0
0
0.004627853734766141
0.002443920692988691
0
0
0
0.002644506943573927
0
0.0012640279010634077
0.001051721570691494
0
0
0
0
0.0009803624172495615
0
0
0.0016591779399041731
0
0.004535902174495092
0
0
0.0019782775738152406
0
0.00542289945996951
0
0
0
0
0.0016206951071206816
0
0
0
0.010721820365950634
0
0
0
0
0
0
0
0
0
0
0
0.0017549223016119346
0.0009856062732354594
0
0
0.0019196043436836942
0
0
0
0
0
0
0
0
0
0
0.0015629371376264204
0
0.0039606104317726955
0
0
0.0017244804741063605
0
0
0
0.003523058173286879
0
0
0
0
0
0
0
0.001971212546470919
0.00479447349776096
0.0035931065879608905
0
0
0
0.007785421368912084
0
0
0
0
0.0013340814179973017
0
0
0.0016818075113175495
0
0
0
0
0
0.0013061664682324382
0
0
0
0
0
0
0
0.008856843515920408
0
0
0
0.006175423871253687
0.0024366175367756117
0.00098311315637108
0
0
0
0.001169308433396269
0
0
0
0
0.001507265932663137
0
0.011317118417020306
0
0
0
0
0
0
0.0044629807604950516
0
0
0
0
0
0.0013419401000420322
0
0
0
0
0.0017940081374047793
0.001058417240973938
0
0
0.0059858312074362145
0
0
0.0016057621714679383
0.0021217683162229792
0
0.005207327605409656
0
0
0
0
0
0.0016101796621909705
0
0
0
0.011277512699586597
0
0.007493614055582976
0
0
0.00201765387041424
0
0
0.005355294099496353
0
0.001149389882030085
0
0.001202573628502015
0
0
0
0
0
0.0018961779404884156
0.0009541709558679856
0.0017615290866434396
0.0038095471345226907
0
0
0
0
0.001155035780152801
0
0.002890510311855596
0
0
0
0
0
0
0
0
0.003100217206567355
0
0
0
0
0
0
0.00915402406535548
0.0018689132122320102
0.006557763268317032
0
0
0.0027678503258225413
0.013924690548343265
0.004894546168924477
0
0
0.005903654079089086
0
0
0
0.019937478474944155
0
0
0
0
0
0
0
0
0
0.01237793547547357
0
0
0
0
0
0
0
0
0
0
0
0
0
0.0019824137651407816
0
0.0033285594174930527
0
0
0
0
0
0
0
0
0
0
0
0.009752109518705691
0
0.013529303034077282
0.0014588302377385013
0
0
0.0013022509748875262
0
0.0014330770195649474
0
0.005388114485707595
0
0
0
0
0
0
0
0
0
0
0
0
0
0
0
0.0017240811442123184
0
0
0
0
0
0
0.0014648027429070125
0
0
0.0013791086624126115
0
0
0.0009163018077431601
0
0
0
0
0
0
0
0
0
0
0
0
0
0
0
0
0
0
0
0.001564244577175208
0
0.0011661393236789
0
0
0
0
0
0
0
0
0
0
0
0
0
0
0
0
0
0
0
0
0
0
0
0
0
0.0012050671154599747
0.0043546448216473434
0
0
0
0.0022808924376345303
0
0.001783903345186756
0
0
0.003609212985431889
0.0012559129377799415
0
0.0014203917441578556
0
0
0
0
0
0
0
0
0
0.0017097462536827725
0.0023923528174826006
0
0
0
0.010627663661847647
0
0
0
0
0
0.01305173766475434
0
0
0
0
0.002464074984706404
0
0.002698461664001381
0.0020202626366844787
0
0
0
0
0
0
0.023665949480375262
0
0
0
0.0014386483708962931
0
0
0
0.003995614073324096
0
0.001255339992756394
0.0007673454184532781
0.007557870804254453
0
0
0.001990384806272558
0
0
0
0
0
0
0
0
0
0
0
0
0
0
0
0
0
0.006326686578910094
0
0
0
0
0
0
0.0014510127036417328
0
0
0
0
0
0
0
0
0
0
0
0.01773757152565825
0
0
0
0.0016268396674245533
0
0
0
0
0.022730334938891525
0
0
0
0.006653913328515223
0.007858804731005748
0.0070109830917619706
0.0010735846449821014
0
0
0.005156912845461819
0
0
0
0
0
0
0
0
0
0
0
0.0027377626968385755
0
0
0
0
0
0.0010814059019864895
0
0
0
0
0
0
0
0.0021159810125514727
0
0
0
0
0
0
0.002840783488315711
0
0
0
0
0
0
0
0.001688608119689949
0
0
0
0
0
0
0
0
0
0
0
0
0
0
0.002515274136744127
0
0
0
0
0
0
0
0.005950231053434227
0
0
0
0
0
0
0
0.00199264059930141
0
0
0
0.0012832668699104858
0
0
0
0.003275684424907302
0.0016945858508629927
0
0.006587814416248129
0
0
0.0012157255497074872
0
0
0
0
0
0
0
0
0
0
0
0.0011652387837739417
0
0
0
0
0
0
0
0
0.0021716120611369478
0
0.003541048133405625
0
0
0
0
0
0
0
0.011502345649521782
0.0011743434695239076
0
0
0
0
0
0
0
0
0
0
0
0
0
0
0
0.0027178535911408066
0
0
0
0
0
0
0
0
0
0
0
0
0
0.001279583218868771
0
0
0
0
0
0
0.001929925930593179
0
0
0
0
0
0
0
0
0
0
0
0
0.0024673091293418163
0
0
0
0.0019563526567367394
0
0
0
0
0
0
0
0
0
0
0.0029102719898294323
0
0
0
0
0
0
0
0
0
0
0
0
0
0
0
0
0
0
0
0
0
0
0
0
0.0011366778609727892
0
0
0
0
0
0
0
0
0
0
0
0
0.0030894445469463795
0.0013912684871362445
0
0.0031716230107646094
0
0
0
0.0042531859893449285
0
0
0
0
0
0.008205231487224194
0
0
0.0015475949667844826
0
0
0
0
0
0.002088318462288792
0
0
0
0
0
0
0
0
0
0.001211629227560426
0
0
0
0
0
0
0
0
0
0
0
0
0
0.003282092594889678
0
0.005883489464904318
0
0.0018748857174005211
0
0
0
0
0
0
0
0
0
0
0
0
0
0
0
0
0
0
0
0
0
0
0
0
0
0
0
0
0
0
0
0
0
0
0
0
0
0
0
0
0
0.008931548954949426
0
0.003385466745143582
0.003330443395134744
0
0
0
0
0
0
0
0
0
0
0
0
0
0
0
0
0
0
0
0
0
0
0
0
0
0
0.001262274067251704
0
0
0.0012214324151479839
0
0.006514836183410844
0
0
0
0
0
0
0
0
0
0.0019128785110959082
0
0
0
0
0
0
0
0
0
0
0
0
0
0
0
0
0
0
0
0
0.004261175232473567
0
0
0
0
0.003046695796745693
0
0
0
0
0.00674165619071512
0
0.001135430148581341
0
0
0
0
0
0
0
0
0
0
0
0
0
0
0
0
0
0
0
0
0
0
0
0
0
0
0
0
0
0
0
0.0014907710423942419
0
0
0
0.0014708723662260794
0
0
0
0
0
0
0
0
0.007559690204740603
0
0
0
0
0
0
0
0
0
0
0
0
0
0
0
0
0
0
0
0
0
0
0
0.0014257755914744309
0
0
0
0
0
0
0
0
0.0014414655435858726
0
0
0.008592938953906608
0
0.0025083934685060354
0
0
0
0
0
0
0
0
0
0
0
0.008565525617076816
0
0.00119861837444024
0
0
0
0
0
0
0
0
0.004842448530508692
0
0
0
0
0
0
0
0
0
0
0
0
0
0.0031578740545972098
0
0.0011612130257759711
0
0
0
0
0
0
0
0
0
0
0
0
0
0
0
0.0017593138064941993
0
0
0
0
0.00126344237371267
0
0
0
0
0
0
0
0
0
0
0
0
0
0
0
0
0
0
0.0048670267717241785
0
0.007695902388469694
0
0
0
0
0
0
0
0
0
0
0
0
0
0
0
0
0
0
0
0
0
0.002491464234709074
0
0
0
0
0
0
0
0
0
0.004270604928782517
0
0
0
0
0
0
0
0
0
0
0
0
0
0
0
0
0
0
0
0
0
0
0
0
0
0
0
0
0
0
0
0
0
0
0
0
0
0
0
0
0
0.001359683175990423
0
0
0
0
0
0
0
0
0
0
0
0
0
0
0
0
0
0
0
0
0
0
0
0
0.001729605916267119
0
0
0
0
0
0
0
0
0
0
0
0
0
0
0.0017940081374047793
0
0
0
0.014150844470312117
0
0
0
0
0
0
0.0016711923805521392
0
0
0
0
0
0
0
0
0
0
0
0
0
0
0
0
0
0
0
0
0
0
0
0
0
0
0
0
0
0
0
0
0
0.0017195440237742009
0
0
0
0.0029117588856993892
0
0
0
0
0
0.0025482500369405714
0
0
0
0
0
0
0
0
0.003311630183696091
0.002218745134684948
0
0.0013847339901173514
0.0016983186180651515
0.0017155940016276771
0
0
0
0
0
0.0023263092534067968
0
0
0
0
0.00238262674798903
0.007291266265837037
0
0.012042983838446696
0
0
0
0
0
0.00269113533219972
0
0
0
0
0
0
0
0
0
0
0
0.0021159810125514727
0
0
0
0
0
0
0
0
0
0
0
0
0
0
0
0
0
0
0
0
0
0
0
0
0
0
0
0
0
0
0
0
0
0
0
0
0
0
0
0
0
0
0
0
0
0
0
0
0
0
0
0
0
0
0.0020778030173590808
0
0
0
0
0.0032983578835682195
0
0
0
0.001595653564300088
0
0
0
0
0
0.002011479322981532
0
0
0
0
0
0
0
0
0.0025952701174411603
0
0.0022532429685519647
0.0016836064237609792
0
0.001242952703101428
0
0
0
0
0
0
0
0
0
0
0
0
0
0
0
0
0
0
0
0
0
0
0
0
0
0
0
0
0
0
0
0
0
0
0
0.0016711923805521392
0
0
0
0
0
0
0
0
0
0
0
0
0
0.001936969037836323
0
0
0
0.012301650766909004
0
0
0
0.004916016322881337
0
0
0.002464074984706404
0
0
0
0
0
0
0
0
0
0
0
0
0.0023690156181614603
0
0.002038474717374823
0
0
0
0
0
0
0
0
0
0
0
0
0
0
0
0
0.004402284976614485
0
0
0
0
0
0
0
0
0
0.0017255485544765614
0
0
0
0.0015268860633428146
0
0
0
0.0039029338452256615
0
0
0
0
0
0
0
0
0
0
0
0
0
0
0
0
0
0
0
0
0
0
0
0
0
0
0
0.00678579027394251
0
0
0
0.001947789320357134
0
0
0
0.0023197613947582726
0
0.0013426627984469842
0
0
0.008577970008138385
0
0
0
0
0
0
0
0
0
0
0
0
0.0019030116738177614
0
0
0
0
0
0
0
0
0.0023066587369881997
0
0
0
0
0
0
0
0.001877908192291383
0
0
0
0
0
0
0
0.0014801659651890234
0
0
0
0
0
0
0
0
0
0
0
0
0
0
0
0.0018541491334568211
0
0
0
0
0.0019405410613585893
0
0
0
0
0
0
0
0
0
0
0
0.005367574910718361
0
0
0
0
0
0
0
0
0
0
0
0
0
0
0
0
0
0
0
0
0
0
0
0
0
0
0
0.014491616959718732
0.002067575703365757
0
0
0
0
0
0
0
0.005222044108536673
0.0035011261243001737
0
0
0
0
0
0
0.005209003899550105
0
0
0
0.0019441475977198198
0
0
0
0
0
0
0
0
0.0013470286214268988
0
0
0
0
0
0.0032293001165034155
0
0
0.006488887162714193
0
0
0.002443920692988691
0
0
0
0
0
0
0
0
0
0
0
0
0
0.0018871252929223545
0
0
0
0.003155154389588997
0
0.004008580193276346
0
0
0
0
0.0018689132122320102
0
0
0.0089528095707581
0
0
0
0
0
0
0.0026583304633258876
0
0
0
0
0
0
0
0
0
0
0
0
0
0
0
0
0
0
0
0
0
0
0
0
0
0
0
0
0
0
0
0
0
0
0
0
0
0
0
0
0
0
0
0
0.003046695796745693
0
0
0
0
0
0
0
0
0
0.0025339387893797503
0
0
0
0
0
0
0
0
0
0
0
0
0
0
0
0
0
0
0
0
0
0
0
0
0
0
0
0
0
0
0
0
0
0
0
0
0
0
0
0
0
0
0
0
0
0
0
0
0
0
0
0
0
0
0
0
0
0
0
0
0
0
0
0
0
0
0
0.009134640746813857
0
0
0
0
0
0
0.0015488496691744432
0
0
0.0018376705773396446
0
0
0
0
0
0
0
0
0.009233569150982354
0
0.002678126435810128
0
0
0
0
0
0
0
0
0
0
0
0
0
0
0
0
0
0
0
0
0
0
0.0013996008333243366
0
0
0
0
0
0
0
0.001947789320357134
0.0016191746422503433
0.0044095616511382555
0
0
0
0
0
0
0
0.004000125387080329
0
0
0
0
0.0026295872402168348
0
0
0
0
0.0013831180845221345
0
0
0
0
0
0
0
0
0
0
0
0.0015233478983728466
0
0
0
0
0
0
0
0
0
0
0
0
0
0
0
0
0
0
0
0
0
0.001798887600475833
0
0
0
0
0
0
0
0
0
0
0
0
0
0
0
0
0
0
0
0
0
0
0
0
0
0
0
0
0
0
0
0
0
0
0
0.01855953514640122
0
0
0
0.004587790830885643
0
0
0
0
0
0
0
0
0
0
0
0
0
0
0
0
0
0
0
0
0
0
0
0
0
0
0
0
0
0
0
0
0
0
0
0
0.001326384782236669
0
0
0
0
0
0
0
0
0
0.0021716120611369478
0
0
0
0
0
0
0
0
0
0
0
0
0
0
0
0
0
0
0
0.0023066587369881997
0
0
0
0
0
0
0
0
0
0.0013055110271341683
0.0032475094880033474
0
0
0
0
0.0014414655435858726
0
0
0
0
0
0
0
0
0
0
0
0
0
0
0
0
0
0
0
0
0
0
0
0
0.00204792518694716
0
0
0
0
0
0
0
0
0
0
0
0
0
0
0
0
0
0
0
0
0
0
0
0
0
0
0
0
0
0
0
0
0
0
0
0
0.0022616314925728897
0
0
0
0
0
0
0
0
0
0
0.003404178181249007
0
0
0
0
0
0
0
0
0
0
0
0
0
0
0
0
0
0
0.00298369662371281
0
0
0
0
0
0
0.026439087106509083
0
0
0
0
0
0
0
0
0
0
0
0
0
0
0
0.0017136345556082132
0
0
0
0
0
0
0
0
0
0
0
0
0
0
0
0
0.0052591744804336696
0
0
0.005040730085227859
0
0
0
0.005007544745495994
0
0
0
0
0
0
0
0
0
0
0
0
0
0
0
0
0
0
0
0
0
0
0
0
0
0
0
0
0
0.00204792518694716
0
0
0
0
0
0
0
0
0
0
0
0
0
0
0
0
0.006470641382445772
0
0
0
0
0
0
0
0
0
0
0
0
0
0
0
0.0016890557703160942
0
0
0
0
0
0
0
0
0
0
0
0
0.0023805018662640186
0
0
0
0
0
0
0
0
0
0
0.0017527457729404926
0
0
0
0
0
0.002038474717374823
0.0030304406272424755
0
0
0
0
0
0
0
0
0
0
0
0
0
0
0
0
0
0
0
0
0
0
0
0
0
0
0
0
0
0
0
0.0024303456111779875
0
0
0
0
0
0
0
0
0
0.0025952701174411603
0
0
0
0
0.003962655767188188
0
0
0
0
0
0
0
0.0021716120611369478
0
0
0
0
0
0
0
0
0
0
0
0
0
0
0
0
0
0.004198277489619206
0
0
0
0
0
0
0
0
0
0
0
0
0.0019782775738152406
0
0
0
0
0
0
0.0012628577633980956
0
0
0
0
0
0
0
0
0
0
0
0
0
0
0
0
0.0016072288673021637
0
0.001798887600475833
0
0
0
0
0
0
0
0
0
0
0
0.001518681917497807
0
0
0
0.006783334035879814
0
0
0
0
0
0
0
0
0
0
0
0
0
0
0
0
0
0
0
0
0
0
0
0
0
0
0
0
0
0
0
0
0
0
0
0
0.0014618045451850028
0
0
0
0.0054807844480883145
0
0
0
0.0017420495221900723
0
0
0
0
0
0
0
0
0
0
0
0
0
0
0
0
0
0
0
0
0
0
0
0
0.0015899977953487622
0
0
0
0.030803081008695866
0
0
0
0
0
0
0
0
0
0
0
0
0
0
0.006249071137155339
0
0
0
0
0
0
0
0
0
0
0.0014708723662260794
0
0
0
0
0
0
0
0
0
0
0
0
0
0
0
0
0
0
0
0
0
0
0
0
0
0
0
0
0
0
0
0
0
0
0.0013727818396004527
0
0
0
0
0
0
0
0
0
0
0
0
0
0
0
0
0
0
0
0
0.0019986801167558394
0
0
0.0015140735427974338
0
0
0
0.004918322451237774
0
0
0
0
0.002213914668567707
0
0
0
0
0
0
0
0
0
0
0
0
0
0
0
0
0
0
0
0
0
0
0
0
0
0
0
0.0019405410613585893
0.007850889024039508
0
0
0
0
0
0
0
0
0.0018601298985290635
0
0.0035186276129883986
0.01469397121366722
0
0
0.003819121003216642
0
0
0
0
0.0017020890906245035
0
0
0
0
0
0
0
0
0
0
0
0
0
0
0
0
0
0
0
0
0
0
0.0018763349858003141
0
0
0
0
0
0.008855658674270827
0
0
0
0
0
0
0
0
0
0
0
0
0
0
0
0
0
0
0
0
0
0
0
0
0
0
0
0.0017275717226248777
0
0
0.0019863052726659175
0
0
0
0
0
0
0.0018459352753154613
0
0
0
0
0
0
0
0
0
0
0
0
0
0
0
0
0
0
0
0
0
0
0
0
0
0
0
0
0
0
0
0
0
0
0
0
0
0
0
0
0
0
0
0
0
0.003541048133405625
0
0
0
0
0
0
0
0
0
0
0
0
0
0
0
0.002052741687445819
0
0
0
0
0.004330066621750391
0
0
0
0
0
0.0027163438894754334
0.0022065228703981735
0
0
0
0
0
0
0
0
0
0
0
0
0
0
0
0.0019334308728663555
0
0
0
0.004594416534831725
0
0
0
0
0
0
0
0
0.0020625652441152377
0
0
0
0
0
0
0
0
0
0
0
0
0
0
0
0
0
0.0016677200428655721
0
0
0
0
0
0
0
0
0
0
0
0
0
0
0.004575982333569784
0
0
0
0
0
0
0
0
0
0
0
0
0
0
0
0
0
0
0
0
0
0
0
0
0
0
0
0
0
0
0
0
0
0
0
0
0
0
0
0
0
0.0017571115959204072
0
0
0
0
0
0.0024303456111779875
0
0
0
0
0
0
0
0
0
0.0031103744682737973
0
0
0
0
0
0
0
0
0
0
0
0
0.0021716120611369478
0
0
0
0
0
0
0
0
0
0
0
0
0.0015501086032836775
0
0
0
0
0
0
0
0.010048183936951895
0
0
0
0
0
0
0
0
0
0
0
0
0
0
0
0
0
0
0
0
0
0
0
0
0
0
0
0
0
0
0
0
0
0
0
0
0
0
0
0
0.003612657033651044
0
0
0
0
0
0
0
0
0
0
0
0
0
0
0
0
0
0
0
0.0017357758684698854
0
0
0
0
0
0
0
0
0
0
0
0
0
0
0
0
0
0
0
0
0
0
0
0
0
0
0
0
0
0
0
0
0
0
0
0
0
0
0
0.0020247330327452166
0
0
0
0
0
0
0
0
0
0
0
0
0
0
0
0
0
0
0
0
0
0
0
0
0
0
0
0
0
0
0
0
0
0
0
0
0.0026392354163050583
0
0
0
0.0014739445943472125
0
0
0
0
0
0
0
0
0
0
0
0.002104668825356501
0
0
0
0
0
0
0.01179789833375146
0
0
0
0
0
0
0
0
0
0
0
0
0.004474022247712561
0
0
0
0
0.0018013514616297532
0
0
0
0
0
0
0.030891320185574427
0
0
0
0
0
0
0
0
0
0
0
0
0
0
0
0
0
0.02146857344388823
0
0
0
0.004330010552210887
0
0
0
0
0
0
0
0
0
0
0
0
0
0
0
0
0
0
0
0
0.0033672128475219585
0
0
0
0
0
0
0
0
0
0
0
0
0
0
0
0
0
0
0
0
0
0
0
0
0
0
0
0
0
0
0
0
0
0
0
0
0
0
0
0
0
0
0
0
0
0
0
0
0
0
0
0
0
0
0
0
0
0
0
0
0
0.0021458588429633936
0
0
0
0
0
0
0
0
0
0.008487073264891917
0
0
0
0.005958915817997752
0
0
0
0.013355617392738692
0
0
0
0
0
0
0
0
0
0
0
0
0
0
0
0
0
0
0
0
0
0
0
0
0
0
0
0
0
0.0015708513622067126
0
0
0.0046526185068135936
0
0
0
0
0
0
0
0
0
0
0
0.0015844264440174163
0
0
0
0
0
0.00222915244181155
0.0019514669226128308
0
0
0
0
0
0
0
0
0
0
0
0
0
0
0
0
0
0
0
0
0
0
0
0
0
0
0
0
0
0
0
0
0
0
0
0
0
0
0
0
0
0
0
0
0
0
0
0
0
0
0
0.0015985139124693936
0
0
0
0
0
0
0
0
0
0
0
0
0
0
0
0
0
0
0
0
0
0
0
0
0
0
0
0
0
0.0019782775738152406
0
0
0
0
0
0
0
0
0
0
0
0
0
0
0
0
0
0
0
0
0
0
0
0
0
0
0
0
0
0
0
0
0
0
0
0
0
0
0
0
0
0
0
0
0
0
0
0
0
0
0
0
0
0
0
0
0
0
0
0
0
0
0
0
0
0
0.0015721868684955831
0
0
0
0
0
0
0
0
0
0
0
0
0
0
0
0
0
0
0
0
0
0
0
0
0
0.0018113728315574083
0
0
0
0
0
0
0
0
0
0
0
0
0
0
0
0
0
0
0
0
0.006101513155485547
0
0
0
0
0
0
0
0
0
0
0
0
0
0
0
0
0
0
0
0
0
0
0
0
0
0.005958915817997752
0
0
0
0.06138060384140705
0
0
0
0.004738031236322921
0
0
0
0
0
0
0.0033016539031345627
0
0
0
0
0
0
0
0
0
0
0
0
0
0
0
0
0
0
0
0
0
0
0
0
0
0
0
0
0
0
0
0
0
0
0
0
0
0
0
0
0
0
0
0.0017637575924241424
0
0
0
0
0
0.002503772372747997
0
0
0
0
0
0
0
0
0
0
0
0
0
0.0023066587369881997
0
0
0
0
0
0
0
0
0
0
0
0
0
0
0
0
0
0
0
0
0
0
0
0
0
0
0
0
0
0
0
0
0
0
0
0
0
0
0
0
0
0
0
0
0
0
0
0
0
0
0
0
0
0
0
0
0
0
0
0
0
0
0
0
0
0
0
0
0
0
0
0
0
0.0025559418174569025
0
0
0
0
0
0
0
0
0
0.0021276467622730498
0
0
0
0
0
0
0
0
0
0
0
0
0.003755816384582766
0
0
0
0
0
0
0
0
0
0
0
0
0
0
0
0.0018933989466425412
0
0.008153898869499292
0
0
0
0
0
0
0
0
0.0016836064237609792
0
0
0
0
0
0
0
0
0
0
0
0
0
0
0
0
0
0
0
0
0
0
0
0
0
0
0
0
0
0.0019822698429890918
0
0
0
0
0
0
0
0
0
0
0
0
0
0
0
0
0
0
0
0
0
0
0
0
0
0
0
0
0
0
0
0
0
0
0
0
0
0
0
0
0
0
0
0
0
0
0
0
0
0
0
0
0
0
0
0
0
0
0
0
0
0
0.001947789320357134
0
0
0
0
0
0
0
0
0
0
0
0
0
0
0
0
0
0
0
0
0
0
0
0
0
0
0
0
0
0
0
0
0
0
0
0
0
0
0
0
0
0
0.008098932130980866
0
0
0
0
0
0
0
0
0
0
0
0
0
0
0
0
0
0
0.0023690156181614603
0
0
0
0
0
0
0
0
0
0
0
0
0
0
0
0
0
0
0
0
0
0
0
0
0
0
0
0
0
0
0
0
0
0
0
0
0
0.0019863052726659175
0
0
0
0
0
0
0
0
0.00337082809535756
0
0
0.0021217683162229792
0.0020625652441152377
0
0
0
0
0
0
0
0
0.0013061664682324382
0
0
0
0
0
0
0
0
0
0
0
0
0
0
0
0
0
0
0
0
0
0
0
0
0
0
0
0
0
0
0
0
0
0
0
0
0
0
0
0
0
0
0
0
0
0
0
0
0.0023690156181614603
0
0
0
0.004945296437217493
0
0
0
0
0
0
0
0.003338904348184673
0
0
0
0
0
0
0
0.0018997798474858787
0
0
0
0
0
0
0
0
0
0
0
0
0
0
0
0
0
0
0
0
0
0
0
0
0
0
0
0
0
0
0
0
0
0
0
0
0
0
0
0.004738031236322921
0
0
0
0
0
0
0
0
0
0
0
0
0
0
0
0
0
0
0
0
0
0
0
0
0
0
0
0
0
0
0
0
0
0
0.0017659994827041768
0
0
0
0.0019514669226128308
0
0
0
0
0
0.0021102820681204205
0
0
0
0
0
0
0
0
0
0
0
0
0
0
0
0
0.001806328516825522
0
0
0
0
0
0
0
0.002443920692988691
0
0
0
0
0.0016237547440016737
0
0
0
0
0
0
0
0
0
0
0
0
0
0
0
0.0012882356435716428
0
0
0
0
0
0
0
0.0023470520123298317
0
0
0
0
0
0
0
0
0
0
0
0
0
0
0
0
0
0
0
0
0
0
0
0
0
0
0
0
0
0
0
0
0
0
0
0
0.0023066587369881997
0
0
0
0
0
0
0
0
0
0
0
0
0
0
0
0
0
0
0
0
0
0
0
0
0
0
0
0
0
0
0
0
0
0
0
0
0
0
0
0
0
0
0
0
0
0
0
0
0
0
0
0
0
0
0
0
0
0
0
0
0
0
0
0
0.008444026102493826
0
0
0
0
0
0
0
0
0
0
0
0
0
0
0
0
0.004900440069614722
0
0
0
0
0
0
0
0.009457333789034452
0
0
0
0
0
0
0
0
0
0
0
0
0
0.001184621990542424
0
0
0
0
0
0
0
0
0
0
0
0
0
0
0
0
0
0
0
0
0
0
0
0
0
0
0
0
0.00559788725202961
0
0
0
0
0
0
0.005233211689783365
0
0
0
0
0
0
0
0
0
0
0
0
0
0
0
0
0
0
0
0
0
0
0
0
0.0023163547005579125
0
0
0
0
0
0
0
0
0
0
0
0
0
0
0
0
0
0
0
0
0
0
0
0
0
0
0
0
0.003447072585896104
0
0
0
0
0
0.00204792518694716
0
0
0
0
0
0
0
0
0
0
0
0
0
0
0
0
0
0
0
0
0
0
0
0.0018242901623440732
0
0
0
0
0
0
0
0
0
0
0
0
0
0
0
0
0
0
0
0
0
0
0
0
0
0
0
0
0
0.0022450388227069572
0.0042435366324459585
0
0
0
0
0
0
0
0
0
0
0
0
0
0
0.0018630347661819392
0
0
0
0
0
0
0
0
0
0
0
0
0
0
0
0
0
0
0
0
0
0
0
0
0
0
0
0
0
0
0
0
0
0
0
0
0
0
0
0
0
0
0
0
0
0
0
0
0
0
0
0
0
0
0
0
0
0
0
0
0
0
0
0
0
0
0
0
0
0
0
0
0
0
0
0
0
0
0
0
0
0
0
0
0
0
0
0
0
0.001890248939682532
0.0023470520123298317
0
0
0
0
0
0
0
0
0
0
0
0
0
0
0
0
0
0
0
0
0
0
0
0
0
0
0
0
0
0
0
0
0
0
0
0
0
0
0
0
0
0
0
0
0
0
0
0
0
0
0
0
0
0
0
0
0
0
0
0
0
0
0
0
0
0
0
0
0
0
0
0
0
0
0.004784705634965201
0
0.0031363891986434635
0
0
0
0
0.001958932643667952
0
0
0
0
0
0
0
0
0
0
0
0.0037995596949717573
0
0
0
0.0018295849122477524
0
0
0
0.0017615290866434396
0
0
0
0.002443920692988691
0
0
0
0
0
0
0
0
0
0
0
0
0
0
0
0
0.0022616314925728897
0
0
0
0
0
0
0
0
0
0
0
0
0
0
0
0
0
0
0
0
0
0
0
0
0
0
0
0
0
0
0
0
0
0
0
0
0.0017615290866434396
0
0.0019514669226128308
0
0
0
0
0
0
0
0
0
0
0
0
0
0
0
0
0
0
0
0
0
0
0
0
0
0
0
0
0
0
0
0
0
0
0
0
0
0
0
0
0
0
0
0
0
0
0
0
0
0
0
0
0
0
0
0
0
0
0
0
0
0
0
0
0
0
0
0
0
0
0
0
0
0
0.002270212873022572
0
0
0
0
0
0
0
0
0
0
0
0
0
0
0
0
0
0
0
0
0
0
0
0
0
0
0
0
0
0
0
0.0017751041684541428
0
0
0
0
0
0
0
0
0
0
0
0
0
0
0
0
0
0
0
0
0
0
0
0
0
0
0
0
0
0
0
0
0
0
0
0
0
0
0
0
0
0
0
0
0
0
0
0
0
0
0
0
0
0
0.001843159994058456
0
0
0
0
0
0
0
0
0
0
0
0
0
0
0
0
0
0
0
0
0
0
0
0
0
0
0
0
0
0
0
0
0
0
0
0
0
0
0
0
0
0
0
0
0
0
0
0
0
0
0
0
0
0
0
0
0
0
0
0
0
0
0
0
0
0
0
0
0
0
0
0
0
0
0
0
0
0
0
0
0
0
0
0
0
0
0
0
0
0
0
0
0
0
0
0
0
0
0
0
0
0.0023163547005579125
0
0
0
0
0
0
0
0
0
0
0
0
0
0
0
0
0
0
0
0
0
0
0
0
0
0
0
0
0
0
0.005946809528967275
0
0
0
0
0
0
0
0
0
0
0
0
0
0
0
0
0
0
0
0
0
0
0
0
0
0
0
0
0
0
0
0
0
0
0
0
0
0
0
0
0
0
0
0.002104668825356501
0
0
0
0
0
0
0
0
0
0
0
0
0
0
0
0
0
0
0
0
0
0
0
0
0
0
0
0
0
0
0
0
0
0
0
0
0
0
0
0
0
0
0
0
0
0
0
0
0
0
0
0.0020778030173590808
0
0
0
0
0
0
0
0
0
0
0
0
0
0
0.0026166058448916824
0
0
0
0
0
0
0
0
0
0
0
0
0
0
0
0
0
0
0
0
0
0
0
0
0
0
0
0
0.00222915244181155
0
0
0
0
0
0
0
0
0
0
0
0
0
0
0
0
0
0
0
0
0
0
0
0
0
0
0
0
0
0
0
0
0
0
0
0
0
0
0
0
0
0
0
0
0
0
0
0
0
0
0
0
0
0
0
0
0
0
0
0
0
0
0
0
0
0
0
0
0
0
0
0
0
0
0
0
0
0
0
0
0.0016836064237609792
0
0
0
0
0
0
0
0
0
0
0
0
0
0
0
0
0
0
0
0
0
0
0
0
0
0
0
0
0.0038060233476355228
0
0
0
0
0
0.0026166058448916824
0
0
0
0
0
0
0
0
0
0
0
0
0
0
0
0
0
0
0
0.002766353903826097
0
0
0
0
0
0
0
0
0
0
0
0
0
0
0
0
0
0.0023578722948506426
0
0
0
0
0
0
0
0
0
0
0
0
0
0
0
0
0
0
0
0
0
0
0
0
0
0
0
0
0
0
0
0
0
0
0.0024303456111779875
0.0026890791612190273
0
0
0
0
0
0
0
0
0
0
0
0
0
0
0
0
0
0
0
0
0
0
0
0
0
0
0
0
0
0
0
0
0
0
0
0
0
0
0
0
0
0
0
0
0
0
0
0
0
0
0
0
0
0
0
0
0
0
0
0
0
0
0
0
0
0
0
0
0
0
0
0
0
0
0
0
0
0
0
0
0
0
0
0
0
0
0
0
0
0
0
0.0023578722948506426
0
0
0
0
0
0
0
0
0
0
0
0
0
0
0.0026166058448916824
0
0
0
0
0
0.007276277869272165
0
0
0
0
0
0
0
0
0.0021217683162229792
0
0
0
0
0
0
0
0
0
0
0
0
0
0
0
0
0
0
0
0
0
0
0
0
0
0
0
0
0
0
0
0
0
0.0017399465667147997
0
0
0
0
0
0
0
0
0
0
0
0
0
0
0
0
0
0.0022450388227069572
0
0
0
0
0
0
0
0
0
0
0
0
0
0
0
0
0
0
0
0
0
0
0
0
0
0
0
0
0
0
0.0022532429685519647
0
0
0
0
0
0
0
0
0
0
0
0
0
0
0
0
0
0
0
0
0
0
0
0
0
0
0
0
0
0
0
0
0
0
0
0
0
0
0
0
0
0
0
0
0
0
0
0
0
0
0
0
0
0
0
0
0
0
0
0
0
0
0
0
0
0
0
0
0
0
0
0
0
0
0
0
0
0
0
0
0
0
0
0
0
0
0
0
0
0
0
0
0
0.0018840275688407212
0
0
0
0
0
0
0
0
0
0
0
0
0
0
0
0
0
0
0
0
0
0
0
0.0039645396859781835
0
0
0
0
0
0
0
0
0
0
0
0
0
0
0
0
0
0
0
0
0
0
0
0
0
0
0
0
0
0
0.0026166058448916824
0
0
0
0
0
0
0
0
0
0
0
0
0
0
0
0
0
0
0
0
0
0
0
0
0
0
0
0
0
0
0
0
0
0
0
0
0
0
0
0
0
0
0
0
0
0
0
0
0
0
0
0
0
0
0
0
0
0
0
0
0
0
0
0
0
0
0
0
0
0
0
0
0
0
0
0
0
0
0
0
0
0
0
0
0
0
0.0026166058448916824
0
0
0
0
0
0
0
0
0
0
0
0
0
0
0
0
0
0
0
0
0
0
0
0
0
0
0
0
0
0
0
0
0
0
0
0
0
0
0
0
0
0
0
0
0
0
0
0
0
0
0
0
0
0
0
0
0
0
0
0
0
0
0
0
0
0
0
0
0
0
0
0
0
0
0
0
0
0
0
0
0
0
0
0
0
0
0
0
0
0
0
0
0
0
0
0
0
0
0
0
0
0
0
0
0
0
0
0
0
0
0
0
0
0
0
0
0
0
0
0
0
0
0
0
0
0
0
0
0
0
0
0
0.0020338377184951823
0
0
0
0
0
0
0
0
0
0.0018269281493627715
0
0
0
0
0
0
0
0
0
0
0
0
0
0
0
0
0
0
0
0
0
0
0
0
0
0
0
0
0
0
0
0
0
0
0
0
0
0
0
0
0
0
0
0.0019128785110959082
0
0
0
0
0
0
0
0
0
0
0
0
0
0
0
0
0
0
0
0
0
0
0
0
0
0
0
0
0
0
0
0
0
0
0
0
0
0
0
0
0
0
0
0
0
0
0
0
0
0
0
0
0
0
0
0
0
0
0
0
0
0
0
0
0
0
0
0
0
0
0
0
0.005007544745495994
0
0
0
0
0
0
0
0
0
0
0
0
0
0
0
0
0
0
0
0
0
0
0
0
0
0
0
0
0
0
0
0
0
0
0
0
0
0
0
0
0
0
0
0
0
0
0
0
0
0
0
0
0
0
0
0
0
0
0
0
0
0
0
0
0
0
0
0
0
0
0
0
0
0
0
0
0
0
0
0
0
0
0
0
0
0
0
0
0
0
0
0
0
0
0
0
0
0
0
0
0
0
0
0
0
0
0
0
0
0
0
0
0
0
0
0
0
0
0
0
0
0
0
0
0
0
0
0
0
0.0046526185068135936
0
0
0
0
0
0
0
0
0
0
0
0
0
0
0
0
0
0
0
0
0
0
0
0
0
0
0
0
0
0
0
0
0
0
0
0
0
0
0
0
0
0
0
0
0
0
0
0
0
0
0
0
0
0
0
0
0
0
0
0
0
0
0
0
0
0
0
0
0
0
0
0
0
0
0
0
0
0
0
0
0
0
0
0
0
0
0
0.01437151916723732
0
0
0
0
0
0
0
0
0
0
0
0
0
0
0
0
0
0
0
0
0
0
0
0
0.0023690156181614603
0
0
0
0
0
0
0
0
0
0
0
0
0
0
0
0
0
0
0
0
0
0
0
0
0
0
0
0
0
0
0
0
0
0
0
0
0
0
0
0
0
0
0
0
0
0
0
0
0
0
0
0
0
0
0
0
0
0
0
0
0
0
0
0
0
0
0
0
0
0
0
0
0
0
0
0
0
0
0
0
0
0
0
0
0
0
0
0
0
0
0
0
0
0
0
0
0
0
0
0
0
0
0
0
0
0
0
0
0
0
0
0
0
0
0
0
0
0
0
0
0
0
0
0
0
0
0
0
0
0
0
0
0
0
0
0
0
0
0
0
0
0
0
0
0
0
0
0
0
0
0
0
0
0
0
0
0
0
0
0
0
0
0
0
0
0
0
0
0
0
0
0
0
0
0
0
0
0
0
0
0
0
0
0
0
0
0
0
0
0
0
0
0
0
0
0
0
0
0
0
0
0
0
0
0
0
0
0
0
0
0
0
0
0
0
0
0
0
0
0
0
0
0
0
0
0
0
0
0
0
0
0
0
0
0
0
0
0
0
0
0
0
0
0
0
0
0
0
0
0
0
0
0
0
0
0
0
0
0
0.0017505818618974444
0
0
0
0
0
0
0
0
0
0
0
0
0
0
0
0
0
0
0
0
0
0
0
0
0
0
0
0
0
0
0
0
0
0
0
0
0
0
0
0
0
0
0
0
0
0
0
0
0
0
0
0
0
0
0
0
0
0
0
0
0
0
0
0
0
0
0
0
0
0
0
0
0
0
0
0
0
0
0
0
0
0
0
0
0
0
0
0
0
0
0
0
0
0
0
0
0
0
0
0
0
0
0
0
0
0
0
0
0
0
0
0
0
0
0
0
0
0
0
0
0
0
0
0
0
0
0
0
0
0
0
0
0
0
0
0
0
0
0
0
0
0
0
0
0
0
0
0
0
0
0
0
0
0
0
0
0
0
0
0
0
0
0
0
0
0
0
0
0
0
0
0
0.0023263092534067968
0
0
0
0
0
0
0
0
0
0
0
0
0
0
0
0
0
0
0
0
0
0
0
0
0
0
0
0
0
0
0
0
0
0
0
0
0
0
0
0
0
0
0
0
0
0
0
0
0
0
0
0
0
0
0
0
0
0
0
0
0
0
0
0
0
0
0
0
0
0
0
0
0
0
0
0
0
0
0
0
0
0
0
0
0
0
0
0
0
0
0
0
0
0
0
0
0
0
0
0
0
0
0
0
0
0
0
0
0
0
0
0
0
0
0
0
0
0
0
0
0
0
0
0
0
0
0
0
0
0
0
0
0
0
0
0
0
0
0
0
0
0
0
0
0.0018689132122320102
0
0
0
0
0
0
0
0
0
0
0
0
0
0
0
0
0
0
0
0.02903158957935564
0
0
0
0
0
0
0
0
0
0
0
0
0
0
0
0
0
0
0
0
0
0
0
0
0
0
0
0
0
0
0
0
0
0
0
0
0
0
0
0
0
0
0
0
0
0
0
0
0
0
0
0
0
0
0
0
0
0
0
0
0
0
0
0
0
0
0
0
0
0
0
0
0
0
0
0
0
0
0
0
0
0
0
0
0
0
0
0
0
0
0
0
0
0
0
0
0
0
0
0
0
0
0
0
0
0
0
0
0
0
0
0
0
0
0
0
0
0
0
0
0
0
0
0
0
0
0
0
0
0
0
0
0
0
0
0
0
0
0
0
0
0
0
0
0
0
0
0
0
0
0
0
0
0
0
0
0
0
0
0
0
0
0
0
0
0
0
0
0
0
0
0
0
0
0
0
0
0
0
0
0
0
0
0
0
0
0
0
0
0
0
0
0
0
0
0
0
0
0
0
0
0
0
0
0
0
0
0
0
0
0
0
0
0
0
0
0
0
0
0
0
0
0
0
0
0
0
0.002052741687445819
0
0
0
0
0
0
0
0
0
0
0
0
0
0
0
0
0
0
0.00204792518694716
0
0
0
0
0
0
0
0
0
0
0
0
0
0
0
0
0
0
0
0
0
0
0
0
0
0
0
0
0
0
0
0
0
0
0
0
0
0
0
0
0
0
0
0
0
0
0
0
0
0
0
0
0
0
0
0
0
0
0
0
0
0
0
0
0
0
0
0
0
0
0
0
0
0
0
0
0
0
0
0
0
0
0
0
0
0
0
0
0
0
0
0
0
0
0
0
0
0
0
0
0
0
0
0
0
0
0
0
0
0
0
0
0
0
0
0
0
0
0
0
0
0
0
0
0
0
0
0
0
0
0
0
0
0
0
0
0
0
0
0
0
0
0
0
0
0
0
0
0
0
0
0
0
0
0
0
0
0
0
0
0
0
0
0
0
0
0
0.0025559418174569025
0
0
0
0
0
0
0
0
0
0
0.002052741687445819
0
0
0
0
0
0
0
0
0
0
0
0
0
0
0
0
0
0
0
0
0
0
0
0
0
0
0
0
0
0
0
0
0
0
0
0
0
0
0.0019441475977198198
0
0
0
0
0
0
0
0
0
0
0
0
0
0
0
0
0
0
0
0
0
0
0
0
0
0
0
0
0
0
0
0
0
0
0
0
0
0
0
0
0
0
0
0
0
0
0
0
0
0
0
0
0
0
0
0
0
0
0
0
0
0
0
0
0
0
0
0
0
0
0
0
0
0
0
0
0
0
0
0
0
0
0
0
0
0
0
0
0
0
0
0
0
0
0
0
0
0
0
0
0
0
0
0
0
0
0
0
0
0
0
0
0
0
0
0
0
0
0
0
0
0
0
0
0
0
0
0
0
0
0
0
0
0
0.0020338377184951823
0
0
0.00222915244181155
0
0
0
0
0
0
0
0
0
0
0
0
0
0
0
0
0
0
0
0
0
0
0
0
0
0
0
0
0
0
0
0
0
0
0
0
0
0
0
0
0
0
0
0
0
0
0
0
0
0
0
0
0
0
0.0018190694673180412
0
0
0
0
0
0
0
0
0
0
0
0
0
0
0
0
0
0
0
0
0
0
0
0
0
0
0
0
0
0
0
0
0
0
0
0
0
0
0
0
0
0
0
0
0
0
0
0
0
0
0
0
0
0
0
0
0
0
0
0
0
0
0
0
0
0
0
0
0
0
0
0
0
0
0
0
0
0
0
0
0
0
0
0
0
0
0
0
0
0
0
0
0
0
0
0
0
0
0
0
0
0
0
0
0
0
0.0016746973228253157
0
0
0
0
0
0
0
0
0
0
0
0
0
0
0
0
0
0
0
0
0
0
0
0
0
0
0
0
0
0
0
0
0
0
0
0.006641744005703121
0
0
0
0
0
0
0
0
0
0
0
0
0
0
0
0
0
0
0
0
0
0
0
0
0
0
0
0
0
0
0
0
0
0
0
0
0
0
0
0
0
0
0
0
0
0
0
0
0
0
0
0
0
0
0
0
0
0
0
0
0
0
0
0
0
0
0
0
0
0
0
0
0
0
0
0
0
0
0
0
0
0
0
0
0
0
0
0
0
0
0
0
0
0
0
0
0
0
0
0
0
0
0
0
0
0
0
0
0
0
0
0
0
0
0
0
0
0
0
0
0
0
0
0
0
0
0
0
0
0
0
0
0
0
0
0
0
0
0
0.004398549222799257
0
0
0
0
0
0
0
0
0
0
0
0
0
0
0
0.0023690156181614603
0
0
0
0
0
0
0
0
0
0
0
0
0
0
0
0
0
0
0
0
0
0
0
0
0
0
0
0
0
0
0
0
0
0
0
0
0
0
0
0
0
0
0
0
0
0
0
0
0
0
0
0
0
0
0
0
0
0
0
0
0
0
0
0
0
0
0
0
0
0
0
0
0
0
0
0
0
0
0
0
0
0
0
0
0
0
0
0
0
0
0
0
0
0
0
0
0
0
0
0
0
0
0
0
0
0
0
0
0
0
0
0
0
0
0
0
0
0
0
0
0
0
0
0
0
0
0
0
0
0
0
0
0
0
0
0
0
0
0
0
0.0037680551376814424
0
0
0
0
0
0
0
0
0
0
0
0
0
0
0
0
0
0
0
0
0
0
0
0
0
0
0
0
0
0
0
0
0
0
0
0
0
0
0
0
0
0
0
0
0
0
0
0
0
0
0
0
0
0
0
0
0
0
0
0
0
0
0
0
0
0
0
0
0
0
0
0
0
0
0
0
0
0
0
0
0
0
0
0
0.0024726482186087466
0
0
0
0
0
0
0
0
0
0
0
0
0
0
0
0
0
0
0
0
0
0
0
0
0
0
0
0
0
0
0
0
0
0
0
0
0
0
0
0
0
0
0
0
0
0
0
0
0
0
0
0
0
0
0
0
0
0
0
0
0
0
0
0
0
0
0
0
0
0
0
0
0
0
0
0
0
0
0
0
0
0
0
0
0
0
0
0
0
0
0
0
0
0
0
0
0
0
0
0
0
0
0
0
0
0
0
0
0
0
0
0
0
0
0
0
0
0
0
0
0
0
0
0
0
0
0
0
0
0
0
0
0
0
0
0
0
0
0
0
0
0
0
0
0
0
0
0
0
0
0
0
0
0
0
0
0
0
0
0
0
0
0
0
0
0
0
0
0
0
0
0
0
0
0
0
0
0
0
0
0
0
0
0
0
0
0
0
0
0
0
0
0
0
0
0
0
0
0
0
0
0
0
0
0
0
0
0
0
0
0
0
0
0
0
0
0
0
0
0
0
0
0
0
0
0
0
0
0
0
0
0
0
0
0
0
0
0
0
0
0
0
0
0
0.0026392354163050583
0
0
0
0
0
0
0
0
0
0
0
0
0
0.0022972082674158627
0
0
0
0
0
0
0
0
0
0
0
0
0
0
0
0
0
0
0
0
0
0
0
0
0
0
0
0
0
0
0
0
0
0
0
0
0
0
0
0
0
0
0
0
0
0
0
0
0
0
0
0
0
0
0
0
0
0
0
0
0
0
0
0
0
0
0
0
0
0
0
0
0
0
0
0
0
0
0
0
0
0
0
0
0
0
0
0
0
0
0
0
0
0
0
0
0
0
0
0
0
0
0
0
0
0
0
0
0
0
0
0
0
0
0
0
0
0
0
0
0
0
0
0
0
0
0
0
0
0
0
0
0
0
0
0
0
0
0
0
0
0
0
0
0
0
0
0
0
0
0
0
0
0
0
0
0
0
0
0
0
0
0
0
0
0
0
0
0
0
0
0
0
0
0
0
0
0
0
0
0
0
0
0
0
0
0
0
0
0
0
0
0
0
0
0
0
0
0
0
0
0
0
0
0
0
0
0
0
0
0
0
0
0
0.001958932643667952
0
0
0
0
0
0
0
0
0
0
0
0
0
0
0
0
0
0
0
0
0
0
0
0
0
0
0
0
0
0
0
0
0
0
0
0
0
0
0
0
0
0
0
0
0
0
0
0
0
0
0
0
0
0
0
0
0
0
0
0
0
0
0
0
0
0
0
0
0
0
0
0
0
0
0
0
0
0
0
0
0
0
0
0
0
0
0
0
0
0
0
0
0
0
0
0
0
0
0
0
0
0
0
0
0
0
0
0
0
0
0
0
0
0
0
0
0
0
0
0
0
0
0
0
0
0
0
0
0
0
0
0
0
0
0
0
0
0
0
0
0
0
0
0
0
0
0
0
0
0
0
0
0
0
0
0
0
0
0
0
0
0
0
0
0
0
0
0
0
0
0
0
0
0
0
0
0
0
0
0
0
0
0
0
0
0
0
0
0
0
0
0
0
0
0
0
0
0
0
0
0
0
0
0
0
0
0
0
0
0
0
0
0
0
0
0
0
0
0
0
0
0
0
0
0
0
0
0
0
0
0
0
0
0
0
0
0
0
0
0
0
0
0
0
0
0
0
0
0
0
0
0
0
0
0
0
0
0
0
0
0
0
0
0
0
0
0
0
0
0
0
0
0
0
0
0
0
0
0
0
0
0
0
0
0
0
0
0
0
0
0
0
0
0
0
0
0
0
0
0
0
0
0
0
0
0
0
0
0
0
0
0
0
0
0
0
0
0
0
0
0
0
0
0
0
0
0
0
0
0
0
0
0
0
0
0
0
0
0
0
0
0
0
0
0
0
0
0
0
0
0
0
0
0
0
0
0
0
0
0
0
0
0
0
0
0
0
0
0
0
0
0
0
0
0
0
0
0
0
0
0
0
0
0
0
0
0
0
0
0
0
0
0
0
0
0
0
0
0
0
0
0
0
0
0
0
0
0
0
0
0
0
0
0
0
0
0
0
0
0
0
0
0
0
0
0
0
0
0
0
0
0
0
0
0
0
0
0
0
0
0
0
0
0
0
0
0
0
0
0
0
0
0
0
0
0
0
0
0
0
0
0
0
0
0
0
0
0
0
0
0
0
0
0
0
0
0
0
0
0
0
0
0
0
0
0
0
0
0
0
0
0
0
0
0
0
0
0
0
0
0
0
0
0
0
0
0
0
0
0
0
0
0
0
0
0
0
0
0
0
0
0
0
0
0
0
0
0
0
0
0
0
0
0
0
0
0
0
0
0
0
0
0
0
0
0
0
0
0
0
0
0
0
0
0
0
0
0
0
0
0
0
0
0
0
0
0
0
0
0
0
0
0
0
0
0
0
0
0
0
0
0
0
0
0
0
0
0
0
0
0
0
0
0
0
0
0
0
0
0
0
0
0
0
0
0
0
0
0
0
0
0
0
0
0
0
0
0
0
0
0
0
0
0
0
0
0
0
0
0
0
0
0
0
0
0
0
0
0
0
0
0
0
0
0
0
0
0
0
0
0
0
0
0
0
0
0
0
0
0
0
0
0
0
0
0
0
0
0
0
0
0
0
0
0
0
0
0
0
0
0
0.0023163547005579125
0
0
0
0
0
0
0
0
0
0
0
0
0
0
0
0
0
0
0
0
0
0
0
0
0
0
0
0
0
0
0
0
0
0
0
0
0
0
0
0
0
0
0
0
0
0
0
0
0
0
0
0
0
0
0
0
0
0
0
0
0
0
0
0
0
0
0
0
0
0
0
0
0
0
0
0
0
0
0
0
0
0
0
0
0
0
0
0
0
0
0
0
0
0
0
0
0
0
0
0
0
0
0
0
0
0
0
0
0
0
0
0
0
0
0
0
0
0
0
0
0
0
0
0
0
0
0
0
0
0
0
0
0
0
0
0.0020778030173590808
0
0
0
0
0
0
0
0
0
0
0
0
0
0
0
0
0
0
0
0
0
0
0
0
0
0
0
0
0
0
0
0
0
0
0
0
0
0
0
0
0
0
0
0
0
0
0
0
0
0
0
0
0
0
0
0
0
0
0
0
0
0
0
0
0
0
0
0
0
0
0
0
0
0
0
0
0
0
0
0
0
0
0
0
0
0
0
0
0
0
0
0
0
0
0
0
0
0
0
0
0
0
0
0
0
0
0
0
0
0
0
0
0.002443920692988691
0
0
0
0
0
0
0
0
0
0
0
0
0
0
0
0
0
0
0.0021217683162229792
0
0
0
0
0
0
0
0
0
0
0
0
0
0
0
0
0
0
0
0
0
0
0
0
0
0
0
0
0
0
0.018231969493804148
0
0
0
0
0
0
0
0
0
0
0
0
0
0
0
0
0
0
0
0
0
0
0
0
0
0
0
0
0
0
0
0
0
0
0
0
0
0
0
0
0
0
0
0
0
0
0
0
0
0
0
0
0
0
0
0
0
0
0
0
0
0
0
0
0
0
0
0
0
0
0
0
0
0
0
0
0
0
0
0
0
0
0
0
0
0
0
0
0
0
0
0
0
0
0
0
0
0
0
0
0
0
0
0
0
0
0
0
0
0
0
0
0
0
0
0
0
0
0
0
0
0
0
0
0
0
0
0
0
0
0
0
0
0
0
0
0
0
0
0
0
0
0
0
0
0
0
0
0
0
0
0
0
0
0
0
0
0
0
0
0
0
0
0
0
0
0
0
0
0
0
0
0
0
0
0
0
0
0
0
0
0
0
0
0
0
0
0
0
0
0
0
0
0
0
0
0
0
0
0
0
0
0
0
0
0
0
0
0
0
0
0
0
0
0
0
0
0
0
0
0
0
0
0
0
0
0
0
0
0
0
0
0
0
0
0
0
0
0
0
0
0
0
0
0
0
0
0
0
0
0
0
0
0
0
0
0
0
0
0
0
0
0
0
0
0
0
0
0
0
0
0
0
0
0
0
0
0
0
0
0
0
0
0
0
0
0
0
0
0
0
0
0
0
0
0
0
0
0
0
0
0
0
0
0
0
0
0
0
0
0
0
0
0
0
0
0
0
0
0
0
0
0
0
0
0
0
0
0
0
0
0
0
0
0
0
0
0
0
0
0
0
0
0
0
0
0.004356675787449468
0
0
0
0
0
0
0
0
0
0
0
0
0
0
0
0
0
0
0
0
0
0
0
0
0
0
0
0
0
0
0
0
0
0
0
0
0
0
0
0
0
0
0
0
0
0
0
0
0
0
0
0
0
0
0
0
0
0
0
0
0
0
0
0
0
0
0
0
0
0
0
0
0
0
0
0
0
0
0
0
0
0
0
0
0
0
0
0
0
0
0
0
0
0
0
0
0
0
0
0
0
0
0
0
0
0
0
0
0
0
0
0
0
0
0
0
0
0
0
0
0
0
0
0
0
0
0
0
0
0
0
0
0
0
0
0
0
0
0
0
0
0
0
0
0
0
0
0
0
0
0
0
0
0
0
0
0
0
0
0
0
0
0
0
0
0
0
0
0
0
0
0
0
0
0
0
0
0
0
0
0
0
0
0
0
0
0
0
0
0
0
0
0
0
0
0
0
0
0
0
0
0
0
0
0
0
0
0
0
0
0
0
0
0
0
0
0
0
0
0
0
0
0
0
0
0
0
0
0
0
0
0
0
0
0
0
0
0
0
0
0
0
0
0
0
0
0
0
0
0
0
0
0
0
0
0
0
0
0
0
0
0
0
0
0
0
0
0
0
0
0
0
0
0
0
0
0
0
0
0
0
0
0
0
0
0
0
0
0
0
0
0
0
0
0
0
0
0
0
0
0
0
0
0
0
0
0
0
0
0
0
0
0
0
0
0
0
0
0
0
0
0
0
0
0
0
0
0
0
0
0
0
0
0
0
0
0
0
0
0
0
0
0
0
0
0
0
0
0
0
0
0
0
0
0
0
0
0
0
0
0
0
0
0
0
0
0
0
0
0
0
0
0
0
0
0
0
0
0
0
0
0
0
0
0
0
0
0
0
0
0
0
0
0
0
0
0
0
0
0
0
0
0
0
0
0
0
0
0
0
0
0
0
0
0
0
0
0
0
0
0
0
0
0
0
0
0
0
0
0.002663325943045473
0
0
0
0
0
0
0
0
0
0
0
0
0
0
0
0
0
0
0
0
0
0
0
0
0
0
0
0
0
0
0
0
0
0
0
0
0
0
0
0
0
0
0
0
0
0
0
0
0
0
0
0
0
0
0
0
0
0
0
0
0
0
0
0
0
0
0
0
0
0
0
0
0
0
0
0
0
0
0
0
0
0
0
0
0
0
0
0
0
0
0
0
0
0
0
0
0
0
0
0
0
0
0
0
0
0
0
0
0
0
0
0
0
0
0
0
0
0
0
0
0
0
0
0
0
0
0
0
0
0
0
0
0
0
0
0
0
0
0
0
0
0
0
0
0
0
0
0
0
0
0
0
0
0
0
0
0
0
0
0
0
0
0
0
0
0
0
0
0
0
0
0
0
0
0
0
0
0
0
0
0
0
0
0
0
0
0
0
0
0
0
0
0
0
0
0
0
0
0
0
0
0
0
0
0
0
0
0
0
0
0
0
0
0
0
0
0
0
0
0
0
0
0
0
0
0
0
0
0
0
0
0
0
0
0
0
0
0
0
0
0
0
0
0
0
0
0
0
0
0
0
0
0
0
0
0
0
0
0
0
0
0
0
0
0
0
0
0
0
0
0
0
0
0
0
0
0
0
0
0
0
0
0
0
0
0
0
0
0
0
0
0
0
0
0
0
0
0
0
0
0
0
0
0
0
0
0
0
0
0
0
0
0
0
0
0
0
0
0
0
0
0
0
0
0
0
0
0
0
0
0
0
0
0
0
0
0
0
0
0
0
0
0
0
0
0
0
0
0
0
0
0
0
0
0
0
0
0
0
0
0
0
0
0
0
0
0
0
0
0
0
0
0
0
0
0.010389015086795404
0
0
0
0
0
0
0
0
0
0
0
0
0
0
0
0
0
0
0
0
0
0
0
0
0
0
0
0.00438432884581479
0
0
0
0
0
0
0
0
0
0
0
0
0
0
0
0
0
0
0
0
0
0
0
0
0
0
0
0
0
0
0
0
0
0
0
0
0
0
0
0
0
0
0
0
0
0
0
0
0
0
0
0
0
0
0
0
0
0
0
0
0
0
0
0
0
0
0
0
0
0
0
0
0
0
0
0
0
0
0
0
0
0
0
0
0
0
0
0
0
0
0
0
0
0
0
0
0
0
0
0
0
0
0
0
0
0
0
0
0
0
0
0
0
0
0
0
0
0
0
0
0
0
0
0
0
0
0
0
0
0
0
0
0
0
0
0
0
0
0
0
0
0
0
0
0
0
0
0
0
0
0
0
0
0
0
0
0
0
0
0
0
0
0
0
0
0
0
0
0
0
0
0
0
0
0
0
0
0
0
0
0
0
0
0
0
0
0
0
0
0
0
0
0
0
0
0
0
0
0
0
0
0
0
0
0
0
0
0
0
0
0
0
0
0
0
0
0
0
0
0
0
0
0
0
0
0
0
0
0
0
0
0
0
0
0
0
0
0
0
0
0
0
0
0
0
0
0
0
0
0
0
0
0
0
0
0
0
0
0
0
0
0
0
0
0
0
0
0
0
0
0
0
0
0
0
0
0
0
0
0
0
0
0
0
0
0
0
0
0
0
0
0
0
0
0
0
0
0
0
0
0
0
0
0
0
0
0
0
0
0
0
0
0
0
0
0
0
0
0
0
0
0
0
0
0
0
0
0
0
0
0
0
0
0
0
0
0
0
0
0
0
0
0
0
0
0
0
0
0
0
0
0
0
0
0
0
0
0
0
0
0
0
0
0
0
0
0
0
0
0
0
0
0
0
0
0
0
0
0
0
0
0
0
0
0
0
0
0
0
0
0
0
0
0
0
0
0
0
0
0
0
0
0
0
0
0
0
0
0
0
0
0
0
0
0
0
0
0
0
0
0
0
0
0
0
0
0.0026392354163050583
0
0
0
0
0
0
0
0
0
0
0
0
0
0
0
0
0
0
0
0
0
0
0
0
0
0
0
0
0
0
0
0
0
0
0
0
0
0
0
0
0
0
0
0
0
0
0
0
0
0
0
0
0
0
0
0
0
0
0
0
0
0
0
0
0
0
0
0
0
0
0
0
0
0
0
0
0
0
0
0.005233211689783365
0
0
0
0
0
0
0
0
0
0
0
0
0
0
0
0
0
0
0
0
0
0
0
0
0
0
0
0
0
0
0
0
0
0
0
0
0
0
0
0
0
0
0
0
0
0
0
0
0
0
0
0
0
0
0
0
0
0
0
0
0
0
0
0
0
0
0
0
0
0
0
0
0
0
0
0
0
0
0
0
0
0
0
0
0
0
0
0
0
0
0
0
0
0
0
0
0
0
0
0
0
0
0
0
0
0
0
0
0
0
0
0
0
0
0
0
0
0
0
0
0
0
0
0
0
0
0
0
0
0
0
0
0
0
0
0
0
0
0
0
0
0
0
0
0
0
0
0
0
0.002537729736766558
0
0
0
0
0
0
0
0
0
0
0
0
0
0
0
0
0
0
0
0
0
0
0
0
0
0
0
0
0
0
0
0
0
0
0
0
0
0
0
0
0
0
0
0
0
0
0
0
0
0
0
0
0
0
0
0
0
0
0
0
0
0
0
0
0
0
0
0
0
0
0
0
0
0
0
0
0
0
0
0
0
0
0
0
0
0
0
0
0
0
0
0
0
0
0
0
0
0
0
0
0
0
0
0
0
0
0
0
0
0
0
0
0
0
0
0
0.002575088250598952
0
0
0
0
0
0
0
0
0
0
0
0
0
0
0
0
0
0
0
0
0
0
0
0
0
0
0
0
0.0025952701174411603
0
0
0
0
0
0
0
0
0
0
0
0
0
0
0
0
0
0
0
0
0
0
0
0
0
0
0
0
0
0
0
0
0
0
0
0
0
0
0
0
0
0
0
0
0
0
0
0
0
0
0
0
0
0
0
0
0
0
0
0
0
0
0
0
0
0
0
0
0
0
0
0
0
0
0
0
0
0
0
0
0
0
0
0
0
0
0
0
0
0
0
0
0
0
0
0
0
0
0
0
0
0
0
0
0
0
0
0
0
0
0
0
0
0
0
0
0
0
0
0
0
0
0
0
0
0
0
0
0
0
0
0
0
0
0
0
0
0
0
0
0
0
0
0
0
0
0
0
0
0
0
0
0
0
0
0
0
0
0
0
0
0
0
0
0
0
0
0
0
0
0
0
0
0
0
0
0
0
0
0
0
0
0
0
0
0
0
0
0
0
0
0
0
0
0
0
0
0
0
0
0.0026890791612190273
0
0
0
0
0
0
0
0
0
0
0
0
0
0
0
0
0
0
0
0
0
0
0
0
0
0
0
0
0
0
0
0
0
0
0
0
0
0
0
0
0
0
0
0
0
0
0
0
0
0
0
0
0
0
0
0
0
0
0
0
0
0
0
0.002443920692988691
0
0
0
0
0
0
0
0
0
0
0
0
0
0
0
0
0
0
0
0
0
0
0
0
0
0
0
0
0
0
0
0
0
0
0
0
0
0
0
0
0
0
0
0
0
0
0
0
0
0
0
0
0
0
0
0
0
0
0
0
0
0
0
0
0
0
0
0
0
0
0
0
0
0
0
0
0
0
0
0
0
0
0
0
0
0
0
0
0
0
0
0
0
0
0
0
0
0
0
0
0
0
0
0
0.004166047424770226
0
0
0
0
0
0
0
0
0
0
0
0
0
0
0
0
0
0
0
0
0
0
0
0
0
0.0024303456111779875
0
0
0
0
0
0
0
0
0
0
0
0
0
0
0
0
0
0
0
0
0
0
0
0
0
0
0
0
0
0
0
0
0
0
0
0
0
0
0
0
0
0
0
0
0
0
0
0
0
0
0
0
0
0
0
0
0
0
0
0
0
0
0
0
0
0
0
0
0
0
0
0
0
0
0
0
0
0
0
0
0
0
0
0
0
0
0
0
0
0
0
0
0
0
0
0
0
0
0
0
0
0
0
0
0
0
0
0
0
0
0
0
0
0
0
0
0
0
0
0
0
0
0
0
0
0
0
0
0
0
0
0
0
0
0
0
0
0
0
0
0
0
0
0
0
0
0.002716741711481708
0
0
0
0
0
0
0
0
0
0
0
0
0
0
0
0
0
0
0
0
0
0
0
0
0
0
0
0
0
0
0
0
0
0
0
0
0.002537729736766558
0
0
0
0
0
0
0
0
0
0
0
0
0
0
0
0
0
0
0
0
0
0
0
0
0
0
0
0
0
0
0
0
0
0
0
0
0
0
0
0
0
0
0
0
0
0
0
0
0
0
0
0
0
0
0
0
0
0
0
0
0
0
0
0
0
0
0
0
0
0
0
0
0
0
0
0
0
0
0
0
0
0
0
0
0
0
0
0
0
0
0
0
0
0
0
0
0
0
0
0
0
0
0
0
0
0
0
0
0
0
0
0
0
0
0
0
0
0
0
0
0
0
0
0
0
0
0
0
0
0
0
0
0
0
0
0
0
0
0
0
0
0
0
0
0
0
0
0
0
0
0
0
0
0
0
0
0
0
0
0
0
0
0
0
0
0
0
0
0
0
0
0
0
0
0
0
0
0
0
0
0
0
0
0
0
0
0
0
0
0
0
0
0
0
0
0
0
0
0
0.0025952701174411603
0
0
0
0
0
0
0
0
0
0
0
0
0
0
0
0
0
0
0
0
0
0
0
0
0
0
0
0
0
0
0
0
0
0
0
0
0
0
0
0
0
0
0
0
0
0
0
0
0
0
0
0
0
0
0.0025952701174411603
0
0
0
0
0
0
0
0
0
0
0
0
0
0
0
0
0
0
0
0
0
0
0
0
0
0
0
0
0
0
0
0
0
0
0
0
0
0
0
0
0
0
0
0
0
0
0
0
0
0
0
0
0
0
0
0
0
0
0
0
0
0
0
0
0
0
0
0
0
0
0
0
0
0
0
0
0
0
0
0
0
0
0
0
0
0
0
0
0
0
0
0
0
0
0
0
0
0
0
0
0
0
0
0
0
0
0
0
0
0
0
0
0
0
0
0
0
0
0
0
0
0
0
0
0
0
0
0
0
0
0
0
0
0
0
0
0
0
0
0
0
0
0
0
0
0
0
0
0
0
0
0
0
0
0
0
0
0
0
0
0
0
0
0
0
0
0
0
0
0
0
0
0
0
0
0
0
0
0
0
0
0
0
0
0
0
0
0
0
0
0
0
0
0
0
0
0
0
0
0
0
0
0
0
0
0
0
0
0
0
0
0
0
0
0
0
0
0
0
0
0
0
0
0
0
0
0
0
0
0
0
0
0
0
0
0
0
0
0
0
0
0
0
0
0
0
0
0
0
0
0
0
0
0
0
0
0
0
0
0
0
0
0
0
0
0
0
0
0
0
0
0
0
0
0
0
0
0
0
0
0
0
0
0
0
0
0
0
0
0
0
0
0
0
0
0
0
0
0
0
0
0
0
0
0
0
0
0
0
0
0
0
0
0
0
0
0
0
0
0
0
0
0
0
0
0
0
0
0
0
0
0
0
0
0
0
0
0
0
0
0
0
0
0
0
0
0
0
0
0
0
0
0
0
0
0
0
0
0
0
0
0
0
0
0
0
0
0
0
0
0
0
0
0
0
0
0
0
0
0
0
0
0
0
0
0
0
0
0
0
0
0
0
0
0
0
0
0
0
0
0
0
0
0
0
0
0
0
0
0
0
0
0
0
0
0
0
0
0
0
0
0
0
0
0
0
0
0
0
0
0
0
0
0
0
0
0
0
0
0
0
0
0
0
0
0
0
0
0
0
0
0
0
0
0
0
0
0
0
0
0
0
0
0
0
0
0
0
0
0
0
0
0
0
0
0
0
0
0
0
0.056293507349958846
0
0
0
0
0
0
0
0
0
0
0
0
0
0
0
0
0
0
0
0
0
0
0
0
0
0
0
0
0
0
0
0
0
0
0
0
0
0
0
0
0
0
0
0
0
0
0
0
0
0
0
0
0
0
0
0
0
0
0
0
0
0
0
0
0
0
0
0
0
0
0
0
0
0
0
0
0
0
0
0
0
0
0
0
0
0
0
0
0
0
0
0
0
0
0
0
0
0
0
0
0
0
0
0
0
0
0
0
0
0
0
0
0
0
0
0
0
0
0
0
0
0
0
0
0
0
0
0
0
0
0
0.002503772372747997
0
0
0
0
0
0
0
0
0
0
0
0
0
0
0
0
0
0
0
0
0
0
0
0
0
0
0
0
0
0
0
0
0
0
0
0
0
0
0
0
0
0
0
0
0
0
0
0
0
0
0
0
0
0
0
0
0
0
0.013733097709468145
0
0
0
0
0
0
0
0
0
0
0
0
0
0
0
0
0
0
0
0
0
0
0
0
0
0
0
0
0
0
0
0
0
0
0
0
0
0
0
0
0
0
0
0
0
0
0
0
0
0
0
0
0
0
0
0
0
0
0
0
0
0
0
0
0
0
0
0
0
0
0
0
0
0
0
0
0
0
0
0
0
0
0
0
0
0
0
0
0
0
0
0
0
0
0
0
0
0
0
0
0
0
0
0
0
0
0
0
0
0
0
0
0
0
0
0
0
0
0
0
0
0
0
0
0
0
0
0
0
0
0
0
0
0
0
0
0
0
0
0
0
0
0
0
0
0
0
0
0
0
0
0
0
0
0
0
0
0
0
0
0
0
0
0
0
0
0
0
0
0
0
0
0
0
0
0
0
0
0
0
0
0
0
0
0
0
0
0
0
0
0
0
0
0
0
0
0
0
0
0
0
0
0
0
0
0
0
0
0
0
0
0
0
0
0
0
0
0
0
0
0
0
0
0
0
0
0
0
0
0
0
0
0
0
0
0
0
0
0
0
0
0
0
0
0
0
0
0
0
0
0
0
0
0
0
0
0
0
0
0
0
0
0
0
0
0
0
0
0
0
0
0
0
0
0
0
0
0
0
0
0
0
0
0
0
0
0
0
0
0
0
0
0
0
0
0
0
0
0
0
0
0
0
0
0
0
0
0
0
0
0
0
0
0
0
0
0
0
0
0
0
0
0
0
0
0
0
0
0
0
0
0
0
0
0
0
0
0
0
0
0
0
0
0
0
0
0
0
0
0
0
0
0
0
0
0
0
0
0
0
0
0
0
0
0
0
0
0
0
0
0
0
0
0
0
0
0
0
0
0
0
0
0
0
0
0
0
0
0
0
0
0
0
0
0
0
0
0
0
0
0
0
0
0
0
0
0
0
0
0
0
0
0
0
0
0
0.0022370111238562804
0
0
0
0
0
0
0
0
0
0
0
0
0
0
0
0
0
0
0
0
0
0
0
0
0
0
0
0
0
0
0
0
0
0
0
0
0
0
0
0
0
0
0
0
0
0
0
0
0
0
0
0
0
0
0
0
0
0
0
0
0
0
0
0
0
0
0
0
0
0
0
0
0
0
0
0
0
0
0
0
0
0
0
0
0
0
0
0
0
0
0
0
0
0
0
0
0
0
0
0
0
0
0
0
0
0
0
0
0
0
0
0
0
0
0
0
0
0
0
0
0
0
0
0
0
0
0
0
0
0
0
0
0
0
0
0
0
0
0
0
0
0
0
0
0
0
0
0
0
0
0
0
0
0
0
0
0
0
0
0
0
0
0
0
0
0
0
0
0
0
0
0
0
0
0
0
0
0
0
0
0
0
0
0
0
0
0
0
0
0
0
0
0.010986478167574516
0
0
0
0
0
0
0
0
0
0
0
0
0
0
0
0
0
0
0
0
0
0
0
0
0
0
0
0
0
0
0
0
0
0
0
0
0
0
0
0
0
0
0
0
0
0
0
0
0
0
0
0
0
0
0
0
0
0
0
0
0
0
0
0
0
0
0
0
0
0
0
0
0
0
0
0
0
0
0
0
0
0
0
0
0
0
0
0
0
0
0
0
0
0
0
0
0
0
0
0
0
0
0
0
0
0
0
0
0
0
0
0
0
0
0
0
0
0
0
0
0
0
0
0
0
0
0
0
0
0
0
0
0
0
0
0
0
0
0
0
0
0
0
0
0
0
0
0
0
0
0
0
0
0
0
0
0
0
0
0
0
0
0
0
0
0
0
0
0
0
0
0
0
0
0
0
0
0
0
0
0
0
0
0
0
0
0
0
0
0
0
0
0
0
0
0
0
0
0
0
0
0
0
0
0
0
0
0
0
0
0
0
0
0
0
0
0
0
0
0
0
0
0
0
0
0
0
0
0
0
0
0
0
0
0
0
0
0
0
0
0
0
0
0
0
0
0
0
0
0
0
0
0
0
0
0
0
0
0
0
0
0
0
0
0
0
0
0
0
0
0
0
0
0
0
0.003895578640714268
0
0.0025203650426139294
0
0
0
0
0
0
0
0
0
0
0
0
0
0
0
0
0
0
0.03248517881997268
0
0
0
0
0
0
0
0
0
0
0
0
0
0
0
0
0
0
0
0
0
0
0
0
0
0
0
0
0
0
0
0
0
0
0
0
0
0
0
0
0
0
0
0
0
0
0
0
0
0
0
0
0
0
0
0
0
0
0
0
0
0
0
0
0
0
0
0
0
0
0
0
0
0
0
0
0
0
0
0
0
0
0
0
0
0
0
0
0
0
0
0
0
0
0
0
0
0
0
0
0
0
0
0
0
0
0
0
0
0
0
0
0
0
0
0
0
0
0
0
0
0
0
0
0
0
0
0
0
0
0
0
0
0
0
0
0
0
0
0
0
0
0
0
0
0
0
0
0
0
0
0
0
0
0
0
0
0
0
0
0
0
0
0
0
0
0
0
0.005201123596030467
0
0
0
0
0.05409635565482404
0
0
0
0
0
0
0
0
0
0
0
0
0
0
0.0043432241222738956
0.012661692408722525
0
0
0
0
0
0
0
0
0
0
0
0
0
0
0
0
0
0
0
0
0
0
0
0
0
0
0
0
0
0
0
0
0
0
0
0
0
0
0
0
0
0
0
0
0
0
0
0
0
0
0
0
0
0
0.0072137771790133
0
0
0
0
0.050959803412274074
0
0
0.0024726482186087466
0
0.005075459473533116
0
0.0022616314925728897
0.005558197185309938
0.0295798707734093
0.008444026102493826
0
0
0
0
0
0
0
0
0
0
0
0
0
0
0
0
0
0
0
0
0
0
0
0.04302772484554574
0.025253620131097103
0
0
0
0
0
0
0
0
0
0
0
0
0
0
0
0
0
0
0
0
0
0
0
0
0
0
0
0
0
0
0
0
0
0
0
0
0
0
0
0
0
0
0
0
0
0
0
0
0
0
0
0
0
0
0
0
0
0
0
0
0
0
0
0
0
0
0
0
0
0
0
0
0
0
0
0
0
0
0
0
0
0
0
0
0
0
0
0
0
0
0
0
0
0
0
0
0
0
0
0
0
0
0
0
0
0
0
0
0
0
0
0
0
0
0
0
0
0
0
0
0
0
0
0
0
0
0
0
0
0
0
0
0
0
0
0
0
0
0
0
0
0
0
0
0
0
0
0
0
0
0
0
0
0
0
0
0
0
0
0
0
0
0
0
0
0
0
0
0
0
0
0
0
0
0
0
0
0
0
0
0
0
0
0
0
0
0
0
0
0
0
0
0
0
0
0
0
0
0
0
0
0
0
0
0
0
0
0
0
0
0
0
0
0
0
0
0
0
0
0
