0
0
-2.9604780042122616e-08
0
0
0
0
0
0
0
0
0.0016373172386898378
0.014989267619725726
0
0.001090722201541566
0
0
0
0
0
0
0
0.0007488639255965488
0.001603631179177533
0.0010442845219824836
0
0.0008518348528193847
0
0
0.001228923745531436
0
0
0.0015780296032411665
0
0.0022330276149696133
0.0015848575008773245
0
0
0
0.0032901483815653025
0
0.0031331737793384683
0
0
0
0
0.00111877223659722
0.0019084080626998443
0
0.0012528073980798387
0.033538611415029396
0.041601722007236205
0.003940804086620367
0.0032724025903443656
0.0005472409652870879
0
0
0.0014593393217866332
0
0
0
0.003982657783908471
0.0010107286235886755
0
0.001969443770509764
0.020527602114805477
0.0019153959957924852
0
0.002137283844525328
0.0019848571101588777
0.0007786637573202888
0
0
0.0015047284279915895
0
0
0.0015930786001883894
0
0
0
0
0
0
0
0.002868964995661485
0
0.00220648086160961
0
0.0018858394359774237
0
0
0
0
0.0016766531863844655
0.003224959790800979
0.001261142811782836
0
0.0012292973093601298
0.0033914740979551217
0
0
0
0.005753954445400085
0.011523024215135026
0
0.006196863601340033
0
0
0
0
0
0
0
0.002701163951369519
0.0019360085951464917
0
0.0017605183606200867
0.0027525251400314617
0
0
0.001804850772724236
0
0
0
0
0.024013125216750097
0.007529026993544286
0
0.0025889650898858457
0.00451387482987815
0.0010152149466216118
0
0
0
0
0
0
0.019253723359595312
0.0020047515433272117
0
0
0.0020078157951242404
0
0
0
0
0
0
0.001106739858708366
0.0042482662773605994
0
0
0
0
0.0013323593560462838
0
0
0.002041852702825229
0
0
0
0.0018990802865950977
0.002808081243215536
0
0.0011490492268432613
0
0.0011728848381693932
0
0
0
0
0
0
0.004995519703010417
0
0
0
0
0
0
0
0
0.0028830520573344034
0.0026599043996452525
0
0.0011427249762295292
0
0.0019817401573908855
0
0.002760338174626556
0
0
0.002075141016482766
0
0
0.0006802254408313235
0.004916169806544601
0
0.00149339672139269
0
0.0014051706959706145
0.0009872671705289267
0.0009689604110338893
0.002191167090357918
0
0
0
0
0
0.003092776601493794
0
0
0.003945410045120648
0
0
0
0
0
0.004391048857322192
0
0.0023298842058380067
0.007853583296032219
0.0008389266080643346
0
0
0
0.0012855090707663672
0
0
0
0
0
0.028983550833578838
0
0.0019135593760060568
0.001249110433893982
0
0.0010638891941738345
0
0
0
0.0016992830666914904
0
0
0
0.0012751511269391597
0
0
0
0
0.0017906449369446272
0
0.0023722696455522763
0.0015799088998398538
0.005431549322623269
0.001173882001309829
0.0014626478685580944
0
0.0011490492268432613
0.0009239527549884288
0
0
0
0
0
0
0
0
0
0
0.004232689310345663
0
0
0
0.0017469154815010724
0.0010351310458362563
0
0.0018318406055535064
0.0006178978942164582
0
0
0
0
0.0006458919809028699
0.002804301029625761
0.003911582927495118
0.00520325086365199
0
0
0
0
0.0016586622364577498
0
0.004831340095755914
0.0015842300220628095
0
0.0013383003756968288
0.006087901146041991
0.0033914740979551217
0.009664866299197673
0
0
0
0.0011304913659850404
0.0020488204635633733
0.005949676669338675
0
0
0
0
0.001693540936009752
0.001058554929901065
0
0
0.001099762133468309
0
0
0
0.002095998948578374
0
0
0
0
0.0010417568189715837
0
0
0
0
0
0
0.006669550649228749
0
0.0006659806384831827
0.0006646918186121923
0
0
0.0015060860673337371
0
0.0007039821611374565
0
0.0028689895796130023
0
0
0
0
0.0010490963972339259
0.00323146691969136
0
0
0
0
0
0
0
0.0008916696402935788
0.0008344576699798148
0
0
0
0
0.0006439455918986189
0
0
0
0
0
0
0
0
0
0.002095095311842732
0
0
0.0022678644687718083
0.0069901636895608465
0
0
0
0.002799031434327726
0
0
0.0008953224684723136
0
0
0.008777388261302109
0
0
0.00415273489908549
0
0
0.0019071394408824258
0
0.0006963158718983725
0
0
0
0
0.002406715419949414
0
0
0.0012517859990569889
0
0.0007390387604472279
0
0
0
0.006526637374248498
0
0.000917719060929745
0.0007956207415054184
0
0
0.005422066635268326
0.0015930786001883894
0
0.0012868878842831192
0.0010249951360896356
0
0
0
0.0011195931703290364
0
0.0010693275481937848
0.002082540420723957
0
0.001457073546733493
0
0
0
0.0011028417979573237
0
0.0006681973609186825
0
0
0
0
0
0.0014332831763457683
0
0.002727810422438197
0.0007559090223591655
0
0
0
0
0.0011789220446301457
0
0.0027049430411049593
0
0
0
0
0.003175671582149585
0
0.0009767297447931577
0
0.0024584930312394984
0.001037570508241383
0
0
0
0
0
0.0012824284803404098
0
0
0
0
0
0
0.0009646834964088446
0.0021469542114899948
0
0
0.0009377343256166286
0
0
0
0
0
0
0
0
0
0.0011481369288095463
0
0.0010659161616568557
0
0
0
0
0.00205706115262928
0
0
0.0021157905370539328
0
0
0
0
0.0017524393369653343
0
0
0
0.0014780775208944558
0
0.002082540420723957
0.0009586193435301611
0
0
0
0.0009225011081441217
0
0
0.0011967044387818427
0.0022025954240218848
0
0
0
0
0
0.0011989511865559104
0
0
0
0
0
0
0.0008986514545718543
0
0.0008223129212232285
0.0008323964375491768
0
0
0
0.0008860741164986053
0.01691158905331
0.0202802675594188
0.0014087050713552105
0
0.012184949283889662
0.0016592472800169243
0.00286182530160864
0.0008795963753217721
0
0.0037839587607292925
0
0
0.0008534121450905388
0.00156807552442288
0.003276870841623673
0
0
0.0007172473949032506
0.0033861514482765296
0
0.0015425259412166366
0.000738409861796522
0
0.00874962441080911
0
0
0.002153529468287879
0.001204470313450052
0
0
0
0.0012530637881280839
0
0
0
0
0.0012899009601204145
0.0005287599787926143
0.0056431259433103904
0
0
0.0005566591136798294
0
0
0.0012991407057494281
0.0007585975332431693
0
0.000746698360696345
0
0
0
0.004346747076404398
0
0.0006785311693496116
0
0.0014411330687630936
0.0013236761989170209
0
0.0026014217781199574
0.0035871884442732183
0.0024301140478317626
0
0
0
0
0.002221386425884935
0
0
0
0
0.0008744318025811121
0.0008465378620691324
0.001556898530815281
0
0.0009526843307178498
0
0.0016111325294850415
0.0014916736486113784
0
0.0009976873299691776
0
0.000740511732998525
0
0.00047102521062429835
0
0
0
0
0
0
0.0034922021023483284
0.0008521495979690924
0.000841339669029528
0
0.0018101002723298336
0
0
0
0
0
0.0007377823790539197
0
0
0
0
0.0005519003254959706
0.00827747702708474
0.00433350263208213
0
0
0.001030601198972528
0
0
0.005271730279279044
0
0.0010381837247713725
0.0009411805123420885
0.0007707921819821073
0
0
0
0.0011463212429062035
0.001758584433601676
0.0035681311049651915
0
0
0
0.0013520178372945868
0.0008309334063657476
0
0
0
0
0
0
0
0.0017060889122728774
0
0.0013236271633359508
0
0
0
0
0
0.0005928330924967798
0
0.0020435595028308797
0
0
0
0
0
0
0.0006907896845778681
0.0011931685001407195
0
0
0
0
0
0
0.0007469141615591947
0
0
0.0012839070344735461
0
0.002034970966023501
0
0
0.0006776878803539213
0.0005432428272812357
0
0
0
0
0
0
0
0.0010309127002216798
0
0
0
0
0.0011882303725013407
0.001483085793052395
0
0
0
0
0
0.000737364840698005
0
0
0
0.002436359938043232
0.0047954058051753725
0.0009694397005766782
0.0007917905373794347
0.0009195062867771016
0
0
0.000856593764121664
0
0
0
0.005269848778697068
0
0
0.0015087052363047856
0
0
0.0007315840479703527
0.0008700319681522825
0
0.0029898828210532364
0
0.01305701108491984
0
0
0
0
0.009384055688867519
0
0
0
0
0
0
0.002689283154909706
0
0.0023147942855055587
0.0008967971110683046
0
0
0
0
0.0032635194580710354
0
0
0
0.013802800773039532
0
0
0.0010552721263356768
0.001682679338059056
0.0008598121232144098
0
0
0.0009171105115625537
0.0047954058051753725
0
0
0
0
0
0.0010303152577625797
0
0
0
0.0020441656256495384
0.0040077294274845285
0
0
0.0008578766515441726
0.0006961358868740702
0.0027361351557359764
0.0017546242417780414
0
0
0.0016700988087712673
0
0
0
0
0.003072668373597939
0
0.0006043709323179123
0.0016251630413838998
0.0008761427152618046
0
0.003776467098509756
0
0
0.0017447849508606258
0
0
0.0006531987491440369
0
0.001004131704947119
0
0
0
0.002457847491062872
0.0014021505148128805
0
0
0.0021264336021685256
0
0.0007966510820520534
0
0
0.0014310783377230604
0
0
0.0029394906477689864
0.0023129143053056485
0
0
0.003975983180801994
0.00220648086160961
0.004483985555341523
0
0
0.0012822501990816513
0
0
0
0
0
0
0
0.004018702093067475
0
0.004166628761002811
0
0.002457847491062872
0
0.002646618191304123
0
0.0009976873299691776
0
0
0.0009651554809423823
0.0008374289859737149
0
0
0
0
0
0.00817994620210428
0.0034951002695527483
0
0
0.0057781002486481286
0
0
0
0
0
0
0
0
0
0
0
0.00044794026660884543
0
0
0
0.0011463212429062035
0
0
0
0
0
0
0.003029896667793001
0
0.0023860912512930375
0.0043510915828323315
0
0.0014282612963282993
0
0
0
0.000841339669029528
0
0
0
0
0.0016702767003375068
0
0
0
0
0
0.0023036083529242826
0
0
0
0
0.0006581785676174795
0
0
0.0007852737145714918
0
0.0014543276447148165
0
0
0.0029279720354644092
0.0018017861526216689
0
0
0
0
0
0.001483085793052395
0
0
0
0
0
0.0018002877280610219
0.0013323593560462838
0
0.001720920557712808
0
0
0.0008895007048303528
0
0
0
0
0
0.005488410930810134
0
0
0
0
0
0
0.0014718167257512795
0
0.006487493409536098
0.0014332831763457683
0
0
0
0
0
0
0
0
0
0.0012465056784819871
0
0
0
0
0
0.0012875928623553344
0
0.0011436197018789853
0
0.002630510826710019
0.003158020328108098
0.0013219715648541902
0
0
0.0015151563977861705
0
0
0.0022077250886269194
0.0017899100474500574
0.002012109646560875
0
0.000884858459895103
0
0
0
0
0
0.0011427249762295292
0.0009960992527354435
0
0
0.0012557308592028192
0
0
0
0.005713045185313197
0.0011472276072836776
0.0029257692043433963
0
0.0012809577286400633
0
0
0
0
0
0.0017634696231252898
0
0
0
0
0.0009096569650253433
0.0007340468634108483
0
0.0011330680265603057
0
0.0008730705945007259
0
0.0011262491714448077
0
0
0
0
0.0025349966755181773
0.005089170282375157
0
0.000864710435594986
0
0
0
0.00428439755997357
0
0
0
0.00217996388800057
0
0.0010019669810514503
0
0
0
0.002145562416507505
0
0
0
0
0
0
0
0
0
0
0.001296026630889304
0.007719892585701266
0
0
0.0009143412231960181
0
0
0
0
0
0.002806805696970689
0
0.003496967679575459
0
0
0
0
0
0.003998559892015253
0.0013543739634372064
0
0.002125092052541678
0
0
0.0013377021420294833
0
0
0.0008820396565960705
0.002123687584685813
0.0014248740193814567
0
0
0
0.0015018821366408932
0
0
0.0025872415175830716
0.0010469135104818077
0
0
0
0
0.001459846771608958
0
0
0
0.0011518041764621413
0
0
0.0014626478685580944
0
0
0.0012205319391012882
0
0
0
0
0
0
0.004133261439731655
0
0
0
0
0
0
0
0
0.0009924285550794389
0
0
0
0
0
0.0010261686401410136
0.00132539132310163
0.005037053231507595
0
0.0012322738438793643
0
0
0
0
0.0013640859844322366
0
0
0
0.0008877060637263892
0
0
0
0
0.0007400900887419389
0
0
0
0
0
0
0
0
0
0
0
0
0
0.0016181036418067972
0.0020887825195589787
0
0.007624705531859007
0.0012000463030943413
0
0
0
0.003210044594828172
0
0
0
0
0
0.003465468960382225
0
0
0
0
0
0
0
0
0
0
0
0.002574589400972576
0
0
0
0.0010937030513511387
0
0
0
0.0010755752847920407
0
0.0010297190932562392
0.001708341230718151
0
0
0
0
0
0
0
0
0
0
0
0
0.0028432777893418345
0
0
0
0
0
0
0
0
0
0
0.0008707043612418543
0
0
0
0.0010291242012471441
0.008668134839011103
0
0
0
0
0
0
0
0
0
0
0.0010982349690968971
0
0.001160236285814929
0.0024030787472903055
0
0
0.003902986604013246
0
0
0
0
0.00325141958673167
0
0.0009081128790789623
0
0
0
0
0.001525544188978264
0
0.0008982795975447817
0.0018754686512332571
0
0
0
0
0.003658940620540089
0
0.0008537286775498274
0.02407171853733417
0
0
0
0
0.0017862634331203698
0.00132539132310163
0
0
0
0
0.004439592172859718
0
0
0
0.007087383237838629
0.002125092052541678
0.003902132667179936
0
0
0.0018398151850692467
0
0
0
0
0.0014409898461703252
0
0
0
0
0
0
0.0015084402462869897
0.009467300643867358
0
0.0014358284616198132
0
0.0008982795975447817
0.0007458368243056892
0
0
0.0005729426912029911
0
0.004629588571011117
0.0013449890093941218
0
0
0.00143839720607492
0
0
0
0
0
0
0
0
0
0
0
0
0
0
0.005700289525773969
0
0
0
0.004420696344193304
0
0
0
0
0.0010327127503998881
0
0
0
0.003651034156011306
0
0
0
0.0013487051551213975
0
0.0008499538099055249
0.0009459896901823231
0
0
0
0.002429377630451716
0
0
0
0
0
0
0.0011237345065619655
0
0.004140150921379665
0
0.0013086973037089128
0
0
0
0.0007700874867888636
0
0.0009473158154460959
0
0
0
0
0
0
0
0
0
0
0
0
0
0
0
0
0
0
0
0
0
0
0
0
0
0
0
0
0
0.0014770918674055266
0
0
0.0011499645209350087
0
0.001155520322189417
0.0019534594895863153
0
0.0016586622364577498
0
0
0
0
0
0
0
0
0
0
0
0.0054438928865767795
0
0
0.004648580975863479
0.004695108286188348
0
0.0018694554589163553
0
0
0
0
0
0
0
0
0
0
0.001636791663592227
0
0
0.001487816099645618
0
0
0.002556078612315079
0
0
0
0
0.0012229039261882194
0
0
0.007729586838366624
0.002366041495832028
0
0
0
0
0
0
0
0
0
0
0.0014044256850021673
0
0.0048045829585211955
0.0008700319681522825
0
0
0
0
0
0
0.003911634137623343
0
0
0
0.003965914694562571
0
0
0
0
0
0
0.0018946316308921917
0.002453797101056606
0
0.0012597799396272644
0
0
0
0.000934330230774394
0
0
0
0
0
0
0
0
0
0
0
0
0
0
0.0013377021420294833
0
0
0.0007971676842397131
0
0
0
0
0
0
0
0
0.00362926192438452
0.001203357709974707
0
0.0015553011497992525
0
0
0
0.0037591913643842513
0
0.0030653818175403282
0
0
0.0012452123731429398
0
0
0
0.003469434004502731
0
0
0
0
0.0012737181839345838
0
0
0
0
0
0
0.0034304464595357282
0
0
0
0
0
0
0
0
0
0
0
0
0
0
0
0
0
0
0
0
0
0
0
0
0
0
0
0
0.0012944825449429228
0.003394827190129434
0
0
0
0
0.0013022899686407137
0
0
0
0
0
0
0
0.0038445846995862833
0.0010387982934888513
0
0.001184054911627423
0
0.0028800212943025294
0
0
0
0.002773448133815747
0
0
0
0
0
0.0015475587963691868
0.00808864225532592
0
0
0
0
0.0013505819756847596
0
0
0.003911634137623343
0
0
0.0011138967746553259
0
0
0
0
0.006332687543043665
0
0
0
0
0.003292423540523798
0
0
0
0
0.0010255812704811572
0
0
0
0
0
0.0032947049072906912
0
0
0.00170162507921897
0
0
0
0
0
0
0
0
0
0
0
0
0
0
0.001955432637136552
0
0
0
0
0
0
0
0
0
0.004167862086774185
0
0
0
0
0
0
0
0
0
0
0
0.0012809577286400633
0
0
0
0
0
0
0.0008288979798927889
0
0
0
0
0
0
0
0
0
0
0
0.002326209297402739
0
0
0
0
0
0
0.0009390216572376695
0.004993747273230438
0
0
0
0
0
0
0
0
0
0
0
0
0
0
0
0
0
0
0
0
0
0
0
0
0
0
0
0
0
0
0.0010135241013924485
0
0
0
0.0016264680092777485
0.001031511426124213
0
0
0
0
0
0
0.0010605433340576632
0.01035738912599456
0
0
0
0
0
0.0016586622364577498
0
0
0.0025168473989584457
0
0
0
0
0
0
0
0
0
0.0011296377457145428
0
0
0
0
0
0
0
0
0.000998751097674501
0
0
0.0015475587963691868
0.004495980170456898
0
0
0
0
0
0
0
0
0
0
0.003339277276399811
0
0
0
0
0
0
0
0
0
0
0
0
0
0.0009309672119859
0.0009623354892574368
0
0.0008217475928337656
0
0
0
0
0
0
0
0
0
0
0
0
0
0
0
0
0
0
0
0
0
0
0
0
0
0
0
0
0.001076278202694134
0
0
0
0
0.0009364529127825625
0
0
0
0
0
0.0023036083529242826
0
0
0
0
0.001696791828574268
0
0
0.0017899100474500574
0
0
0
0
0
0
0
0
0
0
0.007776505748996263
0
0
0
0
0
0
0
0
0
0
0
0.003536766133890437
0
0.0026010783411821296
0
0
0.0015400257215676483
0.003787537143377296
0
0
0.00132539132310163
0
0
0
0
0
0
0
0
0
0.001195691420735623
0
0
0
0
0
0
0
0
0
0
0.0015475587963691868
0.002231024941553865
0
0
0
0
0
0
0
0.002633838678987892
0
0
0.0009084980993205875
0.0012868878842831192
0.0019153959957924852
0.0018575938049534802
0.002255876617478072
0
0.00111877223659722
0.0010798196328137312
0
0.00335631670979166
0
0
0
0
0
0
0
0
0
0
0
0
0
0
0.0009301327598642152
0
0
0.0020606305155251594
0
0
0.002818065027725188
0
0
0
0.0015943353684794261
0
0
0
0
0
0
0
0
0.0028055320936759384
0
0
0
0
0
0
0
0
0
0
0
0
0
0
0
0
0
0
0
0.00146833595987114
0
0.0010989975052783003
0
0
0
0
0
0.0015018821366408932
0
0
0
0
0
0
0
0
0
0
0
0
0
0
0
0
0
0
0
0
0
0
0
0
0
0
0
0
0
0
0
0
0
0.007607066489604357
0
0
0
0
0
0
0.0014462486210600639
0.0032059257667879917
0
0.004714387778536845
0
0.0011322064901696496
0
0
0
0
0
0.0013487051551213975
0
0
0
0
0
0
0
0
0
0
0
0
0
0
0
0
0
0
0
0
0.0009159203027767532
0
0
0
0
0
0
0
0
0.0015290946420934899
0
0
0
0
0
0
0
0.0012839070344735461
0
0
0
0
0
0
0
0
0
0
0
0
0
0.004399048533873236
0
0
0
0
0
0.0008283191493618973
0
0.0010339192752297616
0
0
0
0.0017524393369653343
0
0
0.00662695661550815
0
0
0
0
0
0
0
0
0
0
0
0
0
0
0
0
0
0
0
0
0
0
0
0
0
0
0
0
0
0
0.0013086973037089128
0
0
0
0
0
0
0
0
0.0009187054046155264
0
0
0.0018352853579987598
0
0
0
0
0
0
0
0
0
0
0
0.0016022173467945741
0
0
0
0
0.002428775851592034
0
0
0.001606901604965249
0
0
0
0
0
0
0
0
0
0
0
0
0
0
0
0
0
0
0
0
0
0.0012597799396272644
0
0
0
0
0
0
0
0
0
0
0
0
0
0
0
0
0
0
0
0
0
0
0
0
0
0.0009280574948742268
0
0.002316680627748725
0
0
0
0
0
0
0.0011075260561279985
0
0.001249110433893982
0.0013867240669078735
0
0
0.0013119570695292004
0
0
0
0
0
0
0
0
0
0
0
0
0
0
0
0
0
0
0
0
0
0
0
0
0
0
0
0
0
0
0
0
0
0
0.0014462486210600639
0
0
0
0
0
0
0
0
0
0.0015185761560336103
0
0
0
0
0
0
0
0
0
0
0
0
0.001079107737661809
0
0
0
0
0
0
0
0
0
0
0
0.0012824284803404098
0
0
0
0
0.012570571871056393
0
0
0.004930485557002594
0
0
0
0.0024956100264766894
0.0016644089720214998
0
0.0019227038526629296
0
0
0.001288390350457834
0
0
0
0.0011400579051547937
0.0016586622364577498
0
0
0
0
0
0
0
0
0
0
0
0.0013976551463820322
0
0
0.0012158476809306137
0
0
0
0.0012055873762698787
0
0
0
0
0
0
0
0
0
0
0
0
0
0
0
0
0
0
0.001495474801572694
0
0
0.0070175461146255
0
0
0
0
0.0025858939328005782
0
0
0
0
0
0.0014489156921347994
0.011725077778225413
0
0
0
0
0
0.00181463096219226
0
0.004609002560396908
0
0
0
0
0
0
0
0
0
0.007145053732481479
0
0
0
0
0
0
0
0
0
0
0
0
0
0
0
0
0
0
0
0.0013601604716446838
0
0
0
0
0
0
0.0020766160236332875
0
0
0
0
0
0
0
0
0.0037356371194288192
0
0.0013888762536676035
0
0
0.0011935392339758933
0
0
0
0
0.0015084402462869897
0
0
0.002958738796069441
0.0019838161880993484
0
0
0
0
0.0009108206694318318
0.0011195931703290364
0
0
0
0
0.001633421171698917
0
0
0.0013582182561162298
0
0
0
0
0
0.00143839720607492
0
0
0
0
0
0
0
0
0
0
0.005848602076408757
0.0069710270434783835
0
0
0
0.0010546201803063645
0
0
0
0
0
0
0
0
0.001343149353866989
0
0
0
0
0
0
0.0010057663536239302
0
0
0
0
0
0
0.0016165131367576596
0
0
0
0
0
0
0
0
0
0
0
0
0
0
0
0.0010734771057449974
0
0
0
0.004029448061600967
0
0
0.0023558134363737245
0
0.0023944228177898174
0
0
0
0
0
0.0031388424139416277
0
0.0009549520958775661
0
0
0
0
0
0
0
0
0
0
0
0
0
0
0
0.0012557308592028192
0
0
0.0012400983434137879
0
0
0
0
0
0
0.0017774148549947898
0
0
0
0
0
0
0
0
0.003670033520041949
0
0
0
0
0
0.004126045704496852
0
0
0
0
0
0
0.0030102838049223613
0.001160236285814929
0
0
0
0
0
0
0
0
0
0
0.0021726197290493077
0
0
0
0
0
0
0
0
0
0
0
0
0
0
0
0
0
0
0
0.0009689604110338893
0
0
0
0
0
0
0
0
0
0
0.005315414255615614
0
0
0.0014332831763457683
0
0
0
0.0016421005250667796
0
0
0
0
0
0
0
0
0
0
0
0
0
0.002178487294816859
0
0
0
0.0012252962739282953
0
0.015084888325269778
0
0
0
0
0
0
0
0
0
0
0
0.0013640859844322366
0.0040405226659070035
0
0
0
0.0024530003857297874
0
0
0
0
0
0
0
0
0
0
0
0
0
0.0011490492268432613
0
0.000999818941128112
0
0
0
0
0
0
0
0
0
0
0
0
0
0
0
0
0
0
0
0
0
0
0
0
0
0
0
0
0.005743313846479253
0
0
0
0
0
0
0
0
0.0012478050132383447
0
0
0
0
0
0
0
0
0.00154376680861674
0
0
0
0.0020654255007997763
0.0012217154092466205
0
0
0
0
0
0
0
0
0
0
0
0
0
0.0029032170648224066
0
0
0
0
0.0011758870948533151
0
0
0
0.00181463096219226
0
0
0
0
0
0
0
0
0.0017688385844633646
0.001343149353866989
0
0.0009127710398854675
0
0.0015756537515313844
0
0.011374998424213616
0
0
0.0014462486210600639
0
0
0
0
0
0
0
0
0.018101561739983483
0.0013910451891308293
0
0
0
0
0
0
0.0016875476100594769
0
0
0
0
0
0
0
0
0
0
0
0
0
0
0
0
0
0.0016950669695728734
0
0.0016644089720214998
0
0
0
0
0
0
0
0
0
0
0
0
0
0
0
0
0
0.0015400257215676483
0
0
0
0
0
0
0
0
0
0
0.0016264680092777485
0
0.021787755377777253
0
0
0
0
0
0
0
0
0
0
0
0
0
0
0
0
0
0
0
0
0
0
0
0
0
0
0
0
0
0
0
0
0
0
0
0
0.009415160617176996
0
0
0.0019495340254695858
0
0
0
0
0
0.0032288346080824016
0
0
0
0
0
0
0
0
0
0
0
0
0
0
0
0
0
0
0
0
0
0
0
0
0
0
0
0
0
0
0
0
0
0
0
0
0
0
0
0
0
0.0029722635986645387
0
0
0.0013070816075873059
0
0
0
0
0
0
0
0
0.0027401598201582094
0.0013998937672564092
0
0
0
0
0
0
0
0
0.004918551221075722
0.003609701545448472
0
0
0
0
0
0
0.004206451544438642
0
0
0
0.003623505071816936
0.0012929469664002891
0
0
0
0
0
0.0008181006475860914
0
0
0
0.0012439250415218989
0
0
0.003489175843960381
0
0
0
0
0
0
0
0
0.0010967161271884342
0
0
0
0.0029784229276425688
0
0
0
0
0
0
0
0
0
0.0017954021797265544
0
0
0
0
0
0
0
0.0014282612963282993
0
0
0
0
0
0
0
0
0
0
0
0.00170162507921897
0.0012737181839345838
0
0
0.0015018821366408932
0
0
0
0
0
0.002208788972196395
0
0
0
0
0
0
0
0
0
0
0
0
0.0024904247462858796
0
0
0
0
0
0
0.001004131704947119
0
0
0
0
0
0
0
0
0
0
0
0
0
0
0
0
0.0016644089720214998
0
0.0014282612963282993
0.0013288535639039035
0
0
0.0012078350239389786
0
0
0
0
0.00170162507921897
0
0
0
0
0
0
0
0
0
0.001316919339493946
0
0
0
0
0
0
0
0
0
0
0
0
0
0
0
0.003981351201953654
0
0
0.001708341230718151
0
0
0
0
0
0
0
0
0
0
0
0
0
0
0
0
0
0
0
0
0
0
0
0
0
0
0.001511778092175149
0.0017774148549947898
0
0
0
0
0
0
0
0
0
0
0
0
0.007703702056241158
0
0
0.0014233283038256794
0
0
0
0
0
0
0
0
0
0
0
0
0
0
0
0.007889970122851843
0
0
0
0
0
0
0.0016886596345046744
0
0
0
0.0011748827449360078
0
0
0
0
0
0
0
0.0014770918674055266
0
0
0
0
0
0
0
0
0
0
0
0.0014861317993322693
0
0
0
0.0018462164374729187
0
0
0
0
0
0
0
0
0
0
0.0009429197179887118
0
0
0
0
0
0
0
0
0
0
0
0
0
0.0034304464595357282
0
0
0
0
0.001343149353866989
0
0
0
0
0
0
0
0.001127938308739036
0
0
0
0
0.0022424846556124145
0
0
0
0.008663032648980289
0
0
0
0
0
0
0
0.004166628761002811
0
0
0
0
0
0
0
0.0014770918674055266
0
0
0
0
0
0
0
0
0
0.0017295190197309496
0
0
0
0
0
0
0
0
0.004209731064521381
0.002182928860953524
0
0
0
0
0
0
0
0.0013007108890599787
0.0017688385844633646
0
0
0
0
0.0017369516415487202
0
0
0
0
0
0
0
0
0
0
0
0
0
0
0
0
0
0
0
0.006269334110752426
0
0
0
0
0
0
0
0
0
0
0
0
0
0
0
0
0
0
0
0
0
0
0
0
0
0
0
0
0.0032947049072906912
0
0
0.0013359098091615094
0.0013562894816333494
0
0
0
0
0
0
0
0
0
0
0
0
0
0.002919693543217916
0
0
0
0
0
0
0
0
0
0
0
0
0
0
0.0013954343633137
0
0.0010249951360896356
0
0
0
0
0.0011313476087489677
0.0016475124776467967
0
0
0
0
0.0016823962967532646
0
0
0.0015220383968358837
0
0.0012991407057494281
0
0
0
0
0
0
0
0.0011304913659850404
0
0
0
0.00244819506630732
0
0
0
0
0
0.001708341230718151
0
0
0
0
0
0
0
0
0
0
0
0
0
0
0
0
0
0
0
0
0
0
0
0
0
0
0
0
0
0
0
0
0
0
0
0
0.002777752507335207
0
0
0
0
0
0
0
0
0
0
0
0.0015632647430110851
0
0
0
0
0
0.0016702767003375068
0.0016315820390069003
0
0
0
0
0.001988587012658535
0
0
0
0
0
0
0
0
0
0
0
0
0
0
0
0
0
0
0
0
0
0
0
0
0
0
0
0
0
0
0
0
0
0.0012722925705937892
0
0
0
0
0
0
0
0
0
0
0
0
0
0
0
0
0
0
0
0
0
0
0.0010748741352387388
0
0
0.0025305437538806898
0
0
0
0.0015756537515313844
0
0
0
0
0
0.004787666324346605
0
0
0
0
0
0
0
0
0
0
0
0
0.0014923255386814084
0
0
0
0
0
0
0
0
0
0
0
0
0
0
0
0
0
0
0.0012975793190301778
0
0
0
0
0
0
0
0
0.004965472321855666
0
0
0
0
0
0
0.0018462164374729187
0
0
0.0010776893793821346
0
0.0014184811068602755
0
0
0
0
0
0
0
0
0
0
0.0019084080626998443
0
0
0.0012078350239389786
0
0
0
0.001708341230718151
0
0
0
0.0018575938049534802
0
0
0
0
0
0
0
0
0
0
0
0.0015400257215676483
0
0
0
0
0
0
0
0.005384914489436889
0.0016823962967532646
0.001953703193552067
0
0
0
0
0
0
0
0
0
0
0
0
0
0
0
0.001409032513862594
0
0
0
0.0013185932592431687
0
0
0
0
0
0
0
0.0012824284803404098
0
0
0
0
0.0014307609256434498
0
0
0
0
0
0
0
0
0
0
0
0.0016886596345046744
0
0
0
0
0.018928331966656223
0
0
0
0
0
0
0
0
0
0
0
0
0
0
0
0
0
0
0
0
0
0
0
0
0
0
0
0
0
0
0
0
0
0
0
0
0
0
0
0.011991234204416555
0
0.0011718912299853086
0
0
0.002579801920240829
0
0.0026173946074178256
0
0.020100010102012362
0
0.0017862634331203698
0
0
0
0
0
0.0011573971427527793
0
0
0
0.001296026630889304
0
0
0
0.0012504219977282666
0
0
0
0
0
0
0
0
0
0
0
0
0
0
0
0
0.0012765914753668191
0
0
0
0
0
0
0
0
0
0
0
0
0
0
0
0
0
0.0011892840856674238
0
0.0015553011497992525
0
0
0
0
0
0
0
0
0
0
0
0
0
0.0013640859844322366
0
0
0
0
0
0
0
0
0
0.001296026630889304
0
0
0.0020078157951242404
0
0
0
0.001420894167825469
0
0
0
0
0
0
0
0
0
0
0
0
0.0033525412519687502
0.0013910451891308293
0.001804850772724236
0
0.005502644325886542
0
0.0008778641957221527
0
0
0.0017445879219801905
0
0
0
0
0
0
0
0
0
0
0.004535334276525447
0
0
0
0
0
0
0
0
0
0
0
0
0
0
0
0
0
0
0.0031856305858881536
0
0
0
0
0
0
0
0
0.0016950669695728734
0
0
0.0031936896401003343
0
0.0016315820390069003
0
0
0
0
0
0
0
0.0022010577303546164
0
0.003023556184350298
0
0
0
0.0017954021797265544
0
0
0.008406371582527298
0
0
0
0
0
0.0016264680092777485
0
0
0
0
0
0
0
0
0.0015475587963691868
0
0.0014892114638212844
0
0
0
0
0
0
0
0.0019227038526629296
0
0
0.013449890093941218
0
0
0
0
0
0
0.0016475124776467967
0
0
0
0
0
0.0025858939328005782
0
0
0
0
0
0
0
0
0
0.007092405534301378
0.00415005860073727
0
0
0
0
0
0
0
0
0
0
0
0
0
0
0
0
0
0
0
0
0
0.002804301029625761
0
0
0
0
0
0
0
0
0
0
0
0
0
0
0
0.0014516085324112033
0
0
0
0
0
0
0
0
0
0.0012089656818809
0
0
0
0
0
0
0
0
0
0
0
0
0.0012400983434137879
0
0
0.0028594092299226697
0
0
0
0
0
0
0
0
0
0
0
0
0
0
0
0
0
0
0
0
0.001495474801572694
0.0016950669695728734
0.0025195598792545288
0
0.001495474801572694
0
0
0
0
0
0
0
0
0
0
0.0016264680092777485
0.0032330262735153193
0
0
0
0
0
0
0
0
0
0
0.0014741425615720435
0
0
0
0
0
0
0
0
0
0.0015673335276881065
0.030833287231443622
0.0018575938049534802
0
0
0
0
0
0
0
0
0.0015400257215676483
0
0.0010431386428375053
0
0
0
0
0
0
0
0
0
0
0
0
0
0
0
0
0
0
0
0
0
0
0
0
0
0
0
0
0
0
0
0
0
0
0
0.0017688385844633646
0
0
0
0
0
0
0
0
0
0
0
0
0
0
0
0.0016950669695728734
0
0
0
0
0
0
0
0
0
0
0
0
0
0
0
0
0
0.00405694038186148
0
0
0
0
0.0023870784679517866
0
0
0
0
0
0
0
0
0
0
0
0
0
0
0
0
0
0
0.005502644325886542
0
0
0
0
0
0
0
0
0
0
0
0
0
0
0
0
0
0
0
0
0
0
0
0
0
0
0
0
0
0
0
0
0
0
0
0
0
0
0
0
0
0
0
0
0
0
0
0.0023517741897066302
0
0
0
0
0
0
0
0
0.0018462164374729187
0
0
0
0
0
0
0
0
0
0
0
0
0
0
0
0
0
0
0
0.0011020686856711684
0
0
0
0
0
0
0.0027908687266274
0
0
0
0
0
0
0
0
0
0
0
0
0
0
0
0
0
0
0
0
0
0
0
0
0
0
0
0
0
0
0
0
0
0
0
0
0
0
0
0
0
0.0026014217781199574
0
0
0
0
0
0
0
0
0.0038454077053258593
0
0
0
0
0
0
0
0
0
0
0
0
0
0
0
0
0
0
0.027533916057066846
0
0
0
0
0
0
0.0030168804925739794
0
0
0
0
0
0
0
0
0
0
0
0
0
0
0
0
0.0026542341346357692
0
0
0
0
0
0
0
0
0
0.002773448133815747
0
0
0
0
0
0
0
0.001511778092175149
0
0
0
0
0
0
0
0
0
0
0
0
0
0
0
0
0.0010929548447260917
0
0
0
0
0
0
0.0014516085324112033
0
0
0
0
0
0
0
0
0
0
0
0
0
0
0
0
0
0
0
0.0016762706259843751
0
0
0
0
0
0
0
0
0
0.001173882001309829
0
0
0
0
0
0
0
0
0
0
0
0
0
0
0
0
0
0
0
0
0
0
0
0
0
0
0.0014712241390895198
0
0
0
0
0
0
0
0
0
0
0
0
0
0
0
0
0
0.005572924544105286
0
0
0
0
0
0
0
0
0
0
0
0
0
0
0
0
0
0
0
0
0
0
0
0
0
0
0
0
0
0
0
0
0
0
0
0
0
0
0
0.00181463096219226
0
0.0010565806113702943
0
0
0
0
0
0.0028274335440665373
0
0
0
0
0
0
0
0
0
0
0
0
0
0
0
0
0
0
0
0
0.00427735165870292
0
0
0
0
0
0
0
0
0
0
0
0
0
0
0
0
0
0
0
0
0
0
0
0
0
0
0
0
0
0
0
0.001279494697456634
0
0
0
0
0
0
0
0
0
0
0
0
0
0
0
0
0
0
0
0
0
0
0
0
0
0
0
0
0
0
0
0
0
0
0
0
0
0
0
0.0016762706259843751
0
0
0
0
0
0
0
0
0
0
0
0.0017774148549947898
0
0
0
0
0
0
0
0
0
0
0.0017954021797265544
0
0.0011892840856674238
0
0
0.0016264680092777485
0
0
0
0
0
0
0
0
0
0
0
0
0
0
0
0.0015632647430110851
0
0
0
0
0
0
0
0
0
0
0
0.0015976105179341476
0
0
0
0
0
0
0
0
0
0
0
0
0.006190235185476747
0
0
0.0012824284803404098
0
0
0
0.0026045799372814275
0
0.0014892114638212844
0
0
0
0
0.0018247668719388807
0
0
0
0
0
0
0
0
0
0
0
0
0
0
0
0
0.0014233283038256794
0
0
0
0
0
0
0
0
0
0
0
0
0
0
0
0
0
0
0
0
0
0
0
0
0
0
0
0
0
0
0
0
0.003901025605791195
0
0
0
0
0.0013152554133550095
0.00172227947502547
0
0
0
0
0
0
0
0.001988587012658535
0
0
0
0
0
0
0
0
0
0
0
0
0
0
0
0
0
0.0015756537515313844
0
0
0
0
0
0
0
0
0
0
0
0.005861109580656202
0
0
0
0
0.0017688385844633646
0
0.0018575938049534802
0
0
0
0
0
0
0
0
0
0
0
0
0
0
0
0
0
0.007092405534301378
0
0.0017152232297678641
0
0
0
0
0
0
0
0
0
0
0
0
0
0
0
0
0
0
0
0
0
0
0
0
0
0
0
0.005159603840481658
0
0
0
0
0
0
0
0
0
0
0
0
0
0.001409032513862594
0
0
0
0
0
0
0.001068641922262664
0
0
0
0
0
0
0
0
0
0
0.002657707127807807
0
0
0
0
0
0
0
0
0
0
0
0
0
0
0
0.001697413595064717
0
0
0
0
0
0
0
0
0
0
0
0
0
0
0
0.0015756537515313844
0
0
0
0
0
0
0
0
0
0
0
0.0013782777599136346
0
0
0
0
0
0
0
0
0.00484954176051336
0
0
0
0.0012638887138015128
0
0
0
0
0
0
0
0
0
0
0
0.0019237365045308979
0
0
0
0
0
0.0016475124776467967
0
0
0
0
0
0
0
0
0
0
0
0
0
0
0
0
0
0
0
0
0
0
0
0
0.00205706115262928
0
0
0
0
0
0
0
0
0
0
0
0
0
0.00172227947502547
0.005973066249751247
0.008684758207743603
0
0
0
0
0
0.0017862634331203698
0
0
0.0015756537515313844
0
0
0
0
0
0
0
0
0
0
0
0
0
0
0
0
0
0
0
0
0
0
0
0
0
0
0
0
0
0
0
0
0
0
0
0
0
0
0
0
0
0
0
0
0.0019227038526629296
0
0
0
0
0
0
0
0
0
0
0
0
0
0
0
0
0
0
0
0
0
0
0
0
0
0
0
0
0
0
0
0.0028665663526915366
0
0
0
0
0
0
0.0011989511865559104
0
0
0
0
0
0
0
0
0.004422522732250772
0
0
0.001495474801572694
0
0
0
0
0
0.014337707401695505
0
0
0
0.001953703193552067
0
0
0
0
0
0
0
0
0
0
0
0
0.0027953102927640644
0
0
0
0
0
0
0
0
0
0
0
0
0
0
0
0
0
0
0
0
0
0
0.0018575938049534802
0
0
0
0
0
0
0
0
0
0
0
0
0
0.0015976105179341476
0
0
0
0
0
0
0
0
0
0
0
0
0
0
0
0.0015553011497992525
0
0
0
0
0
0
0
0
0
0.0012277093348934888
0
0
0
0
0
0
0
0
0
0
0
0
0.0016022173467945741
0
0
0
0
0
0
0
0
0
0
0
0
0
0
0
0
0
0
0
0
0
0
0
0
0
0
0
0
0
0
0
0
0
0
0
0
0
0
0
0
0
0
0
0
0
0.0015976105179341476
0
0
0
0
0
0
0
0
0
0
0
0.008604602278336326
0
0
0
0
0
0.0027820903782616586
0
0
0.00197059968792677
0
0.0016644089720214998
0
0
0
0
0
0
0
0
0
0
0
0
0
0
0
0
0
0
0
0
0
0.0019084080626998443
0.0012809577286400633
0
0
0
0
0
0
0
0
0
0
0
0
0
0
0.0014626478685580944
0
0
0
0
0
0
0
0
0
0
0
0
0
0
0
0
0
0
0.0045056464099226794
0
0.002657707127807807
0
0.00170162507921897
0
0
0
0
0
0
0
0
0
0
0
0.003960831880117434
0
0
0
0
0
0
0
0
0
0
0
0.0014113648019535962
0
0
0.003472191428258338
0
0
0
0
0
0
0.0016886596345046744
0
0
0
0
0
0
0
0
0
0
0
0
0
0
0
0
0
0.002686298707733978
0
0
0
0
0.0016823962967532646
0
0
0
0
0
0
0
0
0
0
0
0
0
0
0
0
0
0
0
0
0
0
0
0
0
0
0
0
0
0
0.001611665939792256
0
0
0
0
0
0
0
0
0
0
0
0
0
0.0023418023030005123
0
0
0
0
0
0
0
0
0
0
0
0
0
0
0
0
0.0014184811068602755
0
0.0016315820390069003
0
0
0
0
0
0
0
0
0.0018694554589163553
0
0
0.002954183734811053
0
0
0
0
0
0
0
0.0032631640780138005
0
0
0
0
0
0.0018694554589163553
0
0
0
0
0
0
0
0
0
0
0
0
0
0
0
0
0
0
0
0
0
0
0
0
0
0
0
0
0
0
0
0
0
0
0.0015400257215676483
0.011368859472905701
0.001708341230718151
0.002630510826710019
0.00528155508186026
0
0
0
0
0
0
0
0.00394119937585354
0
0
0
0
0
0
0
0
0
0
0
0
0
0
0
0
0.0016421005250667796
0
0
0
0.04935066845189891
0
0
0
0
0
0
0
0
0
0
0
0
0
0
0
0
0
0
0
0
0
0
0
0
0
0
0
0
0
0
0
0
0
0
0
0
0
0
0
0
0
0
0
0
0
0
0
0
0
0
0.0013910451891308293
0
0
0
0
0
0
0
0
0
0
0
0
0
0
0
0
0
0
0
0
0
0
0
0
0
0
0
0
0
0
0
0
0
0
0
0.0018462164374729187
0
0
0
0
0
0
0
0
0
0
0
0
0
0
0
0
0
0
0
0
0
0
0
0
0.0028565225926565985
0
0
0
0
0
0
0
0
0
0
0
0
0
0
0
0
0
0
0
0
0
0
0
0
0
0
0
0
0
0
0
0
0
0
0
0
0
0
0
0
0
0
0
0
0
0
0
0
0
0
0
0
0.0019227038526629296
0
0
0
0
0
0
0
0
0
0
0
0
0
0
0
0
0
0
0
0
0
0
0
0
0
0
0
0
0
0
0
0
0
0
0
0
0
0
0
0
0
0
0
0
0
0
0.002558989394913268
0
0.0027997875345128183
0
0
0.0018462164374729187
0
0
0
0
0.00416017220072362
0
0
0
0
0
0
0
0
0
0.001169914577725138
0
0
0
0
0
0
0
0
0
0
0
0
0
0
0
0
0
0
0
0.0016315820390069003
0
0
0
0
0
0.0018818444674366546
0
0
0
0
0
0
0.0015842300220628095
0
0
0
0
0
0
0
0
0
0
0
0.0017152232297678641
0
0
0
0
0
0
0
0
0
0
0
0
0
0
0
0
0.001228923745531436
0
0.0014712241390895198
0
0
0
0
0
0
0
0
0
0
0
0.01002166020202504
0
0
0
0
0
0
0.0016475124776467967
0
0
0
0
0
0
0
0
0
0
0
0
0
0.0027401598201582094
0
0
0
0
0
0
0
0
0
0
0
0
0
0
0
0
0
0
0
0
0
0
0
0
0
0
0
0
0
0
0
0
0.002930954807051539
0.00155140308904821
0
0
0
0
0
0
0
0
0
0
0
0
0
0
0
0
0.0025445851411875784
0
0
0
0
0
0
0
0
0
0
0
0
0
0
0
0
0
0
0
0
0
0.0019227038526629296
0
0
0
0
0
0
0
0
0
0
0
0
0
0.007776505748996263
0
0
0.001459846771608958
0
0
0
0
0
0
0
0
0
0.00197059968792677
0
0
0.0016762706259843751
0
0
0
0
0
0
0
0
0
0
0
0
0
0
0
0
0
0
0
0
0
0
0
0
0
0.001483085793052395
0
0
0
0
0
0
0
0
0
0
0
0
0
0
0
0
0
0
0
0
0
0
0
0
0
0
0
0
0
0
0
0.0018462164374729187
0
0
0
0
0
0
0
0
0
0.0015084402462869897
0
0
0
0
0
0
0
0.010421709849292322
0
0.0017862634331203698
0
0.0019227038526629296
0
0
0.003489175843960381
0
0
0
0
0
0
0
0
0
0
0
0
0
0
0
0
0
0
0
0
0
0
0
0
0
0
0
0
0
0
0
0
0
0
0
0
0
0
0
0
0
0
0.01758023202883947
0
0
0
0
0
0
0
0
0
0
0
0
0
0
0
0
0
0
0
0
0
0
0
0
0
0
0
0
0
0
0
0
0
0
0.0015475587963691868
0
0.005825295207104775
0
0
0.0013867240669078735
0
0
0
0
0
0.0015400257215676483
0
0
0
0
0
0
0
0
0.0016762706259843751
0
0
0
0
0
0
0
0
0
0
0
0
0
0
0
0
0
0
0
0
0
0
0
0
0
0
0
0
0
0
0
0
0
0
0
0
0
0
0
0
0
0.011882495640352304
0
0
0
0
0
0
0
0
0
0
0
0
0
0
0
0
0
0
0
0
0
0
0
0
0
0
0
0
0
0
0
0.002320472571629858
0
0
0
0
0
0
0
0
0
0
0
0
0
0
0
0
0
0
0
0
0
0
0
0
0
0
0
0
0.011626636529473024
0
0
0
0
0
0
0
0
0
0
0
0
0
0
0
0
0
0
0
0
0
0
0
0
0
0
0
0
0
0
0
0
0
0
0
0
0
0
0
0
0.0033405534006750136
0
0
0
0.0016264680092777485
0
0
0
0
0.0015592545040333538
0
0
0
0
0
0
0
0
0
0
0
0
0
0
0
0
0
0
0
0
0
0
0
0
0
0
0
0
0
0
0
0
0
0
0.0017954021797265544
0
0
0.0032044346935891483
0
0
0
0.003390133939145747
0
0
0
0
0
0
0
0
0
0
0
0
0
0
0
0
0
0
0
0
0
0
0
0
0
0
0
0
0
0
0
0
0
0
0
0
0
0
0
0
0
0
0
0
0
0
0
0
0
0
0
0
0
0.0018948099121509502
0
0
0
0
0
0
0
0
0
0
0
0
0
0
0
0
0
0
0
0
0
0
0
0
0.0059568458552851375
0
0
0
0
0
0
0
0
0
0
0
0
0
0.0015592545040333538
0
0
0
0
0
0
0
0
0
0
0
0.0018694554589163553
0
0
0
0.0026647187120925676
0
0
0
0
0
0
0
0
0
0
0
0
0
0
0
0
0
0
0
0
0
0.0026173946074178256
0
0
0
0
0
0
0
0
0
0
0
0
0
0
0
0
0
0
0
0
0.007341141431995039
0
0
0
0.0017605183606200867
0
0
0
0
0
0
0
0
0
0.001511778092175149
0
0
0
0
0
0
0
0
0
0
0
0
0
0
0
0
0
0
0
0
0
0
0
0
0
0
0
0
0
0
0
0
0
0
0
0
0
0
0.00197059968792677
0
0
0
0
0
0
0.0016421005250667796
0
0
0
0
0
0
0
0
0
0
0
0
0
0
0
0
0
0
0
0
0
0
0
0
0
0
0
0
0
0
0
0
0
0
0
0
0.0016823962967532646
0
0
0
0
0
0
0
0
0
0
0
0
0
0
0
0
0
0.0014892114638212844
0
0
0
0
0
0
0
0
0
0
0
0
0
0
0
0
0
0
0
0
0
0
0
0
0
0
0
0
0
0
0
0
0
0
0
0
0
0
0
0
0
0
0
0
0
0
0
0
0
0
0
0
0
0
0
0
0
0
0
0
0
0
0
0.0038454077053258593
0
0
0
0
0
0
0
0
0
0
0
0
0
0
0
0.0015290946420934899
0
0
0
0
0
0
0
0
0
0
0
0
0
0
0
0
0
0
0
0
0
0
0
0
0
0
0
0
0
0
0
0
0
0
0
0
0
0
0
0
0
0
0
0
0
0
0
0
0
0
0
0
0
0
0
0
0
0
0
0
0
0
0
0
0
0
0
0
0
0
0
0
0
0
0
0
0
0
0
0
0
0
0
0
0
0
0
0
0
0
0
0
0
0
0
0
0
0.0025141480542116294
0
0
0
0
0
0
0
0
0
0
0
0
0
0
0
0
0
0
0
0
0
0
0
0
0
0
0
0
0
0
0
0
0
0
0
0
0
0
0
0
0
0
0
0
0
0
0
0
0
0
0
0
0
0
0
0
0
0
0
0
0
0
0
0
0
0
0
0
0
0
0
0
0
0
0
0
0
0
0
0
0.0014516085324112033
0
0
0
0
0
0
0
0
0
0
0
0
0
0
0
0
0
0
0
0
0
0
0
0
0
0
0
0
0
0
0
0
0
0
0
0
0
0
0
0
0
0
0
0
0
0
0
0
0
0
0
0
0
0
0
0
0
0
0
0
0
0
0
0
0
0
0
0
0
0
0
0
0
0
0
0
0
0
0
0
0
0
0
0
0
0
0
0
0
0
0
0
0
0
0
0
0
0
0
0
0
0
0
0
0
0
0
0
0
0
0
0
0
0
0
0
0
0
0
0.006947806566194881
0.0013782777599136346
0
0
0
0
0
0
0
0
0
0
0
0
0
0
0
0
0
0
0
0
0
0
0
0
0
0
0
0
0
0
0
0
0
0
0
0
0
0
0
0
0
0
0
0
0
0
0
0
0
0
0
0
0
0
0
0
0
0
0
0
0
0
0
0
0
0
0
0
0
0
0
0
0
0
0
0
0
0
0
0
0
0
0
0
0
0
0
0
0
0
0
0
0
0
0
0
0
0
0
0
0
0
0
0
0
0
0
0
0
0
0
0
0
0
0
0
0
0
0
0
0
0
0
0
0
0
0
0
0
0
0
0
0
0
0
0
0
0
0
0
0
0
0
0
0
0
0
0
0
0
0
0
0
0
0
0
0
0
0
0
0
0
0
0
0
0
0
0
0
0
0
0
0
0
0
0
0
0
0
0
0
0
0
0
0
0
0
0.0013086973037089128
0
0
0
0
0
0
0
0
0
0
0
0
0
0
0
0
0
0
0
0
0
0
0
0
0
0
0
0
0
0
0
0
0
0
0
0
0
0
0
0
0
0
0
0
0
0
0
0
0
0
0
0
0
0
0
0
0
0
0
0
0
0
0
0.001988587012658535
0
0
0
0
0
0
0
0
0
0
0
0
0
0
0
0
0
0
0
0
0
0
0
0
0
0
0
0
0
0
0
0
0
0
0
0
0
0
0
0
0
0
0
0
0
0
0
0
0
0
0
0
0
0
0
0
0
0
0
0
0
0
0
0
0
0
0
0
0
0
0
0
0
0
0
0
0
0
0
0
0
0
0
0
0
0
0
0
0
0
0
0
0
0
0
0
0
0
0
0
0
0
0
0
0
0
0
0
0
0
0
0
0
0
0
0
0
0
0
0
0
0
0
0
0
0
0
0
0
0
0
0
0
0
0
0
0
0
0
0
0
0
0
0
0
0
0
0
0
0
0
0
0
0
0
0
0
0.0018694554589163553
0.0016022173467945741
0
0
0
0
0
0
0
0
0
0
0
0
0
0
0
0.0014282612963282993
0
0
0
0
0
0
0
0
0
0
0
0
0
0
0
0
0
0
0
0
0
0
0
0
0
0
0
0
0
0
0
0
0
0
0
0
0
0
0
0
0
0
0
0
0
0
0.00181463096219226
0
0
0
0
0
0
0
0
0
0
0
0
0
0
0
0
0
0
0
0
0
0
0
0
0
0
0
0
0
0
0
0
0
0
0
0
0
0.0013524715205524796
0
0
0
0
0
0
0
0
0
0
0
0
0
0
0
0
0
0
0
0
0
0
0
0
0
0
0
0
0
0
0
0
0
0
0
0
0
0
0
0
0
0
0
0
0
0.0029722635986645387
0.0017295190197309496
0
0
0
0
0
0
0
0.023329517246988785
0
0
0
0
0
0
0
0
0.0013136013622067893
0
0
0
0
0
0
0
0
0
0
0
0
0
0
0
0
0
0
0
0
0
0
0
0
0
0
0
0.009176426789993801
0
0
0
0
0
0
0
0
0
0
0
0
0
0
0
0
0
0
0
0
0
0.0032631640780138005
0
0
0.0015084402462869897
0
0
0
0
0
0
0
0
0
0
0
0
0
0
0
0
0
0
0
0
0
0
0
0
0
0
0
0
0
0
0
0
0
0
0
0
0
0
0
0
0
0
0
0
0
0
0
0
0
0
0
0
0
0
0
0
0
0
0
0
0
0
0
0
0
0
0
0
0
0
0
0
0
0
0
0
0
0
0
0
0
0
0
0
0
0
0
0
0
0
0
0
0
0
0
0
0
0
0
0
0
0
0
0
0
0
0
0
0
0
0
0
0
0
0
0
0
0
0
0
0
0
0
0
0
0
0
0
0
0
0
0
0
0
0
0
0
0
0
0
0
0
0
0
0
0
0
0
0
0
0
0
0
0
0
0
0
0
0
0
0
0
0
0
0
0
0
0
0
0
0
0
0
0
0
0
0
0
0
0
0
0
0
0
0
0
0
0
0.0016950669695728734
0
0
0
0
0
0
0
0
0
0
0
0
0
0
0
0
0
0
0
0
0
0
0.0016586622364577498
0.001804850772724236
0
0
0
0
0
0
0
0
0
0
0
0
0
0.0014067195810825786
0
0
0
0
0
0
0
0
0
0
0
0
0
0
0
0
0
0
0
0
0
0
0
0
0
0
0
0
0
0
0
0
0
0
0
0
0
0
0
0
0
0
0
0
0
0
0
0
0
0
0
0
0
0
0
0
0
0
0
0
0
0
0
0
0
0
0
0
0
0
0
0
0
0
0.0015290946420934899
0
0
0
0
0
0.0018575938049534802
0.0014462486210600639
0
0
0
0
0
0
0
0
0
0
0
0
0
0
0
0
0
0
0
0
0
0
0
0
0
0
0
0
0
0
0
0
0
0
0
0
0
0
0
0
0
0
0
0
0
0
0
0
0
0
0
0
0
0
0
0
0
0
0
0
0
0
0
0
0
0
0
0
0
0
0
0
0
0
0
0
0
0
0
0
0
0
0
0
0
0
0
0
0.0015886191962456802
0
0
0
0
0
0
0
0
0
0
0
0
0
0
0
0
0
0
0
0
0
0
0
0
0
0
0
0
0
0
0
0
0
0
0
0
0
0
0
0
0
0
0
0
0
0
0
0
0
0
0
0
0.0013136013622067893
0
0
0
0
0
0
0
0
0
0
0
0
0
0
0
0
0
0
0
0
0
0
0.0015976105179341476
0
0.0019377727549121707
0
0
0
0
0
0
0
0
0
0
0
0
0
0
0
0
0
0
0
0
0
0
0
0
0
0
0
0
0
0
0
0
0
0
0
0
0
0
0
0
0
0
0
0
0
0
0
0
0
0
0
0
0
0
0
0
0
0
0
0
0
0
0
0
0
0
0
0
0
0
0
0
0
0
0
0
0
0
0
0
0
0
0
0
0
0
0
0
0
0
0
0
0
0
0
0
0
0
0
0
0
0
0
0
0
0
0
0
0
0
0
0
0
0
0
0
0
0
0
0
0
0
0
0
0
0
0
0
0
0
0
0
0
0
0
0
0
0
0
0
0
0
0
0
0
0
0.0018948099121509502
0
0
0
0
0
0
0
0
0
0
0
0
0
0
0
0
0
0
0
0
0
0
0
0
0
0
0
0
0
0
0
0.0015185761560336103
0
0
0
0
0
0
0
0
0
0
0
0
0
0
0
0
0
0
0
0
0
0
0
0
0
0
0
0
0
0
0
0
0
0
0
0
0
0
0
0
0
0
0
0
0
0
0
0
0
0
0
0
0
0
0
0
0
0
0
0
0
0
0
0
0
0
0
0
0
0
0
0
0
0
0
0
0
0
0
0
0
0
0
0
0
0
0
0
0
0
0
0
0
0
0
0
0
0
0
0
0
0
0
0
0
0
0
0
0
0
0
0
0
0.0020078157951242404
0
0
0
0
0
0
0
0
0
0
0
0
0
0
0
0
0
0
0
0
0
0
0
0
0
0
0
0
0
0
0
0
0
0
0
0
0
0
0
0
0
0
0
0
0
0
0
0
0
0
0
0
0
0
0
0
0
0
0
0
0
0
0
0
0
0
0
0
0
0
0
0
0
0.002914147093466986
0
0
0
0
0
0
0
0
0
0
0
0
0.014877284440868445
0
0
0
0
0.001953703193552067
0
0
0
0
0
0
0
0
0
0
0
0
0
0
0
0
0
0
0
0
0
0
0
0
0
0
0
0
0
0
0
0
0
0
0
0
0.0035548297099895795
0
0
0
0
0
0
0
0.005306515753390094
0
0
0
0
0
0
0
0
0
0
0
0
0
0
0
0
0
0
0
0
0
0
0
0
0
0
0
0
0
0
0
0
0
0
0
0
0
0
0
0
0
0
0
0
0
0
0
0
0
0
0
0
0
0
0
0
0
0
0
0
0
0
0
0
0
0
0.001495474801572694
0
0
0
0
0
0
0
0
0
0.0017524393369653343
0
0
0
0
0
0
0
0
0
0
0
0
0
0
0
0
0
0
0
0
0
0
0
0
0
0
0
0
0
0
0
0.0017524393369653343
0
0
0
0
0
0
0.0016950669695728734
0
0
0
0
0
0
0
0
0
0
0
0
0
0
0
0
0
0
0
0
0
0
0
0
0
0
0
0
0.0017862634331203698
0
0
0
0
0
0
0
0
0
0
0
0
0
0
0
0
0
0
0
0
0
0
0
0
0
0
0
0
0
0
0
0
0
0
0
0
0
0
0
0
0
0
0
0
0
0
0
0
0
0
0
0
0
0
0
0.0014257838862343066
0
0
0
0
0
0
0
0
0
0
0
0
0
0
0
0
0
0
0
0
0
0
0
0
0
0
0
0
0
0
0
0
0
0
0
0
0
0
0.0017688385844633646
0
0
0
0
0
0
0
0
0
0
0
0
0
0
0
0
0
0
0
0
0
0
0
0
0
0
0
0
0
0
0
0
0
0.0015976105179341476
0
0
0
0
0
0
0
0
0
0
0
0
0
0
0
0
0
0
0
0
0
0
0
0
0
0
0
0
0
0
0
0
0
0
0
0
0.0018462164374729187
0
0
0
0
0
0
0
0
0
0
0
0.001636791663592227
0
0
0
0
0
0
0
0
0
0
0
0
0
0
0
0.0018694554589163553
0
0
0
0
0
0
0
0
0
0
0
0
0
0
0
0
0
0.0015553011497992525
0
0
0
0
0
0
0
0
0
0
0
0
0
0
0
0
0
0
0
0
0
0
0
0.010887785773153559
0
0
0
0
0
0.0014113648019535962
0
0
0
0
0
0
0
0
0
0
0
0.0017524393369653343
0
0
0
0
0
0
0
0
0
0
0
0
0
0
0
0
0
0
0
0
0
0
0
0
0
0
0
0
0
0
0
0
0
0
0
0
0
0
0
0
0
0
0
0
0
0
0
0
0
0
0
0
0
0
0
0
0.002289034618195006
0
0
0
0
0
0
0
0
0
0
0
0
0.0016886596345046744
0
0
0
0
0
0
0
0
0
0
0
0
0
0
0
0
0
0
0
0
0.0018575938049534802
0
0
0
0
0
0
0
0
0
0
0
0
0
0
0
0
0
0
0
0
0
0
0
0
0
0
0
0
0
0
0
0
0
0
0
0
0
0
0
0
0
0
0
0
0
0
0
0
0
0
0
0
0
0
0
0
0
0
0
0
0
0
0
0
0
0
0
0
0
0
0
0
0
0
0
0
0
0
0
0
0
0
0
0
0
0
0
0
0
0
0
0
0.001953703193552067
0
0
0
0
0
0
0
0
0
0
0
0
0
0
0
0
0
0
0
0
0
0
0
0
0
0
0
0
0
0
0
0
0
0
0
0
0
0
0
0
0
0
0
0
0
0
0
0
0
0
0
0
0
0
0
0
0
0
0
0
0
0
0
0
0
0
0
0
0
0
0
0
0
0
0
0
0
0
0
0
0
0
0
0
0
0
0
0
0
0
0
0
0
0
0
0
0
0
0
0
0
0
0
0
0
0
0
0
0
0
0
0
0
0
0
0
0
0
0
0
0
0
0
0
0
0
0
0
0
0
0
0
0
0
0
0
0
0
0
0
0
0
0
0
0
0
0
0
0
0
0
0
0
0
0
0
0
0
0
0
0
0
0
0
0
0
0
0
0
0
0
0
0
0
0
0
0
0
0
0
0
0
0
0
0
0
0
0
0
0
0
0
0
0
0
0
0
0
0
0
0
0
0
0
0
0
0
0
0
0
0
0
0
0
0
0
0
0
0
0
0
0
0
0
0
0
0
0
0
0
0
0
0
0
0
0
0
0
0
0
0
0
0
0
0
0
0
0
0
0
0
0
0
0
0
0
0
0
0
0
0
0
0
0
0
0
0
0
0
0
0
0
0
0
0
0
0
0
0
0
0
0
0
0
0
0
0
0
0
0
0
0
0
0
0
0
0
0
0
0
0
0
0
0
0
0
0
0
0
0
0
0
0
0
0
0
0
0
0
0
0
0
0
0
0
0
0
0
0
0
0
0
0
0
0
0
0
0
0
0
0
0
0
0
0
0
0
0
0
0
0
0
0
0
0
0
0
0
0
0
0
0
0
0
0
0
0
0
0
0
0
0
0
0
0
0
0
0
0
0
0
0
0
0
0
0
0
0
0
0
0
0
0
0
0
0
0
0
0
0
0
0
0
0
0
0
0
0
0
0
0
0
0
0
0
0
0
0
0
0
0
0
0
0
0
0
0
0
0
0
0
0
0
0
0
0
0
0
0
0
0
0
0
0
0
0
0
0
0
0
0
0
0
0
0
0
0
0
0
0
0
0
0
0
0
0
0
0
0
0
0
0
0
0
0
0
0
0
0
0
0
0
0
0
0
0
0
0
0
0
0
0
0
0
0
0
0
0
0
0
0
0
0
0
0
0
0
0
0
0
0
0
0
0
0
0
0
0
0
0
0
0
0
0
0
0
0
0
0
0
0
0
0
0
0
0
0
0
0
0
0
0
0
0
0
0
0
0
0
0
0
0
0
0
0
0
0
0
0
0
0
0
0
0
0
0
0
0
0
0
0
0
0
0
0
0
0
0
0
0
0
0
0
0
0
0
0
0
0
0
0
0
0
0
0
0
0
0
0
0
0
0
0
0
0
0
0
0
0
0
0
0
0
0
0
0
0
0
0
0
0
0
0
0
0
0
0
0
0
0
0
0
0
0
0
0
0
0
0
0
0
0
0
0
0
0
0
0
0
0
0
0
0
0
0
0
0
0
0
0
0
0
0
0
0
0
0
0
0
0
0
0
0
0
0
0
0
0
0
0
0
0
0
0
0
0
0
0
0
0
0
0
0
0
0
0
0
0
0
0
0
0
0
0
0
0
0
0
0
0
0
0
0
0
0
0
0
0
0
0
0
0
0
0
0
0
0
0
0
0
0
0
0
0
0
0
0
0
0
0
0
0
0
0
0
0
0
0
0
0
0
0
0
0
0
0
0
0
0
0
0
0
0
0
0
0
0
0
0
0
0
0
0
0
0
0
0
0
0
0
0
0
0
0
0
0
0
0
0
0
0
0
0
0
0
0
0
0
0
0
0
0
0
0
0
0
0
0
0
0
0
0
0
0
0
0
0
0
0
0
0
0
0
0
0
0
0
0
0
0
0
0
0
0
0
0
0
0
0
0
0
0
0
0
0
0
0
0
0
0
0
0
0
0
0
0
0
0
0
0
0
0
0
0
0
0
0
0
0
0
0
0
0
0
0
0
0
0
0
0
0
0
0
0
0
0
0
0
0
0
0
0
0
0
0
0
0
0
0
0
0
0
0
0
0
0
0
0
0
0
0
0
0
0
0
0
0
0
0
0
0
0
0
0
0
0
0
0
0
0
0
0.0018818444674366546
0
0
0
0
0
0
0
0
0
0
0
0
0
0
0
0
0
0
0
0
0
0
0
0
0
0
0
0
0
0
0
0
0
0
0
0
0
0
0
0
0
0
0
0
0
0
0
0
0
0
0
0
0
0
0
0
0
0
0
0
0
0
0
0
0
0
0.0019084080626998443
0
0
0
0
0
0
0
0
0
0
0
0
0
0
0
0
0
0
0
0
0
0
0
0
0
0
0
0
0
0
0
0
0
0
0
0
0
0
0
0
0
0
0
0
0
0
0
0
0
0
0
0
0
0
0
0
0
0
0
0
0
0
0
0
0
0
0
0
0
0
0
0
0
0
0
0
0
0
0
0
0
0
0
0
0
0
0
0
0
0
0
0
0
0
0
0
0
0
0
0
0
0
0
0
0
0
0
0
0
0
0
0
0
0
0
0
0
0
0.024966134580322496
0
0
0
0
0
0
0
0
0
0
0
0
0
0
0
0
0
0
0
0
0
0
0
0
0
0
0
0
0
0
0.00181463096219226
0
0
0
0
0
0
0
0
0
0
0
0
0
0
0
0
0
0
0
0
0
0
0.0017295190197309496
0
0
0
0
0
0
0
0
0
0
0
0
0
0
0
0
0
0
0
0
0
0
0
0
0
0
0
0
0
0
0
0
0
0
0
0
0
0
0
0
0
0
0
0
0
0
0
0
0
0
0
0
0
0
0
0
0
0
0
0
0
0
0
0
0
0
0
0
0
0
0
0
0
0
0
0
0
0
0
0
0
0
0
0
0
0
0
0
0
0
0
0
0
0
0
0
0
0
0
0
0
0
0
0
0
0
0
0
0
0
0
0
0
0
0
0
0
0
0
0
0
0.00181463096219226
0
0.0014257838862343066
0
0
0
0
0
0
0
0
0
0
0
0
0
0
0
0
0
0
0
0
0
0
0
0
0
0
0
0
0
0
0
0
0
0
0
0
0
0
0
0
0
0
0
0
0
0
0
0
0
0
0
0
0
0
0
0
0
0
0
0
0
0
0
0
0
0
0
0
0.0019227038526629296
0.0018247668719388807
0
0
0
0
0.0011245702097381798
0
0
0
0
0
0
0
0
0
0
0
0
0
0
0
0
0
0
0
0
0
0
0
0
0
0
0
0
0
0
0
0
0
0
0
0
0
0
0
0
0
0
0
0
0
0
0
0
0
0
0
0
0
0
0
0
0
0
0
0
0
0
0
0
0
0
0
0
0
0
0
0
0
0
0
0
0
0
0
0
0
0
0
0
0
0
0
0
0
0
0
0
0
0
0
0
0
0
0
0
0
0
0
0
0
0
0
0
0
0.001804850772724236
0
0
0
0
0
0
0
0
0
0
0
0
0
0
0
0
0
0
0
0
0
0
0
0
0
0
0
0
0
0
0
0
0
0
0
0
0
0
0
0
0
0
0
0
0
0
0
0
0
0
0
0
0
0
0
0
0
0
0
0
0
0
0
0
0
0
0
0
0
0
0
0
0
0
0
0
0
0
0
0
0
0
0
0
0
0
0
0
0
0
0
0
0
0
0
0
0
0
0
0
0
0
0
0
0
0
0
0
0
0
0
0
0
0
0
0
0
0
0
0
0
0
0
0
0
0
0
0
0
0
0
0
0
0
0
0
0
0
0
0
0
0
0
0
0
0
0
0
0.01005762375590625
0
0
0
0
0
0
0
0
0
0
0
0
0
0
0
0
0
0
0
0
0
0
0
0
0
0
0
0
0
0
0
0
0
0
0
0
0
0
0
0
0
0
0
0
0
0
0
0
0
0
0
0
0
0
0
0
0
0
0
0
0
0
0
0
0
0
0
0
0
0
0
0
0
0
0
0
0
0
0
0
0
0
0
0
0
0
0
0
0
0
0
0
0
0
0
0
0
0
0
0
0
0
0
0
0
0
0
0
0
0
0
0
0
0
0
0
0
0
0
0
0
0
0
0
0
0
0
0
0
0
0
0
0
0
0
0
0
0
0
0
0.0015290946420934899
0
0
0
0
0
0
0
0
0
0
0
0
0
0
0
0
0
0
0
0
0
0
0
0
0
0
0
0
0
0
0
0
0
0
0
0
0
0
0
0
0
0
0
0
0
0
0
0
0
0
0
0
0
0
0
0
0
0
0
0
0
0
0
0
0
0
0
0
0
0
0
0
0
0
0
0
0
0
0
0
0
0
0
0
0
0
0
0
0
0
0
0
0
0
0
0
0
0
0
0
0
0
0
0
0
0
0
0
0
0
0
0
0
0
0.00202847019093074
0
0
0
0
0
0
0
0
0
0
0
0
0
0
0
0
0
0
0
0
0
0
0
0
0
0
0
0
0
0
0
0
0
0
0
0
0
0
0
0
0
0
0
0
0
0
0
0
0
0
0
0
0
0
0
0
0
0
0
0
0
0
0
0
0
0
0
0
0
0
0
0
0
0
0
0
0
0
0
0
0
0
0
0
0
0
0
0
0
0
0
0
0
0
0
0
0
0
0
0
0
0
0
0
0
0
0
0
0
0
0
0
0
0
0
0
0
0
0
0
0
0
0
0
0
0
0
0
0
0
0
0
0
0
0
0
0
0
0
0
0
0
0
0
0
0
0
0
0
0
0
0
0.07389758657388706
0
0
0
0
0
0
0
0
0
0
0
0
0
0
0
0
0
0
0
0
0
0
0
0
0
0
0
0
0
0
0
0
0
0
0
0
0
0
0
0
0
0
0
0
0
0
0
0
0
0
0
0
0
0.0035210367212401734
0
0
0
0
0
0
0
0
0
0
0
0
0
0
0
0
0
0
0
0
0
0
0
0
0
0
0
0
0
0.010039078975621202
0
0
0
0
0
0
0
0
0
0
0
0
0
0
0
0
0
0
0
0
0
0
0
0
0
0
0
0
0
0.001953703193552067
0
0
0
0
0
0
0
0
0
0
0
0
0
0
0
0
0
0
0
0
0
0
0
0
0
0
0
0
0
0
0
0
0
0
0
0
0
0
0
0
0
0
0
0
0
0
0
0
0
0
0
0
0
0
0
0
0
0
0
0
0
0
0
0
0
0
0
0
0
0
0
0
0
0
0
0
0
0
0
0
0
0
0
0
0
0
0
0
0
0
0
0
0
0
0
0
0
0
0
0
0
0
0
0
0
0
0
0
0
0
0
0
0
0
0
0
0
0
0
0
0
0
0
0
0
0
0
0
0
0
0
0
0
0
0
0
0
0
0
0
0
0
0
0
0
0
0
0
0
0
0
0
0
0
0
0
0
0
0
0
0
0
0
0
0
0
0
0
0
0
0
0
0
0
0
0
0
0
0
0
0
0
0
0
0
0.0038755455098243414
0
0
0
0
0
0
0
0
0
0
0.00197059968792677
0
0
0
0
0
0
0
0
0
0
0
0
0
0
0
0
0
0
0
0
0
0
0
0
0
0
0
0
0
0
0
0
0
0
0
0
0
0
0
0
0
0
0
0
0
0
0
0
0
0
0
0
0
0
0
0
0
0
0
0
0
0
0
0
0
0
0
0
0
0
0
0
0
0
0
0
0
0
0
0
0
0
0
0
0
0
0
0
0
0
0
0
0
0
0
0
0
0
0
0
0
0
0
0
0
0
0
0
0
0
0
0
0
0
0
0
0
0
0
0
0
0
0
0
0
0
0.002075029300368635
0
0
0
0
0
0
0
0
0
0
0
0
0
0
0
0
0.001636791663592227
0
0
0
0
0
0
0
0
0
0
0
0
0
0
0
0
0
0
0
0
0
0
0
0
0
0
0
0
0
0
0
0
0
0
0
0
0
0
0
0
0
0
0
0
0
0
0
0
0
0
0
0
0
0
0
0
0
0
0
0
0
0
0
0
0
0
0
0
0
0
0
0
0
0
0
0
0
0
0
0
0
0
0
0
0
0
0.0015632647430110851
0
0
0
0
0
0
0
0
0
0
0
0
0
0
0
0
0
0
0
0
0
0
0
0
0
0
0
0
0
0
0
0
0
0
0
0
0
0
0
0
0
0
0
0
0
0
0
0
0
0
0
0
0
0
0
0
0
0
0
0
0
0
0
0
0
0
0
0
0
0
0
0
0
0
0
0
0
0
0
0
0
0
0
0
0
0
0
0
0
0
0
0
0
0
0
0
0
0
0
0
0
0
0
0
0
0
0
0
0
0
0
0
0
0
0
0
0
0
0
0
0
0
0
0
0
0
0
0
0
0
0
0
0
0
0
0
0
0
0
0
0
0
0
0
0
0
0
0
0
0
0
0
0
0
0
0
0.00608541057279222
0
0
0
0
0
0
0
0
0
0
0
0
0
0
0
0
0
0
0
0
0
0
0
0
0
0
0
0
0
0
0
0
0
0
0
0
0
0
0
0
0
0
0
0
0
0
0
0
0
0
0
0
0
0
0
0
0
0
0
0
0
0
0
0
0
0
0
0
0
0
0
0
0
0
0
0
0
0
0
0
0
0
0
0
0
0
0
0
0
0
0
0
0
0
0
0
0
0
0
0
0
0
0
0
0
0
0
0
0
0
0
0
0
0
0
0
0
0
0
0
0
0
0
0
0
0
0
0
0
0
0
0
0
0
0
0
0
0
0
0
0
0
0
0
0
0
0
0
0
0
0
0
0
0
0
0
0
0
0
0
0
0
0
0
0
0
0
0
0
0
0
0
0
0
0
0
0
0
0
0
0
0
0
0
0
0
0
0
0.0031185090080667077
0
0
0
0
0
0
0
0.0016264680092777485
0
0
0
0
0
0
0
0
0
0
0
0
0
0
0
0
0.0016702767003375068
0
0
0
0
0
0
0
0
0
0
0
0
0
0
0
0
0
0
0
0
0
0
0
0
0
0
0
0
0
0
0
0
0
0
0
0
0
0
0
0
0
0
0.003907406387104134
0
0
0
0
0
0
0
0
0
0
0
0
0
0
0
0
0
0
0
0
0
0
0
0
0
0
0
0
0
0
0
0
0
0
0
0
0
0
0
0
0
0
0
0
0
0
0
0
0
0
0
0
0
0
0
0
0
0
0
0
0
0
0
0
0
0
0
0
0
0
0
0
0
0
0
0
0
0
0
0
0
0
0
0
0
0
0
0.00170162507921897
0
0
0
0
0
0
0
0
0
0
0
0
0
0
0
0
0
0
0
0
0
0
0
0
0
0
0
0
0
0
0
0
0.0019377727549121707
0
0
0
0
0
0
0
0
0
0
0
0
0
0
0
0
0
0
0
0
0
0
0
0
0
0
0
0
0
0
0
0
0
0
0
0
0
0
0
0
0
0
0
0
0
0
0
0
0
0
0
0
0
0
0
0
0
0
0
0
0
0
0
0
0
0
0
0
0
0
0
0
0
0
0
0
0
0
0
0
0
0
0
0
0
0
0
0
0
0
0
0
0
0
0
0
0
0
0
0
0
0
0
0
0
0
0
0
0
0
0
0
0
0
0
0
0
0
0
0
0
0
0
0
0
0
0
0
0
0
0
0
0
0
0.00197059968792677
0
0
0
0
0
0
0
0
0
0
0
0
0
0
0
0
0
0
0
0
0
0
0
0
0
0
0
0
0
0
0
0
0
0
0
0
0
0
0
0
0
0
0
0.001953703193552067
0
0
0
0.002075029300368635
0
0
0
0
0
0
0
0
0
0
0
0
0
0
0
0
0
0
0
0
0
0
0
0
0
0.00155140308904821
0
0
0
0
0
0
0
0
0
0
0.0019084080626998443
0
0
0
0
0
0
0
0
0
0
0
0
0
0
0
0
0
0
0
0.0036705707159975197
0
0
0
0
0
0
0
0
0
0
0
0
0
0
0
0
0
0
0
0
0
0
0
0
0
0
0
0
0
0
0
0
0
0
0
0
0
0
0
0
0
0
0
0
0
0
0.0018247668719388807
0
0
0
0
0
0
0
0
0
0
0
0
0
0
0
0
0
0
0
0
0
0
0
0
0
0
0
0
0
0
0
0
0
0
0
0.0035908043594531087
0
0
0
0
0
0.003377319269009349
0.003134667055376213
0
0
0
0
0
0
0
0
0
0
0
0
0
0
0
0
0
0
0
0
0
0
0
0.007075354337853459
0
0
0
0
0
0
0
0
0
0
0
0
0
0.0036705707159975197
0
0
0
0
0
0.001988587012658535
0
0
0
0
0
0
0
0
0
0
0
0
0
0
0
0
0
0
0
0
0
0
0
0
0
0
0
0
0
0
0
0
0
0
0
0
0
0
0
0
0
0
0
0
0
0
0
0
0
0
0
0
0
0
0
0
0
0
0
0
0
0
0
0
0
0
0
0.0015553011497992525
0
0
0
0
0
0
0
0
0
0
0.0018948099121509502
0
0
0
0
0
0
0
0
0
0
0
0
0
0
0
0
0
0
0
0
0
0
0
0
0
0
0
0
0
0
0
0
0
0
0
0
0
0
0
0
0
0
0
0
0
0
0
0
0
0
0
0
0
0
0
0
0
0
0
0
0
0
0
0
0
0
0
0
0
0
0
0.0020078157951242404
0
0
0
0
0
0
0
0
0
0
0
0
0
0
0
0
0
0
0
0
0.004186303089941099
0
0
0
0
0
0
0
0
0
0
0
0
0
0
0
0
0
0
0
0
0
0
0
0
0
0
0.0054438928865767795
0
0
0
0
0
0
0
0
0
0
0
0
0
0
0
0
0
0
0
0
0
0
0
0
0
0
0
0
0
0
0
0
0
0
0
0
0
0
0
0
0
0
0
0
0
0
0
0
0
0
0
0
0
0
0
0
0.00197059968792677
0
0
0.002075029300368635
0
0
0
0
0
0
0
0
0
0
0
0
0
0
0
0
0
0
0
0
0
0
0
0
0
0
0
0
0
0
0
0
0
0
0
0
0
0
0
0
0
0
0
0
0
0
0
0
0
0
0
0
0
0
0
0
0
0
0
0
0
0
0
0
0
0
0
0
0
0
0
0
0
0
0.0017295190197309496
0
0
0
0
0
0
0
0
0
0
0
0
0
0
0
0
0
0
0
0
0
0
0
0
0
0
0
0
0
0
0
0
0
0
0
0
0
0
0
0
0
0
0
0
0
0
0
0
0
0
0
0
0
0
0
0
0
0
0
0
0
0
0
0
0
0
0
0
0
0
0
0.005768111557988789
0
0
0
0
0
0
0
0
0
0
0
0
0
0
0
0
0
0
0
0
0
0
0
0
0
0
0.0018575938049534802
0
0
0
0
0
0
0
0
0
0
0
0
0
0
0
0
0
0
0
0
0
0
0
0
0
0
0
0
0
0
0
0
0
0
0
0
0
0
0
0
0
0
0
0
0
0
0
0
0
0
0
0
0
0
0
0
0
0
0
0
0
0
0
0
0
0
0
0
0
0
0
0
0
0
0
0
0
0
0
0
0
0
0
0.0016530316045409383
0
0
0
0
0
0
0
0
0
0
0
0
0
0
0
0
0
0
0
0
0
0
0
0
0.010291339378607184
0
0
0
0
0
0
0
0
0
0
0
0
0
0
0
0
0
0
0
0
0
0
0
0
0
0
0
0
0
0
0
0
0
0
0.0018352853579987598
0
0
0
0
0
0
0
0
0
0
0
0
0
0
0
0
0
0
0
0
0
0
0
0
0
0
0
0
0
0
0
0
0
0
0
0
0
0
0
0
0
0
0
0
0
0
0
0
0
0
0
0
0
0
0
0
0
0
0
0
0
0
0
0
0
0
0
0
0
0
0
0
0
0
0
0
0
0
0
0
0
0
0
0
0
0
0
0
0
0
0
0
0
0
0
0
0
0
0
0
0
0
0
0
0
0
0
0
0
0
0
0
0
0
0
0
0
0
0
0
0
0
0
0
0
0
0
0
0
0
0
0
0
0
0
0
0
0
0
0
0
0
0
0
0
0
0
0
0
0
0
0
0
0
0
0
0
0
0
0
0
0
0
0
0
0
0
0
0
0
0
0
0
0
0
0
0
0
0
0
0
0
0
0
0
0
0
0
0
0
0
0
0
0
0
0
0
0
0
0
0
0
0
0
0
0
0
0
0
0
0
0
0
0
0
0
0
0
0
0
0
0
0
0
0
0
0
0
0
0
0
0
0
0
0
0
0
0
0
0
0
0
0
0
0
0
0
0
0
0
0
0
0
0
0
0
0
0
0
0
0
0
0
0
0
0
0
0
0
0
0
0
0
0
0
0
0
0
0
0
0
0
0
0
0
0
0
0
0
0
0
0
0
0
0
0
0
0
0
0
0
0
0
0
0
0
0
0
0
0
0
0
0
0
0
0
0
0
0
0
0
0
0
0
0
0.0037389109178327107
0
0
0
0
0
0
0
0
0
0
0
0
0
0
0
0
0
0
0
0
0
0
0
0
0
0
0
0
0
0
0
0
0
0
0
0
0
0
0
0
0
0
0
0
0
0
0
0
0
0
0
0
0
0
0
0
0
0
0
0
0
0
0
0
0
0
0
0
0
0
0
0
0
0
0
0
0
0
0
0
0
0
0
0
0
0
0
0
0
0
0
0
0
0
0
0
0
0
0
0
0
0
0
0
0
0
0
0
0
0
0
0
0
0
0
0
0
0
0
0
0
0
0
0
0
0
0
0
0
0
0
0
0
0
0
0
0
0
0
0
0
0
0
0
0
0
0
0
0
0
0
0
0
0
0
0
0
0
0
0
0
0
0
0
0
0.0018948099121509502
0
0
0
0
0
0
0
0
0
0
0
0
0
0
0
0
0
0
0
0
0
0
0
0
0
0
0.00170162507921897
0
0
0
0
0
0
0
0
0
0
0
0
0
0
0
0
0
0
0
0
0
0
0
0
0
0
0
0
0
0
0
0
0
0
0
0
0
0
0
0
0
0
0
0
0
0
0
0
0
0
0
0
0
0
0
0
0
0
0
0
0
0
0
0
0
0
0
0
0
0
0
0
0
0
0
0
0
0
0
0
0
0
0
0
0
0
0
0
0
0
0
0
0
0
0
0
0
0
0
0.0019377727549121707
0
0
0
0
0
0
0
0
0
0
0
0
0
0
0
0
0
0
0
0
0
0
0
0
0
0.001988587012658535
0
0
0
0
0
0
0
0
0
0
0
0
0
0
0
0
0
0
0
0
0
0
0
0
0
0
0
0
0
0
0
0
0
0
0
0
0
0
0
0
0
0
0
0
0
0
0
0
0
0
0.00405694038186148
0
0
0
0
0
0
0
0
0
0
0
0
0
0
0
0
0
0
0
0
0
0
0
0
0
0
0
0
0
0
0
0
0
0.001953703193552067
0
0
0
0
0
0
0
0
0
0
0
0
0
0
0
0
0
0.005233763765940571
0
0
0
0
0
0
0
0
0
0
0
0
0
0
0
0
0
0
0
0
0
0
0
0
0
0
0
0
0
0
0
0
0
0
0
0
0
0
0
0
0
0
0
0
0
0
0
0
0
0
0
0
0.0037389109178327107
0
0
0
0
0
0
0
0
0.0015592545040333538
0
0
0
0
0
0
0
0
0
0
0
0
0
0
0
0
0
0
0
0.0018352853579987598
0
0
0
0
0
0
0
0
0
0
0
0
0
0
0
0.010375146501843176
0
0
0
0
0
0
0
0.00181463096219226
0
0
0
0
0
0
0
0
0
0.010253893189427304
0
0
0
0
0
0
0
0
0
0
0
0
0
0.00788239875170708
0
0
0
0
0
0
0
0
0
0
0
0
0
0
0
0
0
0
0
0
0
0
0
0
0
0
0
0
0
0.0016886596345046744
0
0.02468359817899185
0
0
0
0
0
0.00397717402531707
0
0
0
0
0
0
0
0
0
0
0
0
0
0
0
0
0
0
0
0
0
0
0
0
0
0
0
0
0
0
0
0
0
0
0
0
0
0
0
0
0
0
0
0
0
0
0
0
0
0
0
0
0
0
0
0
0
0
0
0
0
0
0
0
0
0
0
0
0
0
0
0
0
0
0
0
0
0
0
0
0
0
0
0
0
0
0
0
0
0
0
0
0
0
0
0
0
0
0
0
0
0
0
0
0
0
0
0
0
0
0
0
0
0
0
0
0
0
0
0
0
0
0
0
0
0
0
0
0
0
0
0
0
0
0
0
0
0
0
0
0
0
0
0
0
0
0
0
0
0
0
0
0
0
0
0
0
0
0
0
0
0
0
0
0
0
0
0
0
0
0
0
0
0
0
0
0
0
0
0
0
0
0
0
0
0
0
0
0
0
0
0
0
0
0
0
0
0
0
0
0
0
0
0
0
0
0
0
0
0
0
0
0
0
0
0
0
0
0
0
0.24236782396288026
0
0
0
0
0
0
0
0
0
0
0
0
0
0
0
0
0
0
0
0
0
0
0
0
0
0
0
0
0
0
0
0
0
0
0
0
0
0
0
0
0
0
0
0
0
0
0
0
0
0
0
0
0
0
0
0
0
0
0
0
0
0
0
0
0
0
0
0
0
0
0
0
0
0
0
0
0
0
0
0.0019227038526629296
0
0
0
0
0
0
0
0
0
0
0
0
0
0
0
0
0
0
0
0
0.0020507786378854607
0
0
0
0
0
0
0
0
0
0
0
0
0
0
0
0
0
0
0
0
0
0
0
0
0
0
0
0
0
0
0
0
0
0
0
0
0
0
0
0
0
0
0
0
0
0
0
0
0
0
0
0
0
0
0
0
0
0
0
0
0
0
0
0
0
0
0
0
0
0
0
0
0
0
0
0
0
0
0
0
0
0
0
0
0
0
0
0
0
0
0
0
0
0
0
0
0
0
0
0
0
0
0
0
0
0
0
0
0
0
0
0
0.005981899206290776
0
0
0
0
0
0
0
0
0
0
0
0
0
0
0
0
0
0
0
0
0
0
0
0
0
0
0
0
0
0
0
0
0
0
0
0
0
0
0
0
0
0
0
0
0
0
0
0
0
0
0
0.0035725268662407396
0
0
0
0
0
0
0
0
0
0
0
0
0
0
0
0
0
0
0
0
0
0
0
0
0
0
0
0
0
0
0
0
0
0
0
0
0
0
0
0
0
0
0
0
0
0
0
0
0
0
0
0
0
0
0
0
0
0
0
0
0
0
0
0
0
0
0
0
0
0
0
0
0
0
0
0
0
0
0
0
0
0
0
0
0
0
0
0
0
0
0
0
0
0
0
0
0
0
0
0
0
0
0
0
0
0
0
0
0
0
0
0
0
0
0
0
0
0
0
0
0
0
0
0
0
0
0
0
0
0
0
0
0
0
0
0
0
0
0
0
0
0
0
0
0
0
0
0
0
0
0
0
0
0
0
0
0
0
0
0
0
0
0
0
0
0
0
0
0
0
0
0
0
0
0
0
0
0
0
0
0
0
0
0
0
0
0
0
0
0
0
0
0
0
0
0
0
0
0
0
0
0
0
0
0
0
0
0
0
0
0
0
0
0
0
0
0
0
0
0
0
0
0
0
0
0
0
0
0
0
0
0
0
0
0
0
0
0
0
0
0
0
0
0
0
0
0
0
0
0
0
0
0
0
0
0
0
0
0
0
0
0
0
0
0
0
0
0
0
0
0
0
0
0
0
0
0
0
0
0
0
0
0
0
0
0
0
0
0
0
0
0
0
0
0
0
0
0.1493011319392538
0
0
0
0
0
0
0
0
0.0019227038526629296
0
0
0
0
0
0
0
0
0
0
0
0
0
0
0
0
0
0
0
0
0
0
0
0
0
0
0
0
0
0
0
0
0
0
0
0
0
0
0
0
0
0
0
0
0
0
0
0.0037389109178327107
0
0
0
0
0
0
0
0
0
0
0
0.008844192922316824
0
0
0
0
0
0
0
0
0
0
0
0
0
0
0
0.0020078157951242404
0
0
0
0
0
0
0
0
0
0
0
0
0
0
0
0
0
0
0
0
0
0
0
0
0
0
0
0
0
0
0
0
0
0
0
0
0
0
0
0.008804002512224882
0.0458955545712761
0
0.001804850772724236
0
0
0
0
0
0
0
0
0
0
0
0
0
0
0
0
0
0.001988587012658535
0
0
0
0
0
0
0
0
0
0
0
0
0
0
0
0
0
0
0
0
0
0
0
0
0
0
0
0
0
0
0
0
0.001988587012658535
0
0
0
0
0
0
0
0
0
0
0
0
0
0
0
0
0
0
0
0
0
0
0
0
0
0
0
0
0
0
0
0
0
0
0
0
0
0
0.036557224556241316
0
0
0
0
0
0
0
0
0
0
0
0
0
0
0
0
0
0
0
0
0
0
0
0
0
0
0
0
0
0
0
0
0
0
0
0
0
0
0
0
0
0
0
0
0
0
0
0
0
0
0
0
0
0
0
0
0
0
0
0
0
0
0
0
0
0
0
0
0
0
0
0
0
0
0
0
0
0
0
0
0
0
0
0
0
0
0
0
0
0
0
0
0
0
0
0
0
0
0
0
0
0
0
0
0
0
0
0
0
0
0
0
0
0
0
0
0
0
0
0
0
