0
0
-1.2212227039679922e-08
0
0
0
0
0
0
0
0
0.002701629916035474
0
0
0
0
0.0011205534842366135
0
0
0
0
0
0
0.004410077926641364
0.0007384737768695237
0
0
0
0
0
0
0
0
0
0.0013159187797705501
0.007409363694605141
0.007381781575350012
0
0
0
0.008293360029893351
0
0
0
0
0
0
0
0
0.007235113959570758
0
0
0
0
0
0
0
0.001203980107282235
0
0
0
0.002688350198749396
0.0008338685448232165
0
0
0
0
0
0.0008816480149640005
0
0.0012848220562268092
0
0.018931512811767397
0
0.0041939725672872335
0
0
0
0.005702803494981216
0
0
0
0
0
0.0007889818659027676
0
0
0.006360127232666551
0.002333775084946078
0
0
0
0
0
0.0026606474429510026
0.014566503959870183
0
0.005747085052635125
0
0
0
0
0.0007911852743962408
0
0
0.0021302163908952284
0
0
0
0
0
0
0
0
0
0
0
0
0
0
0
0
0.004934048439227733
0
0.0021308872153044892
0
0
0.003381093110999123
0
0
0
0.0012832280309444516
0
0
0
0
0
0
0.0005513181986248208
0
0
0
0.006362830699930715
0
0
0
0
0
0
0
0
0
0
0
0
0
0
0
0
0
0
0
0
0
0
0
0
0
0
0.0036459078081067958
0.0007882279704183577
0.09366062337401215
0
0
0
0
0
0
0
0
0
0
0.0029732095831558514
0
0.0035537497265752285
0.0009427678120743966
0
0
0
0.0017079949477857123
0
0
0
0
0
0.0022447908776296057
0.0182516619214691
0.004225780537632434
0.006160390246443977
0.0012043987621367996
0.0003864300189424822
0
0
0.0025825009099642643
0
0
0
0
0
0.0025515940322280374
0
0
0.0016275156635885126
0
0
0.0032785274576732017
0.0005912615993639147
0
0.002173614619462684
0.0007128580746675396
0.006727681273146398
0
0
0.000821363984976485
0
0
0.00795425364321061
0
0
0
0.006914760871501423
0
0.0005693316492619041
0.02093020316826786
0
0
0
0.0017554538646565733
0
0
0
0.0021029067521116584
0
0.002571079519685904
0
0
0
0
0
0
0.0007386564766334011
0
0
0
0.00089622437201988
0.000968472895079252
0
0.0008844902998165124
0.0009479854278946014
0
0
0
0
0
0
0
0.0011722621922643788
0
0
0
0.0020952250051304074
0
0
0
0.009223906549736819
0
0
0.0007556500451512969
0.005607540604491877
0
0
0
0
0.001598616068622325
0.0011567983552882538
0.014844767510168182
0.009444097727597918
0
0
0
0
0
0
0
0
0.0009751624699106305
0.004048443261133015
0
0.0037306994905995177
0.00503600928680828
0
0
0
0
0
0
0
0
0
0
0.004191601433710962
0
0
0
0
0
0
0.001206465101122234
0.0023056470383993888
0
0.0019486311042653647
0
0
0.006446005058295083
0
0
0
0
0
0
0.0003668329536204913
0
0.006043900629950393
0
0
0
0.002733603352749043
0
0.0017423922700583081
0
0.013018312339407449
0.0008403854402019874
0
0
0.05960568165569888
0.0008655226197459936
0.0019042970975023156
0
0
0.0077627706934498926
0
0
0
0
0
0.0006884419682427168
0
0
0
0.0012444892167573509
0
0
0
0
0
0
0.0008275312719837427
0
0.002369166484383486
0
0
0
0
0
0.007463183706858574
0
0.006456327016567198
0
0.009814309115213495
0
0.0009855765327251081
0
0
0
0
0
0
0
0
0
0
0
0.0034468356151363907
0
0
0
0
0
0
0
0
0
0.0024388788893857476
0
0
0
0
0.0043295488300489965
0.0007571340516477179
0.0013128016649903156
0
0
0.0012780852798569625
0
0
0
0
0
0
0.02630988185900678
0
0
0
0.0051543952836681246
0.000844194022789174
0
0
0
0
0
0
0.0008269115190766497
0
0
0
0
0.0036515792252147924
0.0011824833379463363
0
0
0.001870913938071754
0
0
0
0
0
0
0
0
0
0
0
0.0010479935283286008
0
0.004029094417472809
0
0
0
0
0
0.003031413096170132
0
0
0
0
0
0
0
0
0
0.009550566250029712
0
0
0
0
0
0
0
0
0
0
0
0
0.000749208785958914
0
0
0
0
0
0
0
0
0
0
0
0
0
0.002706971635949335
0.0008974313979766847
0
0
0
0.0029473962741025004
0
0
0
0
0
0
0
0.0015221586461352536
0
0.0010484931418218084
0.005430159897659435
0
0
0
0
0
0
0
0
0.002859972579454331
0
0
0
0.0013244012033344656
0
0
0
0.0013734828318815574
0
0
0
0.0007310264267640828
0
0
0.0034866179324137703
0
0.022690590575285566
0.00045630254010122824
0
0
0
0
0
0
0.0007040797370855032
0
0
0
0
0
0.004888858345304284
0
0.000636305251446918
0.0012184017402280623
0.005021767383424134
0
0
0
0.002665048424540208
0
0
0.0007974420746592174
0
0
0
0
0
0
0
0.0017449444046060247
0.0015518920736259433
0
0.001206709715425717
0.001837013474254521
0
0.013347862263512904
0
0.0018775681416025466
0.0008648814543113217
0.0006160390246443978
0
0
0
0
0
0
0
0
0.0010920556913576157
0
0
0.009618350068675558
0.0008019543990453312
0
0.002244773919283178
0
0
0
0.02149928773781886
0
0
0.0008297745865262501
0.0014428426340128903
0
0.002568936274345932
0
0.0007859810022110014
0
0.0006646060606797343
0.001230656484529231
0
0
0
0
0
0.0031088313740537735
0
0
0
0.004104325361607337
0.0004573711922963414
0
0.010564132181764684
0.0007030381139372507
0.0013882394722823394
0
0
0
0
0
0.0015143580297172453
0
0.0042607823022116
0.008399881271064542
0
0
0
0.0009106545724900173
0.002626562036646802
0.007150428808420641
0
0
0
0.0007069687723321232
0
0.0007907760714920132
0
0
0.0015529803073273919
0.0006359168427113822
0
0
0
0
0.0007254312425572331
0
0.0031439240088440056
0
0
0
0
0
0
0
0
0.003314270721337923
0
0
0
0
0.00436806094463039
0
0
0.006436117510338809
0
0
0.0009781950498406282
0
0.0004214929579303976
0
0.00629981230919259
0
0.001419254087502175
0
0
0.001709740208046947
0
0
0
0
0
0
0
0.0043135194485446615
0.0007027784437608535
0
0
0.003247161622536747
0
0
0
0.0022364167530097676
0.0004481847009163195
0
0
0
0
0
0
0
0
0
0.0030948591362490374
0.0012973667415262695
0
0
0
0
0
0
0
0
0
0
0
0
0
0
0.0007998044712966479
0.0013064816960760687
0.0015172170875862225
0.0009734717423168713
0
0.0007067046276542953
0
0
0.000380923424488145
0.0008695432245557636
0
0
0.0006223539190459383
0
0
0.001207138911987871
0
0.012361463967375834
0
0
0.0030777883764867052
0
0
0
0
0.000703818888598354
0
0
0
0
0
0
0.002958273307217299
0
0
0.0007398730822058121
0
0.0008270852235087308
0
0
0
0
0
0
0.001265283185755751
0
0
0
0
0
0.0013927604071101746
0.0016223234771205787
0.000756631987925142
0
0
0
0
0
0
0
0
0
0
0
0
0
0
0
0.002871620558868894
0.004514717378147015
0
0
0
0.006889301593321805
0
0
0
0
0
0
0.004986164417467623
0.0013407875356370275
0.001445665698946588
0
0.0015578252413719251
0
0
0
0
0
0
0
0
0
0
0
0
0
0
0
0
0
0
0
0
0.00865820492576895
0
0
0.002425130476936106
0
0
0
0
0
0.0014797461644116242
0.0018433155509121305
0
0
0
0.03361781537266606
0
0
0.0008733260723120306
0
0
0
0
0
0
0
0.0010199881883331604
0
0
0.000823109252685539
0
0.010411185197594283
0
0
0.011559234141993597
0
0
0
0
0.0017996257820587203
0
0
0
0
0
0
0
0
0
0
0
0
0
0
0
0.0011086753345085337
0
0
0
0
0.0008844902998165124
0
0
0
0
0
0.0012498585012694053
0.001009901574834521
0.002624755241707494
0
0
0.0011783402003278773
0
0
0.0019711530654502162
0
0
0
0
0.0006879548114571833
0
0
0
0
0
0
0
0
0
0
0
0.0021720346752002913
0
0
0.000647864356836632
0
0
0
0
0.004831254846284802
0.0014865046483344558
0
0.0010220597151076754
0
0.0005588264854206646
0
0
0
0
0
0
0
0
0
0
0
0
0.03577966662647708
0.005136973948613277
0
0
0
0
0
0
0.009544246049896071
0
0
0
0.0024572502792323606
0.002162077188327603
0.0036428225421905663
0.00613900453877729
0
0
0
0
0
0
0
0
0
0
0
0
0
0
0.001626500398056113
0
0
0
0
0
0
0
0.0026054212318353314
0
0
0.003613196286410399
0
0.05503682988645724
0
0
0
0
0
0
0
0
0
0.0015141420704758682
0
0.0009427678120743966
0
0
0
0
0
0
0
0.0011783402003278773
0
0.0008046033498263284
0
0
0
0
0
0
0
0
0
0.000979444491547329
0
0
0
0
0.0009383879098047497
0
0
0
0
0.003716699955984337
0
0
0
0
0.001394277316127726
0
0
0
0
0
0
0.0027492125678009295
0
0
0.0008136701770749716
0
0
0
0
0
0
0
0
0.0006519889143640331
0.0006593898540043874
0
0.002633781461209739
0
0
0
0
0
0
0
0.0014038700354650872
0
0
0
0
0
0
0
0.0023156631043299222
0
0.0028850586420594952
0
0
0
0
0
0.00041236010843155694
0
0
0
0
0
0
0.0016051832633715642
0
0
0
0
0
0.0029333688127691103
0
0
0
0.0012799343029443499
0
0
0
0
0
0
0.004817595048547198
0
0
0
0
0
0
0
0
0
0.002013919796502839
0
0.004229184376480915
0
0
0
0
0
0
0
0
0
0
0
0.010314942754948856
0
0
0
0
0
0.004100809693936026
0
0.004233034123736441
0
0
0.0011953804330603957
0
0
0
0
0
0
0
0.000987359006122284
0
0
0
0
0
0
0.004884696690560731
0
0
0
0
0
0
0.0008226716922932452
0
0
0
0
0
0
0
0
0
0.008087803141437803
0
0.0008293241693072726
0.0008021913915207364
0
0
0
0
0
0
0
0.001143628662207535
0
0
0
0
0
0.00952223050980743
0
0
0.007291161408221366
0
0
0.0015930604916112212
0
0
0
0
0
0
0
0
0
0.0008495360097961339
0
0
0.0022577811386009896
0
0
0
0
0
0
0
0
0
0
0
0
0
0
0
0
0
0.001236420391783502
0.0036782530899086108
0
0
0.004310076681723301
0.0007186239842486414
0
0
0
0.0019503711074043252
0.0011458468609242035
0.00150546413808156
0
0
0
0
0
0
0
0
0
0
0
0
0
0
0
0
0
0
0.0007423257765732978
0
0
0.001498417571917828
0
0
0.0024498950997673347
0
0
0
0
0
0
0
0
0
0.0007546722779085905
0
0
0
0
0.0010359996143526594
0
0
0
0
0
0
0
0
0.0009156850262256076
0.037203049025177
0
0.005837079813762514
0
0
0
0
0
0
0
0.003324524625366613
0
0
0
0
0
0
0
0.0009111444966935693
0
0
0
0
0
0
0.0007410961591148947
0
0
0
0
0.003621081505127201
0
0
0
0
0
0
0
0
0
0
0
0
0
0
0
0
0
0
0
0
0
0
0
0
0
0
0
0
0
0
0
0
0
0
0
0
0.0011127050118591802
0
0
0.0007804578083178146
0
0
0
0
0.2965764352020673
0
0
0
0
0
0.0018542006942029582
0
0
0
0.0010796978444947297
0.0006613320910340423
0
0
0.0019060063710727357
0
0.0023446556535897394
0
0.0008248678686520272
0
0
0
0
0
0.0013418641566540726
0
0
0
0
0.0038805085273246214
0
0
0
0
0.0030064176608625283
0
0
0
0
0
0
0
0
0
0
0
0
0
0
0
0
0.0009533241931514437
0
0
0
0
0
0
0
0
0
0
0
0
0
0
0
0
0
0
0
0
0
0
0
0
0
0
0
0
0
0
0
0.004051144048495455
0
0.0011423092847366938
0
0
0
0
0.003952485565061154
0
0
0.0010892515356680735
0.0020178336570077404
0
0
0.017391933930094344
0
0
0.0037444570564110803
0
0
0
0.0009487405613048543
0
0
0
0
0
0
0
0
0
0
0
0
0
0
0.001075721873671538
0
0
0.06639166014977636
0
0
0
0
0
0.0010796978444947297
0
0.0015631037690598264
0.0025305311561827724
0
0
0
0
0
0.00308335421293955
0
0
0
0
0
0
0
0
0
0
0
0
0
0.0009820525110009815
0
0.0010371077510360229
0
0
0
0
0
0
0
0
0
0.005417656941706504
0
0
0
0
0.0008974313979766847
0
0
0
0
0
0
0
0
0
0
0
0.002146757163972603
0
0.0015198715009212983
0
0
0
0.0018076806509764512
0
0
0
0
0
0
0
0
0
0
0
0
0
0
0
0
0
0
0
0
0
0
0
0
0
0
0
0
0.0020719992287053187
0
0
0
0
0
0
0
0
0
0
0
0
0.004963954315232523
0
0
0
0
0
0
0.001903109207006059
0
0
0
0
0
0
0.011353238940056397
0
0
0
0
0
0
0.0012161930353921575
0
0
0.0036068263811241366
0
0
0
0
0
0
0
0
0
0
0
0
0.001206709715425717
0
0
0
0
0
0
0.0009054353999692947
0.0014113021458557915
0
0
0
0.0016922444692970301
0
0
0
0
0
0
0
0
0
0.0021926542135144657
0
0
0
0
0
0
0
0
0
0
0
0
0
0.0008066328238728384
0
0
0
0
0
0
0
0
0
0
0.0019967082970688923
0
0
0
0
0
0
0
0
0
0
0
0
0
0
0
0
0
0
0.0009143785572747152
0
0.0039319146995604745
0
0
0
0
0
0
0
0
0
0
0
0
0
0
0
0
0
0
0
0
0
0
0
0
0.0011682976472116066
0
0.0015048137227783162
0
0
0
0
0
0
0
0
0
0
0
0
0
0
0
0
0
0
0
0
0
0
0
0
0
0
0
0
0
0
0
0
0
0
0
0
0
0
0
0
0
0
0
0
0
0
0
0
0
0
0
0
0
0
0
0
0
0
0
0
0
0
0
0.00270076269899697
0.001276762695188007
0
0.0020546433639167016
0
0
0
0.002904916016511783
0
0.0010592454448588374
0
0
0
0
0
0.0010508394674539634
0
0
0
0
0
0
0
0
0
0.0014268830174280634
0.001552265659423628
0
0
0
0.015592986514374265
0
0
0
0
0
0
0
0
0
0
0
0
0
0.005128677201287305
0
0
0
0
0.0009137280959731568
0.0008782830097861578
0
0
0
0
0
0.0010948944671272868
0
0
0
0
0
0
0
0.00309035920999203
0
0
0
0
0
0.0009502583088402308
0
0
0
0
0.0013998825203321392
0.0026381976463725905
0
0
0
0
0
0
0
0
0
0
0
0
0
0
0
0.0011576421705795632
0
0
0
0
0
0
0
0
0.0009726310177357928
0
0
0
0
0
0
0
0
0
0
0
0
0
0
0
0
0
0
0.0009864660422164672
0
0
0
0
0
0
0.0028530628680884045
0
0
0
0
0
0
0
0
0
0
0
0
0
0
0
0.004497159595809062
0
0.003160469456382358
0
0
0.0012114024888520696
0
0
0
0
0
0
0
0
0
0
0
0
0
0
0
0
0
0
0
0
0
0
0
0
0
0
0
0
0
0
0
0
0.0022573586890735076
0
0
0
0
0.0007715374532160088
0
0
0
0
0
0
0
0
0
0
0
0
0
0
0
0
0
0
0
0
0
0.001813383788888729
0
0
0
0
0
0
0
0
0
0
0
0
0
0.0006913867843743311
0
0
0
0
0
0
0.019066483863028873
0
0
0.00920986423397354
0
0
0
0
0
0
0
0
0
0
0
0
0
0
0
0
0
0
0
0
0
0
0
0
0
0
0
0
0
0
0.001743394450952686
0
0
0
0.0010169154755688083
0
0
0
0
0
0
0
0
0
0
0
0
0
0
0
0
0
0
0
0
0
0
0
0
0
0
0
0
0
0
0
0
0
0
0
0
0.0031777363345765123
0
0
0
0
0
0
0
0
0.003088381964244089
0
0
0
0
0
0
0
0
0
0
0
0
0
0
0
0
0
0
0
0
0
0
0
0
0
0
0.0014971489481242755
0.0019051077623041372
0
0
0.00301092827616312
0
0
0
0
0
0
0
0
0
0
0
0
0
0
0
0
0
0
0
0
0
0
0
0
0
0
0
0
0
0
0
0
0
0
0
0
0
0
0
0.0009427678120743966
0
0
0
0
0
0
0
0
0
0
0
0
0
0
0
0
0
0
0
0
0
0.0009189840486234327
0
0
0
0
0
0
0
0
0
0
0
0
0
0
0
0
0
0.016709783922492272
0
0
0
0
0
0
0
0
0
0
0
0
0
0
0
0
0
0.031113232531080684
0.0011549364996357775
0.0007656634379417627
0
0
0
0
0
0
0
0
0
0
0
0
0
0
0.0021647744150244982
0
0
0
0
0
0
0
0
0
0
0
0
0
0
0
0
0
0
0
0
0
0
0.011021286940163093
0
0
0
0
0
0
0
0
0
0
0
0.0011931800534291813
0
0
0
0
0
0
0
0
0
0
0
0.0012021108037893248
0
0
0
0
0.0034677007631763565
0
0
0
0
0
0
0
0
0
0
0
0
0
0
0
0
0
0
0
0
0
0
0
0
0
0.0006779559354075768
0
0.0010744116825667695
0
0
0
0
0
0
0
0
0
0
0
0
0.0013684249492780885
0
0
0.0012021108037893248
0
0
0
0
0
0
0
0
0
0
0
0
0.0010718134863713378
0
0
0
0
0
0
0
0
0
0
0
0
0
0
0
0
0
0
0
0.0014524580082558914
0
0
0
0
0.0008270852235087308
0
0
0
0
0
0
0
0
0
0
0
0
0
0
0
0
0
0
0
0
0
0
0
0
0
0
0
0
0.003401089112521256
0
0
0
0
0
0
0
0
0
0
0
0
0
0
0
0
0
0
0
0.0027095225035362637
0
0
0
0
0
0
0
0.006852976125818566
0.0009264129387666054
0
0
0
0
0
0
0
0.0010273216819583508
0
0
0
0
0
0
0
0
0
0
0
0
0
0
0
0
0
0
0
0
0
0
0
0
0
0
0
0
0
0
0.0015632508541728236
0
0
0.007120215003996524
0
0
0.001273634239898106
0
0
0.04790020353567587
0.006117856777962742
0
0.0026673024302996014
0
0.0008041995956984219
0.001437804382156843
0
0
0
0
0
0
0
0
0
0
0
0
0
0
0.0011931800534291813
0
0
0
0
0.0033190983461050005
0
0
0
0
0
0.0029838911285741494
0
0
0
0
0
0
0
0
0
0
0
0
0.0011051156128092444
0
0
0
0.0044281856236066345
0
0
0
0
0
0
0
0
0.0014815800879908942
0
0
0
0
0
0
0
0
0
0
0
0
0
0
0
0
0
0
0
0
0
0
0
0
0
0
0
0
0
0
0
0
0
0
0
0
0
0
0
0
0
0
0
0
0
0
0
0
0
0
0
0
0
0
0
0
0
0
0
0
0
0
0
0.007530388441688258
0
0.0011512574144790884
0
0
0
0
0
0
0
0
0
0
0
0
0
0
0
0
0
0
0
0
0
0
0
0
0
0
0
0
0
0
0
0
0
0
0
0
0
0
0
0
0
0
0
0
0
0
0
0
0.0009709587346065493
0.0009420320101128718
0
0
0
0
0
0
0
0.010108905566462918
0
0
0
0
0
0
0
0
0
0
0
0
0
0.002250788922576622
0
0
0
0
0
0
0
0
0
0
0
0
0
0
0
0
0
0
0
0
0
0
0
0
0
0
0
0
0
0
0.0027095225035362637
0
0
0
0
0
0
0
0
0
0
0
0
0
0
0
0
0
0
0
0
0
0
0.0036217415998771787
0
0
0
0
0.003088381964244089
0
0
0
0
0
0
0
0.0008099177071212809
0
0
0
0
0
0
0
0.00479040829090954
0
0
0
0
0
0
0
0
0.0009383879098047497
0
0
0
0
0
0
0
0
0
0
0
0
0
0
0
0
0
0.0011512574144790884
0
0
0
0
0
0
0
0
0
0
0
0
0
0
0
0
0
0
0
0
0
0
0
0
0
0
0
0
0
0.0006961279403188553
0
0
0
0
0
0
0
0
0
0
0
0
0
0
0
0
0
0
0
0
0
0
0
0
0
0
0
0
0
0
0
0
0
0
0
0
0.004569237138946775
0
0.0015764559408367154
0.0013547612517681318
0
0
0
0
0
0
0
0
0
0
0
0
0
0
0
0
0
0
0.0009369462880494965
0
0
0
0
0
0
0
0
0
0
0
0.0013829521743002847
0
0
0
0
0
0
0
0
0
0
0
0
0
0
0
0
0
0
0
0
0
0
0
0
0
0
0
0
0
0
0
0
0
0
0
0
0
0
0
0
0
0
0.00270076269899697
0
0
0
0
0
0
0
0
0
0
0
0
0
0
0
0
0
0
0
0
0
0
0
0
0
0
0
0
0
0
0
0
0
0
0
0
0.0011303395533142856
0
0
0
0
0
0
0
0
0
0
0
0
0
0
0
0
0
0
0
0
0
0
0
0
0
0
0
0
0
0
0
0
0
0
0
0
0
0
0
0
0
0
0
0
0
0
0
0
0
0
0
0
0
0
0
0
0
0
0
0
0
0
0
0
0
0
0
0
0
0
0
0
0
0
0
0
0
0.0008099177071212809
0
0
0
0
0
0
0
0
0
0
0
0
0
0
0
0
0
0
0.0014038700354650872
0
0
0
0
0.0020546433639167016
0
0.000944989451741386
0
0
0
0
0
0
0
0
0
0
0
0
0
0
0
0
0
0
0
0
0
0
0
0
0
0
0
0
0
0
0
0
0
0
0
0
0
0
0
0
0
0
0
0
0
0
0
0
0
0
0
0
0
0
0
0
0
0
0
0
0
0
0
0
0
0
0
0
0
0
0
0
0
0
0.0037335251507852802
0
0
0.011714660224285231
0
0
0
0
0
0
0
0
0
0
0
0
0
0
0
0
0
0
0
0
0
0
0
0
0
0
0
0
0
0
0
0
0
0
0
0
0
0.001125394461288311
0
0
0
0
0
0.0016273403541499432
0
0
0
0.0009230063888045128
0.0029780660255390016
0
0
0
0
0
0
0
0
0
0
0
0
0
0
0.0014209102681976057
0
0
0
0
0
0
0.0008711568305936222
0
0
0
0
0
0
0
0
0
0
0
0
0.005383703787379212
0
0
0
0
0
0
0
0
0
0
0
0
0
0
0
0
0.0014890330127695008
0
0
0.005660354976690822
0
0
0.000990058895263853
0
0
0
0
0
0
0
0
0
0
0
0
0
0.04584016877255797
0.0009250442566494992
0
0
0
0.0030630648567363215
0
0
0
0
0
0
0
0
0
0
0
0
0
0
0
0
0
0
0
0
0
0
0
0
0
0
0
0
0
0
0
0
0
0
0
0
0
0
0
0
0
0
0
0
0
0
0
0
0
0
0
0
0
0
0
0
0
0
0
0
0
0
0
0.0011624761231867067
0
0
0
0
0.000979444491547329
0
0.0009130794695437151
0
0.07115554209786408
0
0
0
0
0
0
0
0.005135804872193145
0
0
0
0
0
0
0
0
0
0
0
0
0
0
0
0
0
0
0
0
0
0
0
0
0
0
0
0
0
0
0
0
0
0
0
0
0
0
0
0
0
0
0
0
0.002853766034856127
0
0
0
0
0
0
0
0.004228193318337103
0
0
0
0
0
0
0
0
0
0
0
0
0
0
0
0
0
0
0.04385049264874874
0
0
0
0
0.0009326748726498794
0
0
0
0
0
0
0
0
0
0
0
0.001221085516065251
0
0
0
0
0
0
0
0
0
0
0
0
0
0
0
0
0
0
0
0
0
0
0
0
0
0
0
0
0
0
0
0
0
0
0
0
0
0
0
0
0.002352592588553089
0
0
0
0
0
0.001289720372022022
0
0
0
0
0.009138962397313634
0
0
0
0
0
0
0
0
0
0
0
0
0
0
0
0
0
0
0.007820712530639774
0
0
0.0013418641566540726
0
0
0
0
0
0
0
0
0
0
0
0
0
0
0
0
0
0
0
0
0
0
0
0.0013218569418944428
0.00866925190794089
0.0029327958150017503
0
0
0
0
0
0
0
0
0
0
0
0
0
0
0
0
0
0
0
0
0
0
0
0
0
0
0
0
0
0
0
0
0.0012235713555925484
0
0
0
0
0
0
0
0
0.002462388610158148
0
0
0
0
0
0
0
0
0
0
0
0
0
0
0
0
0
0
0
0
0
0
0
0
0
0
0
0.011265650816222087
0
0
0
0
0
0
0
0
0
0.00444556161557036
0
0
0
0
0
0
0
0
0
0
0
0
0
0
0
0
0
0
0
0
0
0
0
0
0
0
0
0
0
0.001252851517095561
0
0
0
0.00469556062157249
0
0.0025410955571325464
0.13779199926008065
0
0
0
0
0
0
0
0
0
0
0
0
0
0
0
0
0
0
0
0.004799381549079569
0
0
0
0
0
0
0
0
0
0
0
0
0
0
0
0
0
0
0
0
0
0
0
0.002472840783567004
0
0
0
0
0.0013377210190356136
0
0
0
0
0
0
0
0
0
0
0
0.0010438711185242486
0
0
0
0
0
0
0
0
0
0
0
0
0
0.0009643886328718848
0
0
0
0
0
0
0
0
0
0
0
0
0
0
0
0
0
0
0
0
0
0.0011494397139715892
0
0
0
0
0
0
0
0
0
0
0.013964509444836994
0
0
0
0
0
0
0
0
0
0.0021184908897176748
0
0
0
0
0
0.0010316197120830125
0
0
0
0
0
0
0
0
0
0
0
0
0
0
0
0
0
0
0
0
0
0
0
0
0
0
0
0
0.007047054881371263
0
0
0
0
0
0
0
0
0
0
0
0
0
0
0
0
0
0
0
0
0
0
0
0
0
0
0
0
0
0
0
0
0
0
0
0
0
0
0.004689048769057515
0
0
0
0
0
0
0
0
0
0
0
0
0
0
0
0
0
0
0
0
0
0
0
0
0
0
0
0
0
0
0
0
0
0
0
0
0
0
0.004262730804592817
0
0
0
0
0
0
0
0
0
0.0015632508541728236
0.00137800708227431
0
0
0
0.0013296521940617647
0
0.002978372589139514
0
0
0
0
0
0
0
0
0
0
0
0
0
0
0.002241106968473227
0
0
0
0
0.001247242997177382
0
0
0
0
0
0
0
0
0
0
0
0
0
0
0
0
0
0
0
0
0
0
0
0
0
0
0
0
0
0
0
0
0
0
0
0.0013460833193738237
0
0
0
0
0
0
0
0
0
0
0
0
0
0
0
0.0010851083980496147
0
0
0
0
0
0
0
0
0
0
0
0
0
0
0
0
0
0
0
0
0
0
0
0
0
0
0
0
0
0
0
0
0
0
0
0
0
0
0
0
0
0
0
0
0
0
0
0
0
0
0
0
0
0
0
0
0
0
0
0
0
0
0
0
0
0
0
0
0
0
0
0
0
0
0
0
0
0
0
0
0
0
0
0
0
0
0
0
0
0
0
0.004935170005098024
0
0
0
0
0
0
0
0
0.0014812377606021792
0
0
0
0
0
0
0
0
0
0.001542332993008021
0
0
0
0
0
0
0
0.002432386070784315
0
0
0
0
0
0
0
0
0.029083417924890553
0
0
0
0
0
0
0
0
0
0
0
0
0
0
0
0
0
0
0
0
0
0
0
0
0
0
0
0.0027659043486005694
0
0.0019520250372603626
0
0
0
0
0
0
0
0
0
0
0
0
0
0
0.000821363984976485
0
0
0
0
0.0014593223364117159
0
0
0
0
0
0
0
0
0.011367282145580845
0
0.006447355307854511
0
0
0
0
0
0
0
0
0
0
0
0
0
0
0
0
0
0
0
0
0
0
0
0
0
0
0.0010382212540196486
0
0
0
0
0
0
0
0
0
0
0
0
0
0
0
0
0
0
0
0
0
0
0
0
0
0
0
0.0042282329288227585
0
0.00342386991479543
0
0.005831703584795778
0
0
0
0
0
0
0
0
0
0
0.0023649666758926726
0
0
0
0
0
0
0
0
0
0
0
0
0
0
0
0
0.0017338503815881783
0
0
0
0
0
0
0
0
0
0
0.0010348967924939578
0
0
0
0
0
0
0
0
0
0
0
0
0
0.008982051892011502
0.009004882989952107
0.004211610106395262
0
0
0
0
0
0
0.003391018659942857
0
0
0
0
0
0
0
0
0
0
0.0013880059583239166
0
0
0
0
0
0
0
0
0
0
0
0
0
0
0
0
0
0
0
0
0
0
0
0.006940029791619583
0
0
0
0
0
0
0
0
0
0
0
0
0
0
0
0
0
0
0
0
0
0
0
0
0
0
0
0
0
0
0
0
0
0
0
0
0
0
0
0
0
0.0012235713555925484
0
0
0
0
0
0
0
0
0
0
0
0
0
0
0.0010169154755688083
0
0
0
0
0
0
0
0
0
0
0
0
0
0
0
0
0
0
0
0
0
0.001144071269732226
0
0.0012260843633028703
0
0
0
0
0
0
0
0
0
0
0
0
0
0
0
0
0
0
0
0
0
0
0
0
0
0
0
0
0
0
0
0
0.006553191165934123
0
0
0
0
0
0.00345926879642589
0
0
0
0
0
0
0
0
0
0
0
0
0
0
0
0
0
0
0
0
0
0
0
0
0
0
0.0027760119166478333
0
0
0
0
0
0
0
0
0
0
0
0
0
0
0
0
0
0
0
0
0
0
0
0
0
0
0
0
0
0
0
0
0
0
0
0
0
0
0
0
0
0
0
0
0
0
0
0
0
0
0
0
0
0
0
0.0009927908630465046
0.042395977973324304
0
0
0
0
0
0
0
0.0015525541386899786
0
0
0
0
0
0.004627193421153015
0
0
0
0
0
0
0
0
0
0
0
0
0
0
0
0
0
0
0
0.002309872999271555
0
0
0
0
0.0010604717833217858
0
0
0
0
0
0
0
0
0
0
0
0
0
0
0
0
0
0
0
0
0
0
0
0
0
0
0
0
0
0
0
0
0
0
0
0.00115308959880863
0
0
0
0
0
0
0
0
0
0.0018313700524512152
0
0
0
0
0
0
0
0
0
0
0
0
0
0
0
0
0
0
0
0
0
0
0
0
0
0
0
0
0
0.003324364140037772
0
0
0
0
0
0
0
0
0
0
0
0
0.006202795408328671
0
0
0
0
0
0
0
0
0
0
0
0
0
0
0
0
0
0
0
0
0
0
0
0
0
0
0
0
0
0
0
0
0
0
0
0
0
0
0
0
0
0
0
0
0
0
0
0
0
0
0
0
0
0
0
0
0
0
0
0
0
0
0
0
0
0
0
0
0
0
0
0
0
0
0
0
0
0
0
0
0
0
0
0
0
0
0
0
0
0
0
0
0
0
0
0
0
0
0
0
0
0
0
0
0
0
0
0
0
0
0
0
0
0
0
0
0
0
0
0
0.0016406185793099155
0
0
0
0
0
0
0
0
0
0
0
0
0
0
0
0
0
0
0
0
0
0
0
0
0
0
0
0
0
0
0
0
0
0
0
0
0
0
0
0
0
0
0
0
0
0
0
0
0
0
0
0
0
0
0
0
0.0015325469239303488
0.0030650938478606975
0
0
0
0
0
0
0
0
0
0.00102838868116656
0
0
0
0
0
0
0
0
0
0.002830177488345411
0
0
0
0
0
0
0
0
0
0
0
0
0
0
0
0
0
0
0
0
0.0013070170887931388
0
0
0
0
0.0014890330127695008
0
0
0
0
0
0
0
0
0.00149710183774335
0
0
0
0
0
0
0
0
0
0
0
0.00615597152539537
0
0
0
0
0.001286411855707444
0
0
0
0
0
0
0
0
0
0
0
0
0
0
0
0
0
0
0
0
0
0
0
0
0
0
0
0
0
0
0.0012999415177039795
0
0
0
0
0
0
0
0
0
0
0
0
0
0
0
0
0
0
0
0
0
0
0
0
0.0045163924142446795
0
0
0
0
0
0
0
0
0
0
0
0
0
0
0
0
0
0
0
0
0
0
0
0.0011205534842366135
0
0
0
0
0
0
0
0
0
0
0
0
0
0
0
0
0
0
0
0
0
0
0
0
0
0
0
0
0
0
0
0
0
0
0
0
0
0
0
0
0
0
0
0
0
0
0
0
0
0
0
0
0
0
0
0
0.002483536052439971
0
0.009253997958048127
0.009592175642158937
0
0
0
0
0
0
0
0
0
0
0
0
0
0
0
0
0
0
0
0
0
0
0
0
0
0
0
0
0
0
0
0
0
0
0
0
0
0
0.002553525390376014
0
0
0
0
0
0
0
0
0
0.016250392048364714
0
0
0
0
0.01204371310465248
0
0
0
0
0
0
0
0
0
0
0
0
0
0
0
0
0
0
0
0
0
0
0
0
0
0
0
0
0
0
0
0
0
0
0
0
0
0
0
0
0
0
0
0
0
0
0
0
0
0
0
0
0
0
0
0
0
0
0.0010231025192386
0
0
0
0
0
0
0
0
0
0
0
0
0.010151566455828511
0.001286411855707444
0
0
0
0.005809832033023566
0
0
0.013984594819102024
0
0
0
0
0
0
0
0
0
0
0
0
0
0
0
0
0
0.0026593043881235293
0
0
0
0
0
0
0
0
0
0
0.0013257215356668921
0
0
0
0
0
0
0
0
0
0
0
0
0.0010617046973575147
0
0
0
0.01369547965918172
0
0.0025230588989797386
0
0
0
0
0
0
0
0
0
0
0
0
0
0
0.004921855737929747
0
0
0
0
0
0.004689752562518471
0
0
0
0
0
0
0
0
0
0
0
0
0
0
0
0
0
0
0
0
0
0
0
0
0
0
0
0
0
0
0
0
0
0
0
0
0
0
0
0
0
0
0
0
0
0
0
0
0
0
0
0
0
0
0
0
0
0
0
0
0
0
0
0
0
0
0
0
0
0
0
0
0
0
0
0
0
0
0
0
0
0
0
0
0
0
0
0
0
0
0
0
0
0
0
0
0
0
0
0
0
0
0
0
0
0
0.007372469877055193
0
0
0
0
0
0
0
0
0
0
0
0
0
0
0
0
0
0
0
0
0
0
0
0
0
0
0
0
0
0
0
0
0
0
0
0
0
0
0
0
0
0
0
0
0
0
0
0
0
0
0
0
0
0
0
0
0
0
0
0
0
0
0
0
0
0
0
0
0
0.001289720372022022
0
0
0
0
0
0
0
0
0
0
0
0
0
0
0
0
0
0
0
0
0
0
0
0
0
0
0
0
0
0
0
0
0
0
0
0
0
0
0
0
0.0014812377606021792
0
0
0
0
0.004478116133985269
0.001574469562880442
0
0
0
0
0
0
0
0
0
0
0
0
0
0
0
0
0
0
0
0
0
0
0
0
0
0
0
0
0
0
0
0
0
0
0
0
0
0
0
0
0.0013070170887931388
0
0
0
0
0
0
0
0
0
0
0
0
0
0.001021021618912107
0
0
0
0
0
0.0011142534211903696
0
0
0
0
0
0
0
0
0
0
0
0.0012705477785662732
0
0
0
0
0
0
0
0
0
0
0
0
0
0
0
0
0
0
0
0
0
0
0
0
0
0
0
0
0
0
0
0
0
0
0
0
0
0
0
0
0
0
0
0
0
0
0
0
0
0
0
0
0
0
0
0
0
0
0
0
0
0
0
0
0
0
0
0
0
0
0
0
0
0
0
0
0
0
0
0
0
0
0
0
0
0
0
0
0
0
0
0
0
0
0
0
0
0
0
0
0
0
0
0
0
0
0
0
0
0
0
0
0
0
0
0
0
0
0
0
0
0
0
0
0
0
0
0
0
0
0
0
0.003516153518135118
0.0013296521940617647
0
0
0.0016406185793099155
0.019158075781666253
0
0
0.0012705477785662732
0
0
0
0.0011783402003278773
0
0
0
0.0015986959403598226
0
0
0
0
0
0
0
0.006864427618393355
0
0
0.002853766034856127
0
0
0
0
0.0045163924142446795
0
0.003406180012013753
0
0
0
0
0
0
0
0
0.00149710183774335
0
0
0
0
0.0014890330127695008
0
0
0
0
0
0
0
0
0
0
0
0.0011998453872698923
0
0
0
0
0
0
0.005199766070815918
0.0029780660255390016
0
0
0
0
0
0
0.0030282841409517364
0
0.0016118388269636278
0
0
0
0.004569481198656817
0.0014524580082558914
0
0
0.0029624755212043583
0
0
0
0
0
0
0
0.04386775106935387
0
0
0
0
0
0
0
0
0
0
0
0.0014457926744151804
0
0
0
0
0
0
0
0
0
0.0029186446728234317
0
0
0
0
0.001574469562880442
0
0.002288142539464452
0.001363779580844536
0
0
0
0
0
0
0.0032236776539272555
0
0
0
0
0
0
0
0
0
0
0
0.003347045778367209
0.004597640771791047
0
0
0
0
0
0
0
0
0
0
0
0
0
0
0
0
0
0
0
0
0
0
0
0
0
0
0
0
0
0
0
0
0
0
0
0
0
0
0
0
0.00089622437201988
0
0
0
0
0
0
0
0
0
0
0.0014524580082558914
0
0
0
0
0
0
0
0
0.02499223362882887
0.0127993430294435
0
0
0
0
0
0.0012964837395102475
0
0
0
0
0
0
0
0
0
0
0
0
0
0
0
0
0
0
0
0
0
0
0
0
0
0
0
0
0
0
0
0
0
0
0
0
0
0
0
0
0
0
0
0
0
0
0
0
0
0
0
0
0
0
0
0
0
0
0
0
0
0
0
0
0
0
0
0
0
0
0
0
0
0
0
0
0
0
0
0
0
0
0
0
0
0
0
0
0
0
0
0
0
0
0
0
0
0
0
0
0
0
0
0
0
0
0
0
0
0
0
0
0
0
0
0
0
0
0
0
0
0
0
0
0
0
0
0
0
0
0
0
0
0
0
0
0
0
0
0
0
0
0
0
0
0
0
0
0
0
0
0
0
0
0
0
0
0
0
0
0
0
0
0
0
0
0
0
0
0.00239520414545477
0
0
0
0
0
0
0
0
0
0
0
0
0
0
0
0
0
0
0
0
0
0
0
0
0
0
0
0
0
0
0
0
0.0028077400709301745
0
0.003172527672271599
0.0011722621922643788
0.0022223339197170737
0
0
0
0.0015632508541728236
0
0
0
0
0
0
0
0
0
0
0
0
0
0
0
0.002830177488345411
0
0
0
0
0
0
0
0
0
0
0
0
0
0
0
0
0
0
0
0
0
0
0
0
0
0
0
0
0
0
0
0
0
0
0
0
0
0
0
0
0
0
0
0
0
0
0
0
0
0
0
0
0
0
0
0
0
0
0
0
0
0
0
0
0
0
0
0
0
0
0
0
0
0
0
0
0
0
0
0
0
0
0
0
0
0
0
0
0
0
0
0
0
0
0
0
0
0
0
0
0
0
0
0
0
0
0
0
0
0
0
0
0
0
0
0
0
0
0
0
0
0
0
0
0
0
0
0
0
0
0
0
0
0
0
0
0
0
0
0
0
0
0
0
0
0
0
0
0
0
0
0
0
0.001409410976274253
0
0
0
0
0
0
0
0
0
0
0
0
0
0
0
0
0
0
0
0
0
0
0
0
0
0
0
0
0
0
0
0
0
0
0
0
0
0
0
0
0
0
0
0
0
0
0.003105108277379957
0
0
0
0
0
0
0
0
0
0
0
0
0
0
0
0
0
0
0
0
0
0
0
0
0
0
0
0
0
0
0
0
0
0
0
0
0
0
0
0
0
0
0
0
0
0
0
0
0
0
0
0
0
0
0
0
0
0
0
0
0
0
0
0
0
0
0
0
0
0
0
0
0
0
0
0
0
0
0
0
0
0
0
0
0
0
0
0
0
0
0
0
0
0
0
0
0
0
0
0
0
0
0
0
0
0
0
0
0
0
0
0
0
0
0
0
0
0
0
0
0
0
0
0
0
0
0
0
0
0
0
0
0
0
0
0
0
0
0
0
0
0
0
0
0
0
0
0
0
0
0
0
0
0
0
0
0
0
0
0
0
0
0
0
0
0
0
0
0
0
0
0
0
0
0
0
0
0
0
0.01138045108346028
0
0
0
0
0
0
0
0
0
0
0.004262730804592817
0
0
0
0
0
0.020082274670203255
0
0
0
0
0
0
0.0014038700354650872
0
0
0
0
0
0.02398043910539734
0
0
0
0
0
0
0
0
0
0
0
0
0
0
0
0
0
0
0
0
0
0
0
0
0
0
0
0
0.0013547612517681318
0
0
0
0
0
0
0
0
0
0
0
0
0
0
0
0
0
0
0
0
0
0
0
0
0
0
0
0
0
0
0
0
0
0
0
0
0
0
0
0
0
0
0
0
0
0
0
0
0
0
0
0
0
0
0
0
0
0
0
0
0
0
0
0
0
0
0
0
0
0
0
0
0
0
0
0
0
0
0
0
0
0
0
0
0
0
0
0
0
0
0
0
0
0
0
0
0
0
0
0
0
0
0
0
0
0
0
0
0
0
0
0
0
0
0
0
0
0
0
0
0
0
0
0
0
0
0
0
0
0
0
0
0
0
0
0
0
0
0
0
0
0
0
0
0
0
0
0
0
0
0
0
0
0
0
0
0
0
0
0
0
0
0
0
0
0
0
0
0
0
0
0
0
0
0
0
0
0
0
0
0
0
0
0
0
0
0
0
0
0
0
0
0
0
0
0
0
0
0
0
0
0
0
0
0
0
0
0
0
0
0
0
0
0
0
0
0
0
0
0
0
0
0
0
0
0
0
0
0
0
0
0
0
0
0
0
0
0
0
0
0
0
0
0
0
0
0
0
0
0
0
0
0
0
0
0
0
0
0
0
0
0
0
0
0
0
0
0
0
0
0
0
0
0
0
0
0
0
0
0
0
0
0
0
0
0
0
0
0
0
0
0
0
0
0
0
0
0.00301092827616312
0
0
0
0
0
0
0
0
0
0
0
0
0
0
0
0
0
0
0
0
0
0
0
0
0
0
0
0
0
0
0
0
0
0
0
0
0
0
0
0
0
0
0
0
0
0
0
0
0
0
0
0
0
0
0
0
0
0
0
0
0
0
0
0
0
0
0
0
0
0
0
0
0
0
0
0
0
0
0
0
0
0
0
0
0
0
0
0
0
0
0
0
0
0
0
0
0
0
0
0
0
0
0
0
0
0
0
0
0
0
0
0
0
0
0
0
0
0
0
0
0
0
0
0
0
0
0
0
0
0
0
0
0
0
0
0
0
0
0
0
0
0
0
0
0
0
0
0
0
0
0
0
0
0
0
0
0
0
0
0
0
0
0
0
0
0
0
0
0
0
0
0
0
0
0
0
0
0
0
0
0
0
0
0
0
0
0
0
0
0
0
0
0
0
0
0
0
0
0
0
0
0
0
0
0
0.02330242167850731
0
0
0
0
0
0
0
0
0
0
0
0
0
0
0
0
0
0
0
0
0
0
0
0
0
0
0
0
0
0
0
0
0
0
0
0
0
0
0
0
0
0
0
0
0
0
0
0
0
0
0
0
0
0
0
0
0
0
0
0
0
0
0
0
0
0
0
0
0
0
0
0
0
0
0
0
0
0
0
0
0
0
0
0
0
0
0
0
0
0
0
0
0
0
0
0
0
0
0
0
0
0
0
0
0
0
0
0
0
0
0
0
0
0
0
0
0
0
0
0
0
0
0
0
0
0
0
0
0
0
0
0
0
0.001252851517095561
0
0
0
0
0
0
0
0
0
0
0
0
0
0
0
0
0
0
0
0
0
0
0
0
0
0
0
0
0
0
0
0
0
0
0
0
0
0
0
0
0
0
0
0
0
0
0
0
0
0
0
0
0
0
0
0
0
0
0
0
0
0
0
0
0
0
0
0
0
0
0
0
0
0
0
0
0
0
0
0
0
0
0
0
0
0
0
0
0
0
0
0
0
0
0
0
0
0
0
0
0
0
0
0
0
0
0
0
0
0
0
0
0
0
0
0
0
0
0
0
0
0
0
0
0
0
0
0
0
0
0
0
0
0
0
0
0
0
0
0
0
0
0
0
0
0
0
0
0
0
0
0
0
0
0
0
0
0
0
0
0
0
0
0
0
0
0
0
0
0
0
0
0
0
0
0
0
0
0
0
0
0
0
0
0
0
0
0
0
0
0
0
0
0
0
0
0
0
0
0
0
0
0
0
0
0
0
0
0
0
0
0
0
0
0
0
0
0
0
0
0
0.0010796978444947297
0
0
0
0
0
0
0
0
0
0
0
0
0
0
0
0
0
0
0
0
0
0
0
0
0
0
0
0
0
0
0
0
0
0
0
0
0
0
0
0
0
0
0
0
0
0
0
0
0
0
0
0
0
0
0
0
0
0
0
0
0
0
0
0
0
0
0
0
0
0
0
0
0
0
0
0
0
0
0
0
0
0
0
0
0
0
0
0
0
0
0
0
0
0
0
0
0
0
0
0
0
0
0
0
0
0
0
0
0
0
0
0
0
0
0
0
0
0
0
0
0
0
0
0
0
0
0
0
0.012273935611212984
0
0
0
0
0
0
0
0
0
0
0
0
0
0
0
0
0
0
0
0
0
0
0
0
0
0
0
0
0
0
0
0
0
0
0
0
0
0
0
0
0
0
0
0
0
0
0
0
0
0
0
0
0
0
0
0
0
0
0
0
0
0
0
0
0
0
0
0
0
0
0
0
0
0
0
0
0
0
0
0
0
0
0
0
0
0
0
0
0
0
0
0
0
0
0
0
0
0
0
0
0
0
0
0
0
0
0
0
0
0
0
0
0
0
0
0
0
0
0
0
0
0
0
0
0
0
0
0
0
0
0
0
0
0
0
0
0
0
0
0
0
0
0
0
0
0
0
0
0
0
0
0
0
0
0
0
0
0
0
0
0
0
0
0
0
0
0
0
0
0
0
0
0
0
0
0
0
0
0
0
0
0
0
0
0
0
0
0
0
0
0
0
0
0
0
0
0
0
0
0
0
0
0
0
0
0
0
0
0
0
0
0
0
0
0
0
0
0
0
0
0
0
0
0
0
0
0
0
0
0
0
0
0
0
0
0
0
0
0
0
0
0
0
0
0
0
0
0
0
0
0
0
0
0
0
0
0
0
0
0
0
0
0
0
0
0
0
0
0
0
0
0
0
0
0
0
0
0
0
0
0
0
0
0
0
0
0
0
0
0
0
0
0
0
0
0
0
0
0
0
0
0
0
0
0
0
0
0
0
0
0
0
0
0
0
0
0
0
0
0
0
0
0
0
0
0
0
0
0
0
0
0
0
0
0
0
0
0
0
0
0
0
0
0
0
0
0
0
0
0
0
0
0
0
0
0
0
0
0
0
0
0
0
0
0
0
0
0
0
0
0
0
0
0
0
0
0
0
0
0
0
0
0
0
0
0
0
0
0
0
0
0
0
0
0
0
0
0
0
0
0
0
0
0
0
0.004796087821079468
0
0
0
0
0
0
0
0
0
0
0
0
0
0
0
0
0
0
0
0
0
0
0
0
0
0
0
0
0
0
0
0
0
0
0
0
0
0
0
0
0
0
0
0
0
0
0
0
0
0
0
0
0
0
0
0
0
0
0
0
0
0
0
0
0
0
0
0
0
0
0
0
0
0
0
0
0
0
0
0
0
0
0
0
0
0
0
0
0
0
0
0
0
0
0
0
0
0
0
0
0
0
0
0
0
0
0
0
0
0
0
0
0
0
0
0
0
0
0
0
0
0
0
0
0
0
0
0
0
0
0
0
0
0
0
0
0
0
0
0
0
0
0
0
0
0
0
0
0
0
0
0
0
0
0
0
0
0
0
0
0
0
0
0
0
0
0
0
0
0
0
0
0
0
0
0
0
0
0
0
0
0
0
0
0
0
0
0
0
0
0
0
0
0
0
0
0
0
0
0
0
0
0
0
0
0
0
0
0
0
0
0
0
0
0
0
0
0
0
0
0
0
0
0
0
0
0
0
0
0
0
0.004467099038308503
0
0
0
0
0
0
0
0
0
0
0
0
0
0
0
0
0
0
0
0
0
0
0
0
0
0
0
0.001542332993008021
0
0
0
0
0
0
0
0
0
0
0
0
0
0
0
0
0
0
0
0
0
0
0
0
0
0
0
0
0
0
0
0
0
0
0
0
0
0
0
0
0
0
0
0
0
0
0
0
0
0
0
0
0
0
0
0
0
0
0
0
0
0
0
0
0
0
0
0
0
0
0
0
0
0
0
0
0
0
0
0
0
0
0
0
0
0
0
0
0
0
0
0
0
0.0026069041768799245
0
0
0
0
0
0
0
0
0
0
0
0
0
0
0
0
0
0
0
0
0
0
0
0
0
0
0.0014736981370512502
0
0
0
0
0
0
0
0
0
0
0
0
0
0
0
0
0
0
0
0
0
0
0
0
0
0
0
0
0
0
0
0
0
0
0
0
0
0
0
0
0
0
0
0
0
0
0
0
0
0
0
0
0
0
0
0
0
0
0
0
0
0
0
0
0
0
0
0
0
0
0
0
0
0
0
0
0
0
0
0
0
0
0
0
0
0
0
0
0
0
0
0
0
0
0
0
0
0
0
0
0
0
0
0
0
0
0
0
0
0
0
0
0
0
0
0
0
0
0
0
0
0
0
0
0
0
0
0
0
0
0
0
0
0
0
0
0
0
0
0
0
0
0
0
0
0
0
0
0
0
0
0
0
0
0
0
0
0
0
0
0
0
0
0
0
0
0
0
0
0
0
0
0
0
0
0
0
0
0
0
0
0
0
0
0
0
0
0
0
0
0
0
0
0
0
0
0
0
0
0
0
0
0
0
0
0
0
0
0
0
0
0
0
0
0
0
0
0
0
0
0
0
0
0
0
0
0
0
0
0
0
0
0
0
0
0
0
0
0
0
0
0
0
0
0
0
0
0
0
0
0
0
0
0
0
0
0
0
0
0
0
0
0
0
0.0013180562286382437
0
0
0
0
0
0
0
0
0
0
0
0
0
0
0
0
0
0
0
0
0
0
0
0
0
0
0
0
0
0
0
0
0
0
0
0
0
0
0
0
0
0
0
0
0
0
0
0
0
0
0
0
0
0
0
0
0
0
0
0
0
0
0
0
0
0
0
0
0
0
0
0
0
0
0
0
0
0
0
0
0
0
0
0
0
0
0
0
0
0
0
0
0
0
0
0
0
0
0
0
0
0
0
0
0
0
0
0
0
0
0
0
0
0
0
0
0
0
0
0
0
0
0
0
0
0
0
0
0
0
0
0
0
0
0
0
0
0
0
0
0
0
0
0
0
0
0
0
0
0
0
0
0
0
0
0
0
0
0
0
0
0
0
0
0
0
0
0
0
0
0
0
0
0
0
0
0
0
0
0
0
0
0
0
0
0
0
0
0
0
0
0
0
0
0
0
0
0
0
0
0
0
0
0
0
0
0
0
0
0
0
0
0
0
0
0
0
0
0
0
0
0
0
0
0
0
0
0
0
0
0
0
0
0
0
0
0
0
0
0
0
0
0
0
0
0
0
0
0
0
0
0
0
0
0
0
0
0
0
0
0
0
0
0
0
0
0
0
0
0
0
0
0
0
0
0
0
0
0
0
0
0
0
0
0
0
0
0
0
0
0
0
0
0
0
0
0
0
0
0
0
0
0
0
0
0
0
0
0
0
0.001409410976274253
0
0
0
0
0
0
0
0
0
0
0
0
0
0
0
0
0
0
0
0
0
0
0
0
0
0
0
0
0
0
0
0
0
0
0
0
0
0
0
0
0
0.0015525541386899786
0
0
0
0
0
0
0
0
0
0
0
0
0
0
0
0
0
0
0
0
0
0
0.0015986959403598226
0
0
0
0
0
0
0
0
0
0
0
0
0
0
0
0
0
0
0
0
0
0
0
0
0
0
0
0
0
0
0
0
0
0
0
0
0
0
0
0
0
0
0
0
0
0
0
0
0
0
0
0
0
0
0
0
0
0
0
0
0
0
0
0
0
0
0
0
0
0
0
0
0
0
0
0
0
0
0
0
0
0
0
0
0
0
0
0
0
0
0
0
0
0
0
0
0
0
0
0
0
0
0
0
0
0
0
0
0
0
0
0
0
0
0
0
0
0
0
0
0
0
0
0
0
0
0
0
0
0
0
0
0
0
0
0
0
0
0
0
0
0
0
0
0
0
0
0
0
0
0
0
0
0
0
0
0
0
0
0
0
0
0
0
0
0
0
0
0
0
0
0
0
0
0
0
0
0
0
0
0
0
0
0
0
0
0
0
0
0
0
0
0
0
0
0
0
0
0
0
0
0
0
0
0
0
0
0
0
0
0
0
0
0
0
0
0
0
0
0
0
0
0
0
0
0
0
0
0
0
0
0
0
0
0
0
0
0
0
0
0
0
0
0
0
0
0
0
0
0
0
0
0
0
0
0
0
0
0
0
0
0
0
0
0
0
0
0
0
0
0
0
0
0
0
0
0
0
0
0
0
0
0
0
0
0
0
0
0
0
0
0
0
0
0
0
0
0
0
0
0
0
0
0
0
0
0
0
0
0
0
0
0
0
0
0
0
0
0
0
0
0
0
0
0
0
0
0
0
0
0
0
0
0
0
0
0
0
0
0
0
0
0
0
0
0
0
0
0.0011494397139715892
0
0
0
0
0
0
0
0
0
0
0
0
0
0
0
0
0
0
0
0
0
0
0
0
0
0
0
0
0
0
0
0
0
0
0
0
0
0
0
0
0
0
0
0
0
0
0
0
0
0
0
0.001206709715425717
0
0
0
0
0
0
0
0
0
0
0
0
0
0
0
0
0
0
0
0
0
0
0
0
0
0
0
0
0
0
0
0
0
0
0
0
0
0
0
0
0
0
0
0
0
0
0
0
0
0
0
0
0
0
0
0
0
0
0
0
0
0
0
0
0
0
0
0
0
0
0
0
0
0
0
0
0
0
0
0
0
0
0
0
0
0
0
0
0
0
0
0
0
0
0
0
0
0
0
0
0
0
0
0
0
0
0
0
0
0
0
0
0
0
0
0
0
0
0
0
0
0
0
0
0
0
0
0
0
0
0
0
0
0
0
0
0
0
0
0
0
0
0
0
0
0
0
0
0
0
0
0
0
0
0
0
0
0
0
0
0
0
0
0
0
0
0
0
0
0.0014457926744151804
0
0
0
0
0
0
0
0
0
0
0
0
0
0
0
0
0
0
0
0
0
0
0
0
0
0
0
0
0
0
0
0
0
0
0
0
0
0
0
0
0
0
0
0
0
0
0
0
0
0
0
0
0
0
0
0
0
0
0
0
0
0
0
0
0
0
0
0
0
0
0
0
0
0
0
0
0
0
0
0
0
0
0
0
0
0
0
0
0
0
0
0
0
0
0
0
0
0
0
0
0
0
0
0
0
0
0
0
0
0
0
0
0
0
0
0
0
0
0
0
0
0
0
0
0
0
0
0
0
0
0
0
0
0
0
0
0
0
0
0
0
0
0
0
0
0
0
0
0
0
0
0
0
0
0
0
0
0
0
0
0
0
0
0
0
0
0
0
0
0
0
0
0
0
0
0
0
0
0
0
0
0
0
0
0
0
0
0
0
0
0
0
0
0
0
0
0
0
0
0
0
0
0
0
0
0
0
0
0
0
0
0
0
0
0
0
0
0
0
0
0
0
0
0
0
0
0
0
0
0
0
0
0
0
0
0
0
0
0
0
0
0
0
0
0
0
0
0
0
0
0
0
0
0
0
0
0
0
0
0
0
0
0
0
0
0
0
0
0
0
0
0
0
0
0
0
0
0
0
0
0
0
0
0
0
0
0.0012799343029443499
0
0
0
0
0
0
0
0
0
0
0
0
0
0
0
0
0
0
0
0
0
0
0
0
0
0
0
0
0
0
0
0
0
0
0
0
0
0
0
0
0
0
0
0
0
0
0
0
0
0
0
0
0
0
0
0
0
0
0
0
0
0
0
0
0
0
0
0
0
0
0
0
0
0
0
0
0
0
0
0
0
0
0
0
0
0
0
0
0
0
0
0
0
0
0
0
0
0
0
0
0
0
0
0
0
0
0
0
0
0
0
0
0
0
0
0
0
0
0
0
0
0
0
0
0
0
0
0
0
0
0
0
0
0
0
0
0
0
0
0
0
0
0
0
0
0
0
0
0
0
0
0
0
0
0
0
0
0
0
0
0
0
0
0
0
0
0
0
0
0
0
0
0
0
0
0
0
0
0
0
0
0
0
0
0
0
0
0
0
0
0
0
0
0
0
0
0
0
0
0
0
0
0
0
0
0
0
0
0
0
0
0
0
0
0
0
0
0
0
0.004796087821079468
0
0
0
0
0
0
0
0
0
0
0
0
0
0
0
0
0
0
0
0
0
0
0
0
0
0
0
0
0
0
0
0
0
0
0
0
0
0
0
0
0
0
0
0
0
0
0
0
0
0
0
0
0
0
0
0
0
0
0
0
0
0
0
0
0
0
0
0
0
0
0
0
0
0
0
0
0
0
0
0
0
0
0
0
0
0
0
0
0
0
0
0
0
0
0
0
0
0
0
0
0
0
0
0
0
0
0
0
0
0
0
0
0
0
0
0
0
0
0
0
0
0
0
0
0
0
0
0
0
0
0
0
0
0
0
0
0
0
0
0
0
0
0
0
0
0
0
0
0
0
0
0
0
0
0
0
0
0
0
0
0.0029327958150017503
0
0
0
0
0
0
0
0
0
0
0
0
0
0
0
0
0
0
0
0
0
0
0
0
0
0
0
0
0
0
0
0
0
0
0
0
0
0
0
0
0
0
0
0
0
0
0
0
0
0
0
0
0
0
0
0
0
0
0
0
0
0
0
0
0
0
0
0
0
0
0
0
0
0
0
0
0
0
0
0
0
0
0
0
0
0
0
0
0
0
0
0
0
0
0
0
0
0
0
0
0
0
0
0.0014393151216520862
0
0
0
0
0
0
0
0
0
0
0
0
0
0
0
0
0
0
0
0
0
0
0
0
0
0
0
0
0
0
0
0
0
0
0
0
0
0
0
0
0
0
0
0
0
0
0
0
0
0
0
0
0
0
0
0
0
0
0
0
0
0
0
0
0
0
0
0
0
0
0
0
0
0
0
0
0
0
0
0
0
0
0
0
0
0
0
0
0
0
0
0
0
0
0
0
0
0
0
0
0
0
0
0
0
0
0
0
0
0
0
0
0
0
0
0
0
0
0
0
0
0
0
0
0
0
0
0
0
0
0
0
0
0
0
0
0
0
0
0
0
0
0
0
0
0
0
0
0
0
0
0
0
0
0
0
0
0
0
0
0
0
0
0
0
0
0
0
0
0
0
0
0
0
0
0
0
0
0
0
0
0
0
0
0
0
0
0
0
0
0
0
0
0
0
0
0
0
0
0
0
0
0
0
0
0
0
0
0
0
0
0
0
0
0
0
0
0
0
0
0
0
0
0
0
0
0
0
0
0
0
0
0
0
0
0
0
0
0
0
0
0
0
0
0
0
0
0
0
0
0
0
0
0
0
0
0
0
0
0
0
0
0
0
0
0
0
0
0
0
0
0
0
0
0
0
0
0
0
0
0
0
0
0
0
0
0
0
0
0
0
0
0
0
0
0
0
0
0
0
0
0
0
0
0
0
0
0
0
0
0
0
0
0
0
0
0
0
0
0
0
0
0
0
0
0
0
0
0.00342386991479543
0
0
0
0
0
0
0
0
0
0
0
0
0
0
0
0
0
0.0067677109705523405
0
0
0
0
0
0
0
0
0
0
0
0
0
0
0
0
0
0
0
0
0
0
0
0
0
0
0
0
0
0
0
0
0
0
0
0
0
0
0
0
0
0
0
0
0
0
0
0
0
0
0
0
0
0
0
0
0
0
0
0
0
0
0
0
0
0
0
0
0
0
0
0
0
0
0
0
0
0
0
0
0
0
0
0
0
0
0
0
0
0
0
0
0.0017851595449163479
0
0
0
0
0
0
0
0
0
0
0
0
0
0
0
0
0
0
0
0
0
0
0
0
0
0
0
0
0
0
0
0
0
0
0
0
0
0
0
0
0
0
0
0
0
0
0
0
0
0
0
0
0
0
0
0
0
0
0
0
0
0
0
0
0
0
0
0
0
0
0
0
0
0
0
0
0
0
0
0
0
0
0
0
0
0
0
0
0
0
0
0
0
0
0
0
0
0
0
0
0
0
0
0
0
0
0
0
0
0
0
0
0
0
0
0
0
0
0
0
0
0
0
0
0
0
0
0
0
0
0
0
0
0
0
0
0
0
0
0
0
0
0
0
0
0
0
0
0
0
0
0
0
0
0
0
0
0
0
0
0
0
0
0.0014524580082558914
0
0
0
0
0
0
0
0
0
0
0
0
0
0
0
0
0
0
0
0
0
0
0
0
0
0
0
0
0
0
0
0
0
0
0
0
0
0
0
0
0
0
0
0
0
0
0
0
0
0
0
0
0
0
0
0
0
0.004148856522900854
0
0
0
0
0
0
0
0
0
0
0
0
0
0
0
0
0
0
0
0
0
0
0
0
0
0
0
0
0
0
0
0
0
0
0
0
0
0
0
0
0
0
0
0
0
0
0
0
0
0
0
0
0
0
0
0
0
0
0
0
0
0
0
0
0
0
0
0
0
0
0
0
0
0
0
0
0
0
0
0
0
0
0
0
0
0
0
0
0
0
0
0
0
0
0
0
0
0
0
0
0
0
0
0
0
0
0
0
0
0
0
0
0
0
0
0
0
0
0
0
0
0
0
0
0
0
0
0
0
0
0
0
0
0
0
0
0
0
0
0
0
0
0
0
0
0
0
0
0
0
0
0
0
0
0
0
0
0
0
0
0
0
0
0
0
0
0
0
0
0
0
0
0
0
0
0
0
0
0
0
0
0
0
0
0
0
0
0
0
0
0
0
0
0
0
0
0
0
0
0
0
0
0
0
0
0
0
0
0
0
0
0
0
0
0
0
0
0
0
0
0
0
0
0
0
0
0
0
0
0
0
0
0
0
0
0
0
0
0
0
0
0
0
0
0
0
0
0
0
0
0
0
0
0
0
0
0
0
0
0
0
0
0
0
0
0
0
0
0
0
0
0
0
0
0
0.0016919277426380851
0
0
0
0
0
0
0
0
0
0
0
0
0
0
0
0
0
0
0
0
0
0
0
0
0
0
0
0
0
0
0
0
0
0
0
0
0
0
0
0
0
0
0
0
0
0
0
0
0
0
0
0
0
0
0
0
0
0
0
0
0
0
0
0
0
0
0
0
0
0
0
0
0
0
0
0
0
0
0
0
0
0
0
0
0
0.006297878251521768
0
0
0
0
0
0
0
0
0
0
0
0
0
0
0
0
0
0
0
0
0
0
0
0
0
0
0
0
0
0
0
0
0
0
0
0
0
0
0
0
0
0
0
0
0
0
0
0
0
0
0
0.0016257787262086115
0
0
0
0
0
0
0
0
0
0
0
0
0
0
0
0
0
0
0
0
0
0
0
0
0
0
0
0
0
0
0
0
0
0
0
0
0
0
0
0
0
0
0
0
0
0
0
0
0
0
0
0
0
0
0
0
0
0
0
0
0
0
0
0
0
0
0
0
0
0
0
0
0
0
0
0
0
0
0
0
0
0
0.006625930625804345
0
0
0
0
0
0
0
0
0
0
0
0
0
0
0
0
0
0
0
0
0
0
0
0
0
0
0
0
0
0
0
0
0
0
0
0
0
0
0
0
0
0
0
0
0
0
0
0
0
0
0
0
0
0
0
0
0
0
0
0
0
0
0
0
0
0
0
0
0
0
0
0
0
0
0
0
0
0
0
0
0
0
0
0
0
0
0
0
0
0
0
0
0
0
0
0
0
0
0
0
0
0
0
0
0
0
0
0
0
0
0
0
0
0
0
0
0
0
0
0
0
0
0
0
0
0
0
0
0
0
0
0
0
0
0
0
0
0
0
0
0
0
0
0
0
0
0
0
0
0
0
0
0
0.0013296521940617647
0
0
0
0
0
0
0
0
0
0
0
0
0
0
0
0
0
0
0
0
0
0
0
0
0
0
0
0
0
0
0
0
0
0
0
0
0
0
0
0
0
0.0015632508541728236
0
0
0
0
0
0
0
0
0
0
0
0
0
0
0
0
0
0
0
0
0
0
0
0
0
0
0
0
0
0
0
0
0
0
0
0
0
0
0
0
0
0
0
0
0
0
0
0
0
0
0
0
0
0
0
0
0
0
0
0
0
0
0
0
0
0
0
0
0
0
0
0
0
0
0
0
0
0
0
0
0
0
0
0
0
0
0
0
0
0
0
0
0
0
0
0
0
0
0
0
0
0
0
0
0
0
0
0
0
0
0
0
0
0
0
0
0
0
0
0
0
0
0
0
0
0
0
0
0
0
0
0
0
0
0
0
0
0
0
0
0
0
0
0
0
0
0
0
0
0
0
0
0
0
0
0
0
0
0
0
0
0
0
0
0
0
0
0
0
0
0
0
0
0
0
0
0
0
0
0
0
0
0
0
0
0
0
0
0
0
0
0
0
0
0
0
0
0
0
0
0
0
0
0
0
0
0
0
0
0
0
0
0
0
0
0
0
0
0
0
0
0
0
0
0
0
0
0
0
0
0
0
0
0
0
0
0
0
0
0
0
0
0
0
0
0
0
0
0
0
0
0
0
0
0
0
0
0
0
0
0
0
0
0
0
0
0
0
0
0
0
0
0
0
0
0
0
0
0
0
0
0
0
0
0
0
0
0
0
0
0
0
0
0
0
0
0
0
0
0
0
0
0
0
0
0
0
0
0
0
0
0
0
0
0
0
0
0
0
0
0
0
0
0
0
0
0
0
0
0
0
0
0
0
0
0
0
0
0
0
0
0
0
0
0
0
0
0
0
0
0
0
0
0
0
0
0
0
0
0
0
0
0
0
0
0
0
0
0
0
0
0
0
0
0
0
0
0
0
0
0
0
0
0
0
0
0
0
0
0
0
0
0
0
0
0
0
0
0
0
0
0
0
0
0
0
0
0
0
0
0
0
0
0
0
0
0
0
0
0
0
0
0
0
0
0
0
0
0
0
0
0
0
0
0
0
0
0
0
0
0
0
0
0
0
0
0
0
0
0
0
0
0
0
0
0
0
0
0
0
0
0
0
0
0
0
0
0
0
0
0
0
0
0
0
0
0
0
0
0
0
0
0
0
0
0
0
0
0
0
0
0
0
0
0
0
0
0
0
0
0
0
0
0
0
0
0
0
0
0
0
0
0
0
0
0
0
0
0
0
0
0
0
0
0
0
0
0
0
0
0
0
0
0
0
0
0
0
0
0
0
0
0
0
0
0
0
0
0
0
0
0
0
0
0
0
0
0
0
0
0
0
0
0
0
0
0
0
0
0
0
0
0
0
0
0
0
0
0
0
0
0
0
0
0
0
0
0
0
0
0
0
0
0
0
0
0
0
0
0
0
0
0
0
0
0
0
0
0
0
0
0
0
0
0
0
0
0
0
0
0
0
0
0
0
0
0
0
0
0
0
0
0
0
0
0
0
0
0
0
0
0
0
0
0
0
0
0
0
0
0
0
0
0
0
0
0
0
0
0
0
0
0
0
0
0
0
0
0
0
0
0
0
0
0
0
0
0
0
0
0
0
0
0
0
0
0
0
0
0
0
0
0
0
0
0
0
0
0
0
0
0
0
0
0
0
0
0
0
0.0016919277426380851
0
0
0
0
0.003105108277379957
0
0
0
0
0
0
0.0033838554852761702
0
0
0
0
0
0
0
0
0
0
0
0
0
0
0
0
0
0
0
0
0
0
0
0
0
0
0
0
0
0
0
0
0
0
0
0
0
0
0
0
0
0
0
0.0015862638361357996
0
0
0
0
0
0
0
0
0
0
0
0
0
0
0
0
0
0
0
0
0
0
0
0
0
0
0
0
0
0
0
0
0
0
0
0
0
0
0
0
0
0
0
0
0
0
0
0.0014593223364117159
0
0
0
0
0
0
0
0
0
0
0
0
0
0
0
0
0
0.001350381349498485
0
0
0
0
0
0
0
0
0
0
0
0
0
0
0
0
0
0
0
0
0
0
0
0
0
0
0
0
0
0
0
0
0
0
0
0
0
0
0
0
0
0
0
0
0
0
0
0
0
0
0
0
0
0
0
0
0
0
0
0
0
0
0
0
0
0
0
0
0
0
0
0
0
0
0
0
0
0
0
0
0
0
0
0
0
0
0
0
0
0
0
0
0
0
0
0
0
0
0
0
0
0
0
0
0
0
0
0
0
0
0
0
0
0
0
0
0
0
0
0
0
0
0
0
0
0
0
0
0
0
0
0
0
0
0
0
0
0
0
0
0
0
0
0
0
0
0
0
0
0
0
0
0
0
0
0
0
0
0
0
0
0
0
0
0
0
0
0
0
0
0
0
0
0
0
0
0
0
0
0
0
0
0
0
0
0
0
0
0
0
0
0
0
0
0
0
0
0
0
0
0
0
0
0
0
0
0
0
0
0
0
0
0
0
0
0
0
0
0
0
0
0
0
0
0
0
0
0
0
0
0
0
0
0
0
0
0
0
0
0
0
0
0
0
0
0
0
0
0
0.003148939125760884
0
0
0
0
0
0
0
0
0
0
0
0
0
0
0
0
0
0
0
0
0
0
0
0
0
0
0
0
0
0
0
0
0
0
0
0
0
0
0
0
0
0
0
0
0
0
0
0
0
0
0
0
0
0
0
0
0
0
0
0
0
0
0
0
0
0
0
0
0
0
0
0
0
0
0
0
0
0
0
0
0
0
0
0
0
0
0
0
0
0
0
0
0
0
0
0
0
0
0
0
0
0
0
0
0
0
0
0
0
0
0
0
0
0
0
0
0
0
0
0
0
0
0
0
0
0
0
0
0
0
0
0
0
0
0
0
0
0
0
0
0
0
0
0
0
0
0
0
0
0
0
0
0
0
0
0
0
0
0
0
0
0
0
0
0
0
0
0
0
0
0
0
0
0
0
0
0
0
0
0
0
0
0
0
0
0
0
0
0
0
0
0
0
0
0
0
0
0
0
0
0
0
0
0
0
0
0
0
0
0
0
0
0
0
0
0
0
0
0
0
0
0
0
0
0
0
0
0
0
0
0
0
0
0
0
0
0
0
0
0
0
0
0
0
0
0
0
0
0
0
0
0
0
0
0
0
0
0
0
0
0
0
0
0
0
0
0
0
0
0
0
0
0
0
0
0
0
0
0
0
0
0
0
0
0
0
0
0
0
0
0
0
0
0
0
0
0
0
0
0
0
0
0
0
0
0
0
0
0
0
0
0
0
0
0
0
0
0
0
0
0
0
0
0
0
0
0
0
0
0
0
0
0
0
0
0
0
0
0
0
0
0
0
0
0
0
0
0
0
0
0
0
0
0
0
0
0
0
0
0
0
0
0
0
0
0
0
0
0
0
0
0
0
0
0
0
0
0
0
0
0
0
0
0
0
0
0
0
0
0
0
0
0
0
0
0
0
0
0
0
0
0
0
0
0
0
0
0
0
0
0
0
0
0
0
0
0
0
0
0.003172527672271599
0
0
0
0
0
0
0
0
0
0
0
0
0
0
0
0
0
0
0
0
0
0
0
0
0
0
0
0
0
0
0
0
0
0
0
0
0
0
0
0
0
0
0
0
0
0
0
0
0
0
0
0
0
0
0
0
0
0
0
0
0
0
0
0
0
0
0
0
0
0
0
0
0
0
0
0
0
0
0
0
0
0
0
0
0
0
0
0
0
0
0
0
0
0
0
0
0
0
0
0
0
0
0
0
0
0
0
0
0
0
0
0
0
0
0
0
0
0
0
0
0
0
0
0
0
0
0
0
0
0
0
0
0
0
0
0
0
0
0
0
0
0
0
0
0
0
0
0
0
0
0
0
0
0
0
0
0
0
0
0
0
0
0
0
0
0
0
0
0
0
0
0
0
0
0
0
0
0
0
0
0
0
0
0
0
0
0
0
0
0
0
0
0
0
0
0
0
0
0
0
0
0
0
0
0
0
0
0
0
0
0
0
0
0
0
0
0
0
0
0
0
0
0
0
0
0
0
0
0
0
0
0
0
0
0
0
0
0
0
0
0
0
0
0
0
0
0
0
0
0
0
0
0
0
0
0
0
0
0
0
0
0
0
0
0
0
0
0
0
0
0
0
0
0
0
0
0
0
0
0
0
0
0
0
0
0
0
0
0
0
0
0
0
0
0
0
0
0
0
0
0
0
0
0
0
0
0
0
0
0
0
0
0
0
0
0
0
0
0
0
0
0
0
0
0
0
0
0
0
0
0
0
0
0
0
0
0
0
0
0
0
0
0
0
0
0
0
0
0
0
0
0
0
0
0
0
0
0
0
0
0
0
0
0
0
0
0
0
0
0
0
0
0
0
0
0
0
0
0
0
0
0
0
0.0014736981370512502
0
0
0
0
0
0
0
0
0
0
0
0
0
0
0
0
0
0
0
0
0
0
0
0
0
0
0
0
0
0
0
0
0
0
0
0
0
0
0
0
0
0
0
0
0
0
0
0
0
0
0
0
0
0
0
0
0
0
0
0
0
0
0
0
0
0
0
0
0
0
0
0
0
0
0
0
0
0
0
0
0
0
0
0
0
0
0
0
0
0
0
0
0
0
0
0
0
0
0
0
0
0
0
0
0
0
0
0
0
0
0
0
0
0
0
0
0
0
0
0
0
0
0
0
0
0
0
0
0
0
0
0
0
0
0
0
0
0
0
0
0
0
0
0
0
0
0
0
0
0
0
0
0
0
0
0
0
0
0
0
0.0015325469239303488
0
0
0
0
0
0
0
0
0
0
0
0
0
0
0
0
0
0
0
0
0
0
0
0
0
0
0
0
0
0
0
0
0
0
0
0
0
0
0
0
0
0
0
0
0
0
0
0
0
0
0
0
0
0
0
0
0
0
0
0
0
0
0
0
0
0
0
0
0
0
0
0
0
0
0
0
0
0
0
0
0
0
0
0
0
0
0
0
0
0
0
0
0
0
0
0
0
0
0
0
0
0
0
0
0
0
0
0
0
0
0
0
0
0
0
0.003084665986016042
0
0
0
0
0
0
0
0
0
0
0
0
0
0
0
0
0
0
0
0
0
0
0
0
0
0
0
0
0
0
0
0
0
0
0
0
0
0
0
0
0
0
0
0
0
0
0
0
0
0
0
0
0
0
0
0
0
0
0
0
0
0
0
0
0
0
0
0
0
0
0
0
0
0
0
0
0
0
0
0
0
0
0
0
0
0
0
0
0
0
0
0
0
0
0
0
0
0
0
0
0
0
0
0
0
0
0
0
0
0
0
0
0
0
0
0
0
0
0
0
0
0
0
0
0
0
0
0
0
0
0
0
0
0
0
0
0
0
0
0
0
0
0
0
0
0
0
0
0
0
0
0
0
0
0
0
0
0
0
0
0
0
0
0
0
0
0
0
0
0
0
0
0
0
0
0
0
0
0
0
0
0
0
0
0
0
0
0
0
0
0
0
0
0
0
0
0
0
0
0
0
0
0
0
0
0
0
0
0
0
0
0
0
0
0
0
0
0
0
0
0
0
0
0
0
0
0
0
0
0
0
0
0
0
0
0
0
0
0
0
0
0
0
0
0
0
0
0
0
0
0
0
0
0
0
0
0
0
0
0
0
0
0
0
0
0
0
0
0
0
0
0
0
0
0
0
0
0
0
0
0
0
0
0
0
0
0
0
0
0
0
0
0
0
0
0
0.004091338742533608
0
0
0
0
0
0
0
0
0
0
0
0
0
0
0
0
0
0
0
0
0
0
0
0
0
0
0
0
0
0
0
0
0
0
0
0
0
0
0
0
0
0
0
0
0
0
0
0
0
0
0
0
0
0
0
0
0
0
0
0
0
0
0
0
0
0
0
0.0016257787262086115
0
0
0
0
0
0
0
0
0
0
0
0
0
0
0
0
0
0
0
0
0
0
0
0
0
0
0
0
0
0
0
0
0
0
0
0
0
0
0
0
0
0
0
0
0
0
0
0
0
0
0
0
0
0
0
0
0
0
0
0
0
0
0
0
0
0
0
0
0
0
0
0
0
0
0
0
0.023207074083912524
0
0
0
0
0
0
0
0
0
0
0
0
0
0
0
0
0
0
0
0
0
0
0
0
0
0
0
0
0
0
0
0
0
0
0
0
0
0
0
0
0
0
0
0
0
0
0
0
0
0
0
0
0
0
0
0
0
0
0
0
0
0
0
0
0
0
0
0
0
0
0
0
0
0
0
0
0
0
0
0
0
0
0
0
0
0
0
0
0
0
0
0
0
0
0
0
0
0
0
0
0
0
0
0
0
0
0
0
0
0
0
0
0
0
0
0
0
0
0
0
0
0
0
0
0
0
0
0
0
0
0
0
0
0
0
0
0
0
0
0
0
0
0
0
0
0
0
0
0
0
0
0
0
0
0
0
0
0
0
0
0
0
0
0
0
0
0
0
0
0
0
0
0
0
0
0
0
0
0
0
0
0
0
0
0
0
0
0
0
0
0
0
0
0
0
0
0
0
0
0
0
0
0
0
0
0
0
0
0
0
0
0
0
0
0
0
0
0
0
0
0
0
0
0
0
0
0
0
0
0
0
0
0
0
0
0
0
0
0
0
0
0
0
0
0
0
0
0
0
0
0
0
0
0
0
0
0
0
0
0
0
0
0
0
0
0
0
0
0
0
0
0
0
0
0
0
0
0
0
0
0
0
0
0
0
0
0
0
0
0
0
0
0
0
0
0
0
0
0
0
0
0
0
0
0
0
0
0
0
0
0
0
0
0
0
0
0
0
0
0
0
0
0
0
0
0
0
0
0
0
0
0
0
0
0
0
0
0
0
0
0
0
0
0
0.0014736981370512502
0
0
0
0
0
0
0
0
0
0
0
0
0
0
0.0017338503815881783
0.005020568667550814
0
0
0
0
0
0
0
0
0
0
0
0
0
0
0
0
0
0
0
0
0
0
0
0
0
0
0
0
0
0
0
0
0
0
0
0
0
0
0
0
0
0
0
0.001758076759067559
0
0
0
0
0
0
0
0
0
0
0
0
0
0
0
0
0
0
0
0
0
0
0
0
0
0.00866925190794089
0.0015986959403598226
0
0
0
0
0
0
0
0
0
0
0
0
0
0
0
0
0
0
0
0
0
0
0
0
0
0
0
0
0
0
0
0
0
0
0
0
0
0
0
0
0
0
0
0
0
0
0
0
0
0
0
0
0
0
0
0
0
0
0
0
0
0
0
0
0
0
0
0
0
0
0
0
0
0
0
0
0
0
0
0
0
0
0
0
0
0
0
0.014388263463238403
0
0
0
0
0
0
0
0
0
0
0
0
0
0
0
0
0
0
0
0
0
0
0
0
0
0
0
0
0
0
0
0
0
0
0
0
0
0
0
0
0
0
0
0
0
0
0
0
0
0
0
0
0
0
0
0
0
0
0
0
0
0
0
0
0
0
0
0
0
0
0
0
0
0
0
0
0
0
0
0
0
0
0
0
0
0
0
0
0
0
0
0
0
0
0
0
0
0
0
0
0
0
0
0
0
0
0
0
0
0
0
0
0
0
0
0
0
0
0
0
0
0
0
0
0
0
0
0
0
0
0
0
0
0
0
0
0
0
0
0
0
0
0
0
0
0
0
0
0
0
0
0
0
0
0
0
0
0
0
0
0
0
0
0
0
0
0
0
0
0
0
0
0
0
0
0
0
0
0
0
0
0
0
0
0
0
0
0
0
0
0
0
0
0
0
0
0
0
0
0
0
0
0
0
0
0
0
0
0
0
0
0
0
0
0
0
0
0
0
0
0
0
0
0
0
0
0
0
0
0
0
0
0
0
0
0
0
0
0
0
0
0
0
0
0
0
0
0
0
0
0
0
0
0
0
0
0
0
0
0
0
0
0
0
0
0
0
0
0
0
0
0
0
0
0
0
0
0
0
0
0
0
0
0
0
0
0
0
0
0
0
0
0
0
0
0
0
0
0
0
0
0
0
0
0
0
0
0
0
0
0
0
0
0
0
0
0
0
0
0
0
0
0
0
0
0
0
0
0
0
0
0
0
0
0
0
0
0
0
0
0
0
0
0
0
0
0
0
0
0
0
0
0
0
0
0
0
0
0
0
0
0
0
0
0
0
0
0
0
0
0
0
0
0
0
0
0
0
0
0
0
0
0
0
0
0
0
0
0
0
0
0
0
0
0
0
0
0
0
0
0
0
0
0
0
0
0
0
0
0
0
0
0
0
0
0
0
0
0
0
0
0
0
0
0
0
0
0
0
0
0
0
0
0
0
0
0
0
0
0
0
0
0
0
0
0
0
0
0
0.1110785136807493
0.009256542806729108
0
0
0
0
0
0
0
0
0
0
0.2975820282479266
