0
0
-8.976502883757968e-08
0
0
0
0
0
0
0
0
0
0
0
0.0022047950755668387
0.013486745956570474
0
0
0
0
0
0
0.0030275197352568083
0.002161062411601498
0.0021109255576750147
0
0
0
0
0
0
0
0
0.006241166545709141
0
0.005873347966631572
0.008221092975978797
0
0
0
0
0
0
0
0
0
0
0
0
0
0
0
0
0.0033074311251142493
0
0
0
0
0
0
0
0.001463741472846463
0
0
0.001990525140447615
0
0
0
0.002160161812438557
0.0060183104038732844
0.01573997499304336
0
0
0
0.0077068676176614845
0
0
0
0
0
0
0
0
0
0.0019331166956682458
0
0.0014867330199916022
0.00890469000720059
0
0
0
0
0
0
0.002607584389722572
0
0
0.008283039898561778
0.0045703696013006485
0
0
0
0.0038770307136329588
0
0
0.005219330188170901
0
0.004973244815286301
0
0
0
0
0
0
0
0
0
0.009273295964725713
0
0
0
0
0
0
0
0
0
0.0027613847774150585
0
0
0
0
0
0
0
0
0
0
0.006754036185406607
0.0033644503614721926
0
0
0.0025983052313613784
0
0
0.003439679315063473
0
0
0
0.002862493784632832
0
0
0
0
0
0
0
0
0
0
0
0
0.0037841861035332745
0
0
0.0015928946377655232
0
0.0019874605076049003
0
0.002977662546001212
0
0.005884146638549351
0
0.0036719948157544436
0
0
0
0
0
0
0
0
0.007284782240644958
0
0
0
0
0
0
0.0027898854564957984
0
0
0
0
0
0
0.0012421983990057767
0
0.004528147129315751
0
0
0.001995670201610022
0.003917329526523488
0.003163745480967489
0
0
0
0
0
0.0020839215861332833
0
0.0032877561787541198
0.003987642603350108
0
0
0.0040164270178650015
0.004346022584169574
0
0.010651323921175453
0.0017466026854812
0.0011774119057108123
0
0
0.002012457448260695
0
0
0.0012992694495520354
0
0
0.0030229654017142685
0
0
0.006974713641239496
0.0019723825260844403
0
0
0
0
0
0
0
0.010304835453446312
0
0.004199671298070985
0
0
0
0
0
0
0.00723924961550121
0
0
0.006387282402958192
0
0
0.005913217523815711
0.006501377431947063
0
0
0
0
0
0
0
0
0.011488829913595004
0.00784072177258181
0
0
0
0
0
0
0.0014124918867889234
0
0
0
0.002498048050082988
0.0023045226837720566
0.001115399255499414
0
0
0.0026112230168783067
0
0.007906906785269006
0.002103579053384038
0
0.0018635826092999294
0
0
0.006705667723279332
0
0
0
0
0.0009017505630047366
0
0
0.0020564886749604894
0
0
0
0
0.004141502999022752
0.001718103814051281
0
0
0
0
0
0
0
0
0
0
0
0.005912018844823206
0.0028245799915489977
0
0
0
0
0.0052645400936197784
0
0
0.004276876871520851
0
0
0
0.003595169611933559
0
0.013462188906353012
0.002687227318513291
0
0
0.0042621811455948325
0
0.0014230354896682784
0
0.0028996998906060433
0
0
0
0.0020863187888984667
0.0031809784844580224
0.004665796099739477
0
0
0
0
0
0
0
0.0018024285461258373
0.0033735595717043106
0
0
0.002852944737695495
0
0
0
0.0018861041389205773
0
0
0
0
0
0
0
0
0
0
0.0022921402011135913
0.00997410067332997
0
0.001977363816552869
0
0.012730468039057878
0
0
0.003619624807750605
0.007582176361267523
0
0
0
0
0
0
0
0
0
0
0.0013678452354409793
0.003388427609032078
0
0
0.002432477444162957
0
0
0
0
0
0
0
0
0
0
0.0027826275977035986
0
0
0
0.0015657444738304026
0
0
0
0.010359669150111587
0
0
0
0
0.0027040424144235417
0
0.0021048324026922698
0.012410365538400399
0.0029453407806646612
0
0
0.0027955941986042812
0
0
0.000675349896049643
0
0
0
0
0
0
0
0.0018380063466118784
0.0030560017715207735
0
0
0
0.0013614373690837907
0
0
0
0
0
0.02372894997577277
0
0.0038515976236910576
0.008156316449080749
0.003948739520358141
0
0.011595776708471594
0
0
0
0.0029709556180831332
0
0
0
0.003986588888847722
0.0036666748450563534
0
0.0020178077285633754
0
0
0
0.006509807079571354
0
0.006908211023550627
0.0018955440903168808
0
0
0
0
0.0024369845104542675
0
0
0
0
0
0
0.0021546519369153795
0.006705667723279332
0.0036775765526883743
0
0
0
0
0
0
0
0
0.0022108205905621895
0
0
0
0
0
0
0
0.0021048324026922698
0
0
0
0
0.0009323757678932702
0.0032202625450568688
0.0077068676176614845
0.0012095142327744372
0
0
0
0
0
0
0
0
0.007007335632702471
0
0
0
0.001622484741775096
0.0018165416445091909
0
0
0
0
0
0
0.0004477794267601403
0
0.0027329802818101285
0
0
0
0.0011180054912114038
0.0011569835698221746
0
0
0
0
0.002047611479675721
0.005175283566058907
0.00633944223282174
0.00331194720556218
0
0
0.0014498499453030216
0.0017111987882276324
0
0
0.0014926279347188289
0
0.0022108205905621895
0.004616222210682681
0
0.0016324359997641359
0.002434726470230302
0
0
0.002306314037528326
0
0
0.0018203151367256008
0
0
0
0
0
0
0
0.0011252354365539313
0
0
0
0.001533435464381122
0
0
0
0
0
0
0.0024484124942128625
0.001371588639789525
0
0
0
0.006535266630632657
0
0
0.001964901228984871
0
0
0
0
0.002245164646781732
0
0
0.005233355911273473
0
0.001767583835301989
0
0.004196170462772003
0
0
0
0
0.001507640859497923
0
0.0020167335999602305
0
0
0
0.0009521343412506945
0
0
0
0.0022347056022072372
0
0
0
0
0
0
0.0018294759935547726
0
0
0
0
0
0.0014913595358002614
0.005612970598902897
0
0.011193812646161292
0
0.0011156159819039678
0.0012870893856199372
0.0021899447104099553
0
0
0
0
0
0.0029062691281003653
0
0.004197186709272885
0
0
0
0
0
0
0.0017774087176796658
0
0.0019257641569665608
0
0
0
0
0
0
0.0036635793470561973
0
0.0016240860131942116
0
0
0.0011495675149737247
0
0.0026755911335489533
0
0
0.0031538788791508152
0
0
0
0
0.002065434224269633
0
0
0.002171345907397842
0.0034773724093222305
0
0
0.002792736212130018
0
0
0.0017580116099524421
0.0028031357476425074
0
0
0
0.0015098185981264173
0.0017219061700934942
0
0.002595300529403428
0.002652001107307477
0.0020567537538288233
0
0
0
0
0
0
0
0
0
0
0.002790282408055932
0
0
0
0
0
0
0
0
0
0
0
0.001893815928588508
0
0
0
0
0
0
0
0.001600532083446429
0.0037173955571337927
0
0
0.005194577620848221
0
0
0.0009333160411825029
0
0
0
0
0
0
0.002957660353935353
0.0017586899728058534
0.002753393433757618
0.0020145914670308004
0
0.009426268767141324
0
0.0036681103618849743
0.001596445898485857
0
0.0017244554064868968
0
0
0
0
0
0
0
0
0
0
0
0
0
0
0.0016492264528956164
0
0
0
0
0
0
0.002133135993967554
0.0051020733506669524
0
0
0
0
0.0019386947638275198
0.0024507261741861883
0
0
0.003481430285290922
0.0013988712279052852
0
0.002622937800946636
0
0
0
0
0
0
0
0
0
0
0
0
0.0016879759227806498
0
0
0
0
0
0
0
0.00821279576406399
0
0
0.0012722970844556813
0
0
0
0.006352565052584555
0.003341452054700218
0
0
0
0.002807486196146119
0
0
0
0
0
0
0
0
0
0
0
0.0057855876909862995
0
0
0.0029709556180831332
0
0
0
0
0
0.009063966294403035
0.0022581913608216496
0
0
0.0024768242427350554
0
0
0
0
0
0
0.0020308595929473382
0
0
0
0
0
0.0013374740944224217
0
0.0020167335999602305
0
0
0.005852920336261298
0
0
0
0
0
0
0.0011023341586159684
0
0
0
0
0.004253154720312026
0
0
0
0
0
0
0
0
0
0
0.0036218809613352957
0
0
0
0
0
0
0
0
0
0
0
0
0.0032155100130101103
0
0
0
0
0
0
0.0051020733506669524
0
0
0.003193641201479096
0
0
0
0
0.0027860623113071105
0
0
0
0
0
0
0
0.002660895437308751
0
0
0.003174717845501423
0
0
0
0
0
0
0
0
0
0
0
0
0
0
0
0
0.002335778544234157
0
0
0
0
0
0.00194811605832299
0
0
0
0
0
0
0
0.0025983052313613784
0.003830184768900062
0
0
0
0
0
0
0.008742582667949491
0
0
0
0
0
0
0
0
0
0
0
0
0
0.005977732589700874
0
0
0
0.002781873591032453
0
0
0
0
0
0
0.002950946600863629
0
0
0
0
0.0018090696479579735
0
0
0
0.0022403562510353446
0.0013056115084391533
0
0
0.003481430285290922
0
0
0
0
0
0
0
0
0.0028870994542117964
0.0023190155802444144
0
0
0
0
0
0
0
0
0
0
0.004799553908438686
0
0.0023301352888857223
0.009193941381720935
0
0
0
0
0
0
0
0
0
0
0.0020863187888984667
0.0017080879007998536
0
0
0
0
0.0037222697993277336
0
0.0028868391446357127
0
0
0
0
0
0
0
0
0
0
0.00270768890146896
0.0015974646696164394
0
0
0.0012906271070198488
0
0
0
0
0
0
0
0
0
0
0
0
0
0
0
0.0018912335851137714
0
0.0014137600038666757
0
0
0
0
0
0.007072382411820782
0
0.003469538584742082
0.0042956790335321356
0
0
0
0.003932925077410103
0
0
0.0014309466767798496
0
0
0.0014374333483642661
0
0
0
0
0
0
0
0
0
0
0.005901893201727258
0
0
0
0.002328266695856994
0
0
0
0
0
0.0024671935760537593
0
0
0
0
0
0.0022153823991439467
0
0
0
0
0
0
0
0.008424354186154474
0
0
0
0
0
0.015071341993460094
0
0
0
0
0
0
0
0
0
0
0
0
0.0024191686296483454
0.01119587252561042
0
0
0
0
0
0.0029920487193307913
0
0
0.0030425065611440656
0
0
0.0078039781331963355
0.0020156615153708863
0
0
0
0
0.003277604908048385
0
0.0032708483756635426
0
0
0.002201806313747293
0
0
0
0
0
0
0.006099193819948161
0
0
0
0.00420307694530189
0.002178450418717239
0
0
0
0
0
0.0020743059610287082
0
0.01276026598163168
0
0
0
0
0
0.0033302956449558913
0.0022108205905621895
0
0
0
0
0
0
0
0
0
0
0
0
0
0
0
0
0
0
0
0.005747425751075213
0
0
0
0
0
0.003076661277660367
0
0
0.004721815461692825
0
0.015840442384913778
0.0052821899281645214
0
0
0
0.014336051739889707
0.002807486196146119
0
0
0.003076661277660367
0.011906474732181805
0.00874838324033298
0
0
0
0
0.0022199814473913616
0
0.0023453114329599805
0
0
0
0.0019723825260844403
0
0.010832303996680373
0
0
0.004929335272053479
0
0.0018356670479635587
0
0
0.002000862683359275
0
0
0
0
0
0
0
0
0
0.0018490533727461747
0.0035423956850882364
0
0.00671155521025391
0
0
0
0
0.0036107679988934575
0
0
0
0.0017822542065783942
0
0
0
0
0.002043095381090799
0.00537243613887993
0.0042956790335321356
0
0
0
0.001859508981416467
0
0
0.003049173861226884
0
0
0.003248204483726937
0
0
0
0
0
0
0
0.002171345907397842
0
0
0
0
0
0
0
0
0
0
0
0
0
0
0
0
0
0
0
0
0
0
0
0
0
0
0
0
0
0
0
0
0
0
0
0
0
0
0
0
0
0
0
0
0
0
0
0.00191223155401362
0
0
0
0
0
0
0
0
0
0
0.0022715264279123
0
0.0033475744238670954
0
0
0.0016203567683983381
0
0
0
0
0
0
0
0
0
0
0
0.0026356701006183206
0
0
0
0
0
0
0
0
0
0
0
0
0
0
0
0
0
0
0
0
0
0
0
0
0
0
0
0
0
0
0
0
0
0
0
0
0
0
0
0
0
0
0
0
0
0.0023491702170983326
0.0018981463133345118
0
0
0
0
0
0
0
0
0
0
0
0
0
0
0.022390549089892423
0
0
0
0
0
0
0
0
0
0
0
0.017045075078756126
0.0023913681371958637
0
0.0018348894353049905
0
0
0
0
0
0
0
0
0
0
0
0.0035173799456117067
0.002568955872553828
0
0
0
0
0
0
0
0
0
0
0
0.0034264226968042087
0
0
0
0
0
0.0024800630981946766
0
0
0
0
0
0
0
0
0
0
0
0
0
0
0
0
0
0
0
0
0.0027040424144235417
0.005082120123104973
0
0
0
0
0
0
0
0
0
0
0
0
0
0
0
0
0
0
0
0
0
0.0023628879799210295
0.005034165627985203
0
0
0
0
0
0
0
0
0
0
0
0
0
0
0
0
0
0
0
0
0
0
0
0
0
0
0
0
0
0
0
0
0
0
0
0
0
0
0
0
0
0.0025067452710809414
0
0
0
0
0
0
0
0
0.010529839791510717
0
0.002081482876959654
0
0
0
0
0
0
0.0020998356490354924
0.0031765677651436996
0
0
0
0
0.002139771880836632
0
0
0
0
0
0
0
0
0
0
0
0
0
0
0
0
0.005271340201236641
0
0
0
0
0
0
0
0.0018287068735968347
0
0
0
0
0
0
0
0
0
0
0
0
0
0
0
0
0
0
0
0
0.0066605912899117825
0
0
0
0
0
0
0
0
0
0
0.00974793804181707
0
0
0
0
0.002852944737695495
0
0
0
0
0
0
0
0.00244610827716975
0
0
0.0025465298159902112
0
0
0
0
0
0
0
0
0
0
0.0028576990298903484
0.0019257641569665608
0
0
0
0
0
0
0
0
0
0
0
0
0
0
0
0
0.007566970795773264
0
0
0
0
0
0
0
0
0
0
0
0
0
0
0
0
0
0
0
0
0
0
0
0
0
0
0
0
0
0
0
0
0
0
0
0
0
0
0
0
0
0
0
0
0
0
0
0
0
0
0.0027654233630368123
0
0
0
0
0
0
0
0
0
0
0
0
0
0
0
0
0
0
0
0
0
0
0
0
0
0.005196610462722757
0
0
0
0
0
0
0
0
0
0
0
0
0
0
0
0.0022500144352530557
0
0
0
0
0
0
0
0
0
0
0
0
0
0
0
0
0
0
0
0
0
0
0
0
0
0
0
0
0
0
0
0
0
0
0
0.0022387625292322583
0
0
0
0
0
0
0
0
0
0.002175597854234678
0.0026135739241939363
0
0
0
0
0
0.0016531524637779225
0
0
0
0
0
0
0
0.004039924298184106
0
0.0021546519369153795
0
0
0
0
0
0
0
0
0
0
0
0
0
0
0
0
0
0
0
0
0
0
0
0
0
0
0
0
0
0.006226042015757434
0
0.003400810091690543
0
0
0
0
0
0.0023081111053413405
0
0
0
0
0
0
0
0
0
0
0
0
0.006990405866657167
0
0.003857672185333545
0
0
0
0
0
0
0
0
0
0
0.0026620318817488888
0
0.003341452054700218
0
0
0.0038717976523399648
0
0.0022800240291581193
0
0.0022614956534708877
0.004365513062012019
0
0.009045982613883551
0
0
0
0
0
0
0
0
0
0.0024792578546474586
0
0
0
0
0
0
0
0
0
0
0
0
0.0031055589083012407
0
0.0016114014935504736
0
0
0
0
0
0
0
0
0
0
0
0
0
0
0
0
0
0
0
0
0
0.003439679315063473
0.002501646772196481
0
0.0031765677651436996
0
0
0
0
0
0
0
0
0
0
0
0
0
0
0
0
0.00410432814476433
0
0
0
0
0
0
0.004058615815721563
0
0.003709861332112423
0
0
0
0.004513092907442358
0
0
0
0
0
0
0
0.0028031357476425074
0
0
0
0
0
0
0
0
0
0
0
0
0
0
0
0
0
0.0031765677651436996
0
0
0
0
0
0
0
0
0.004983172285350701
0
0
0
0
0
0
0
0
0
0
0
0
0
0
0
0
0
0
0
0
0
0
0
0
0
0
0
0
0
0
0
0
0
0
0
0
0
0
0
0
0.0021973526914897644
0
0
0
0.009495081994422908
0
0
0
0
0
0
0
0
0
0
0
0
0
0
0
0
0
0
0
0
0
0
0
0
0
0
0
0
0
0
0
0
0.002807486196146119
0
0.0020875342808083374
0.0020308595929473382
0
0.0022199814473913616
0
0
0.012991526156806892
0
0
0
0
0
0
0
0
0
0
0
0
0
0
0.0019519291373912373
0
0
0
0.0032578351504082333
0.00371415773719494
0.002769491108373988
0
0
0
0
0
0
0
0
0
0
0
0
0
0
0
0
0
0
0
0
0.002514480590974971
0
0
0
0
0
0
0
0
0
0
0
0
0
0.0035755452625659454
0
0
0
0
0
0
0
0
0.030558357791882533
0
0
0
0.002200317857711891
0
0.004816626364799928
0.0023117225297700278
0
0
0
0
0
0
0
0
0
0
0
0
0
0
0
0
0.0025410600615524866
0
0
0
0
0
0
0
0
0
0
0
0
0
0
0
0
0
0
0
0
0
0
0
0
0
0
0
0
0
0
0
0
0
0
0
0
0
0
0
0
0
0
0
0
0
0
0
0
0
0
0
0
0
0
0
0.002320853690461213
0
0
0
0
0
0
0
0
0
0
0
0
0
0
0.002753393433757618
0
0
0
0
0
0
0
0.0022308608529761995
0
0
0
0
0
0.002619799184017365
0
0.0025923117675838822
0
0
0
0
0
0
0
0
0
0
0
0
0
0
0
0
0
0
0
0
0
0
0
0
0
0
0
0
0
0
0
0
0
0
0
0
0
0
0
0
0
0
0
0
0
0
0
0
0
0
0
0
0
0
0
0
0
0
0.007117453383554785
0
0
0
0
0.006079425865418824
0
0
0
0
0
0
0
0.0021727596604149834
0
0
0
0.006463955810746139
0
0
0
0
0
0
0
0
0.004808057802112357
0
0
0
0
0
0
0
0
0
0
0
0
0
0
0
0
0
0
0
0.0022340082370374053
0
0
0
0
0
0
0
0
0
0
0
0
0.00351108872669116
0
0
0
0
0
0
0
0.0029288504244392457
0
0
0
0.0025170828139926015
0
0
0
0
0.01688841205664143
0
0
0
0
0
0
0
0
0
0
0
0
0
0
0
0
0
0
0
0
0
0
0
0
0
0
0
0
0.008722764803487573
0.016078986369394532
0
0
0
0
0
0
0
0
0
0.007881609108039296
0
0
0
0
0
0
0
0
0.003319355878275834
0
0
0
0
0
0
0
0.0027735884375734697
0
0
0
0.006099193819948161
0.0034671667314969557
0
0
0
0
0
0
0
0
0
0
0
0
0.0023190155802444144
0
0
0
0
0.00270768890146896
0
0
0
0
0
0
0
0
0
0
0
0
0.0036300798888295204
0
0
0
0
0
0
0
0
0
0
0
0
0
0
0
0
0
0
0
0
0
0
0
0
0
0
0.0025067452710809414
0
0
0
0.002501646772196481
0
0
0
0
0
0
0.0016970288269717486
0
0
0
0
0
0
0
0
0
0
0
0
0
0
0
0
0
0
0
0
0
0
0
0
0
0
0
0.002820742814405383
0
0
0.01175109066697161
0
0
0
0
0
0
0
0
0
0
0
0
0
0
0
0
0
0
0
0
0
0
0
0
0
0
0
0
0
0
0
0
0
0
0
0
0
0
0
0
0
0
0
0
0
0
0
0
0
0.006776855218064156
0.002201806313747293
0
0
0
0.0024768242427350554
0
0
0
0
0
0
0
0
0
0
0
0
0
0
0
0.012991526156806892
0
0
0
0
0
0.00244610827716975
0
0
0
0
0
0
0
0
0
0
0
0
0
0
0
0
0
0
0
0
0
0.0028297570912202796
0
0
0
0
0
0
0
0
0.003453255400460127
0
0
0
0
0.002112411623930083
0
0.003526524768487281
0
0
0
0
0
0
0.0024438134459654477
0
0.0025863813940700865
0
0
0
0
0
0
0
0
0
0
0
0.003968824910727268
0
0
0
0
0
0
0
0
0
0
0
0
0
0
0
0
0
0
0
0
0
0
0
0
0
0
0
0
0
0
0
0
0
0
0
0.0031682212379408035
0
0.0035755452625659454
0.005430106908929304
0
0
0
0
0
0
0
0
0
0
0
0
0
0
0
0
0
0
0
0
0
0
0
0
0
0
0
0
0
0
0
0
0.005452567996141492
0
0
0
0
0
0
0
0
0
0.0024768242427350554
0.0034264226968042087
0
0
0
0
0
0
0
0
0
0
0
0
0
0
0
0
0
0
0
0
0
0
0
0
0
0
0.0032387356846754548
0
0
0
0
0
0
0
0
0
0
0
0
0
0
0
0
0
0
0
0
0
0
0
0
0
0
0
0
0
0
0
0
0
0
0
0
0
0
0
0
0
0
0
0
0
0
0
0
0
0
0
0
0
0
0
0
0
0
0
0
0
0
0
0
0
0
0
0
0.0033086245008275557
0.0032294234018860404
0
0
0
0
0
0
0
0
0
0
0
0
0
0
0
0
0
0
0
0
0
0
0
0
0
0
0
0
0
0
0
0
0
0
0.002160161812438557
0
0
0
0
0
0
0
0
0
0
0
0
0
0
0
0
0
0
0
0
0
0
0
0
0
0
0
0
0
0
0
0
0
0
0
0.003352833861639666
0
0
0
0
0
0
0
0
0
0
0
0
0
0
0
0.0017025312283180667
0
0
0
0.003857672185333545
0
0
0
0
0
0.0025863813940700865
0
0
0
0
0
0
0
0
0
0
0
0
0
0
0
0
0
0
0
0
0
0
0
0
0
0
0
0
0
0
0
0
0
0
0.0030627499466235383
0
0
0
0
0
0
0
0
0
0
0.005003293544392962
0
0
0
0
0
0
0
0
0
0
0
0
0.004943976661592487
0
0
0
0
0
0
0
0.0028870994542117964
0.002686155823823778
0
0
0
0
0
0
0.0025465298159902112
0
0
0
0
0
0
0
0
0
0.0025747047008210064
0
0.0025492847372827134
0.011336799188606
0
0
0
0
0
0
0
0
0
0
0
0
0
0
0
0
0
0
0
0
0
0
0
0
0
0
0
0
0
0
0
0
0
0
0
0
0
0
0
0
0
0
0
0
0
0
0
0
0
0
0
0
0
0
0
0
0
0.0022246183483133424
0
0
0
0
0
0
0
0
0
0
0
0
0
0
0
0
0
0
0.0019936065352670713
0
0
0
0
0
0
0
0
0
0.004973244815286301
0
0
0
0
0
0.0032387356846754548
0
0
0
0
0
0.002601326044398778
0
0
0
0
0.0021344569330995285
0
0
0
0.009012238134091577
0
0
0
0
0
0
0
0
0
0
0
0
0
0
0
0
0
0
0
0
0
0
0
0
0
0
0
0.0031599965622105767
0
0
0
0
0
0
0
0
0
0
0
0
0
0
0
0
0
0.006876420603340774
0
0
0
0.0061428344390271625
0
0
0.00351108872669116
0
0
0
0
0
0
0
0
0
0
0.00329809372166578
0
0
0
0
0.0036885991755023686
0
0
0.0028576990298903484
0
0
0
0
0
0
0
0
0
0
0
0
0.007898464291227963
0
0
0.003481430285290922
0
0
0
0.005082120123104973
0
0
0
0
0
0
0
0
0
0
0
0
0
0
0
0
0
0
0
0.003400810091690543
0
0
0
0
0
0
0
0
0
0
0
0.006973644001884188
0
0
0
0
0
0.003754955815308782
0
0
0
0
0
0.00838896352644807
0
0
0
0
0
0
0
0
0
0
0
0
0
0.006659944342174085
0
0
0
0.002741615019774906
0
0
0
0
0
0
0
0
0
0
0
0
0
0.002950946600863629
0
0
0
0
0
0
0
0
0.00699212872427566
0
0
0
0
0
0
0
0
0
0
0
0
0
0
0
0
0
0
0
0
0.0033644503614721926
0
0
0
0
0
0
0
0
0
0.0026454117891310308
0
0
0
0
0
0
0
0.003857672185333545
0
0
0
0
0
0
0
0
0
0
0
0
0
0
0
0
0
0
0
0
0
0
0
0
0
0
0
0
0
0
0.005924656815606153
0
0
0
0
0
0
0
0
0
0
0
0
0
0
0.0028820915965119395
0
0
0
0
0
0
0
0
0
0
0
0
0
0
0
0
0
0
0
0
0
0
0
0
0
0
0
0
0
0
0
0
0
0
0
0.003113021007878717
0
0
0
0
0
0
0
0
0
0
0
0
0
0
0
0
0.0032387356846754548
0
0
0
0
0
0
0
0
0
0
0.003049173861226884
0
0
0
0.003731957508536807
0
0
0
0
0
0
0
0
0
0
0
0
0
0
0
0
0
0
0
0
0
0
0
0
0
0
0
0
0
0
0
0
0
0
0
0
0.017787420430867402
0
0
0
0
0
0
0
0
0
0
0
0
0
0
0
0
0
0
0
0
0
0
0.005777292470899682
0
0
0
0
0
0.0030981943553055487
0.003648340604244822
0
0
0
0
0
0
0
0
0
0
0
0
0
0
0
0
0
0
0
0
0
0
0
0.003453255400460127
0
0
0.002918119046990967
0
0
0
0
0
0
0
0
0
0
0
0
0.006226042015757434
0.0023609077308464127
0
0
0
0
0
0
0
0
0
0
0
0
0
0
0
0
0
0
0
0
0
0.0031205832728545707
0
0
0
0
0
0
0
0
0
0
0
0
0
0
0
0
0
0
0
0
0
0
0
0
0
0
0
0
0
0
0
0
0
0
0
0.0060206092757079084
0.0023913681371958637
0
0
0
0
0
0
0
0
0
0
0
0
0
0
0
0
0
0
0
0
0
0
0
0.003481430285290922
0
0
0.0029453407806646612
0
0
0
0
0
0
0
0
0
0
0
0
0
0
0
0
0
0.0052148334027178
0
0
0
0.004276876871520851
0
0
0
0
0
0
0
0
0
0
0
0.002619799184017365
0
0
0
0
0
0
0
0
0
0
0
0
0
0
0
0
0
0
0
0
0
0
0
0
0
0
0
0
0.0033644503614721926
0
0
0
0
0
0
0
0
0
0
0
0
0.00349606436213783
0
0
0.005452567996141492
0
0
0
0
0
0
0.00838896352644807
0
0
0
0
0
0
0
0
0
0
0
0
0
0
0.0036681103618849743
0
0
0
0.0033086245008275557
0
0
0.004019746592348633
0
0
0
0
0
0
0
0
0
0
0
0
0
0
0
0
0
0
0
0
0
0
0
0
0
0
0
0
0
0
0
0
0
0
0
0.0032112482682419724
0
0
0
0
0
0
0
0
0
0
0
0.0033763114370766057
0
0
0
0
0
0
0
0
0
0
0
0
0
0
0
0
0
0
0
0.003983386862130283
0.008236541582442308
0.0026421458073370447
0
0
0
0
0
0
0
0
0
0
0
0
0
0
0
0
0
0
0
0
0
0
0
0
0
0
0
0
0
0
0
0
0
0
0
0
0
0
0
0
0
0.0036681103618849743
0
0
0
0
0
0.0035587266917773927
0
0
0
0
0
0
0
0
0
0
0
0
0
0
0
0
0
0
0
0
0
0
0
0
0
0
0
0
0
0
0
0
0
0
0
0
0.002834318899802037
0
0
0
0
0
0.002753393433757618
0
0
0
0
0
0
0
0
0
0
0
0
0
0
0
0
0
0
0
0
0
0
0
0
0
0
0
0
0
0
0
0
0
0
0
0
0
0
0
0
0
0
0
0
0
0
0
0
0
0
0
0
0
0
0
0
0
0
0
0
0
0
0
0
0
0
0
0
0
0
0
0
0
0
0
0
0
0
0.011847696436841944
0
0
0
0
0
0
0
0
0
0
0
0
0
0.0030981943553055487
0
0
0
0
0
0
0
0
0
0
0
0
0
0
0
0
0
0
0
0
0
0.003949232145613981
0
0
0
0
0
0
0.0031765677651436996
0
0
0
0
0
0.011659709447923255
0
0.0029453407806646612
0
0
0
0
0
0
0
0.002012457448260695
0
0
0
0
0
0
0
0
0
0
0
0
0
0
0
0
0
0
0
0
0
0
0
0
0
0
0
0.0035755452625659454
0
0
0
0
0
0.007660369537800124
0
0
0
0
0
0
0
0
0
0
0
0
0
0
0
0
0
0
0
0
0
0
0
0
0
0
0
0
0
0
0
0
0
0
0
0
0
0
0
0
0
0
0
0
0
0
0
0
0
0
0
0
0
0
0
0
0
0
0
0
0
0
0
0
0
0
0
0
0
0
0.002715053454464652
0
0
0
0
0
0
0
0
0
0
0
0
0
0
0
0
0
0
0
0
0
0
0.006287797775188415
0
0.003439679315063473
0
0
0
0
0
0
0
0
0
0
0
0
0
0
0.003248204483726937
0
0
0
0.02235548841035367
0
0
0
0
0
0
0
0
0
0
0
0
0
0
0
0
0
0.002733897360981576
0
0
0
0
0
0
0
0
0
0
0
0
0
0
0
0
0
0
0
0
0
0
0
0
0
0
0
0
0
0
0
0
0
0
0
0
0
0
0
0
0
0
0
0
0
0
0.005995844310390978
0
0
0
0
0
0
0
0
0
0
0.007377198351004737
0
0
0
0
0
0
0
0
0
0
0
0
0
0
0
0
0
0
0
0
0
0
0
0
0
0
0
0
0
0
0
0
0
0
0
0.003439679315063473
0
0
0
0
0.00349606436213783
0
0
0
0
0
0
0
0
0
0
0
0
0
0
0
0
0
0
0
0
0
0
0
0
0
0
0
0
0
0
0
0
0
0
0
0
0
0
0
0
0
0
0
0
0
0
0
0
0
0
0
0
0
0
0
0
0
0
0
0
0
0
0
0
0
0
0
0.0024392516373836905
0
0
0
0
0.00349606436213783
0
0
0
0
0
0
0
0
0
0.0023301352888857223
0
0
0
0
0
0
0
0
0
0
0
0
0
0
0
0
0
0
0
0
0
0.003076661277660367
0.0029453407806646612
0
0
0
0
0
0
0
0
0
0
0
0
0
0
0
0
0
0
0
0
0
0
0
0
0
0
0
0
0
0
0
0
0
0
0
0
0
0
0
0
0
0
0
0
0
0
0
0
0
0
0
0
0
0
0
0
0
0
0
0
0
0.031881561165794124
0
0
0
0
0
0
0
0
0
0
0
0
0
0.007966773724260566
0
0
0
0
0
0
0
0
0
0
0.0025863813940700865
0
0
0
0
0
0
0
0
0
0
0
0
0
0
0
0
0
0
0
0
0
0
0.007221535997786915
0
0
0
0
0
0
0
0
0.002715053454464652
0
0
0
0
0.003830184768900062
0
0
0
0
0
0
0
0
0
0
0
0
0
0
0
0
0
0
0
0
0
0
0
0
0
0
0
0
0
0
0
0
0
0
0
0
0
0
0
0
0
0
0
0
0
0
0
0
0
0
0
0
0
0
0
0
0
0
0
0
0
0
0
0
0
0
0
0
0
0
0.0033086245008275557
0
0.00699212872427566
0
0
0
0
0
0
0
0
0
0
0
0
0
0
0
0
0
0
0
0
0
0
0
0
0
0
0
0.011029499745674062
0
0
0
0
0
0
0
0
0
0
0
0
0
0
0
0
0
0
0.003277604908048385
0
0
0
0
0
0
0
0
0
0
0
0
0
0
0
0
0
0
0
0
0
0
0
0
0
0
0
0
0
0
0
0
0
0
0
0
0
0
0
0
0
0
0
0
0
0
0
0
0
0
0
0
0
0
0
0
0
0
0
0
0
0
0
0
0
0
0
0
0
0.003388427609032078
0
0
0
0
0
0
0
0
0
0
0
0
0
0
0
0
0
0.007956003321922431
0
0
0
0
0
0
0
0
0
0
0
0
0
0
0
0
0
0
0
0
0
0
0
0
0
0
0
0
0
0
0
0
0
0.0036681103618849743
0
0
0
0
0
0
0.0028482302308388665
0
0
0
0
0
0
0
0
0
0
0.002950946600863629
0
0
0
0
0
0
0
0
0
0
0
0
0
0
0
0.003949232145613981
0
0
0
0
0
0
0
0
0
0
0
0
0
0
0
0
0
0
0
0
0
0
0
0
0
0
0
0
0
0
0
0
0
0
0
0
0
0
0
0
0
0
0.0034134708555508576
0
0
0
0
0
0
0
0
0
0
0
0
0
0
0
0
0
0
0
0
0
0
0
0
0
0
0
0
0
0
0
0
0
0
0
0
0
0
0
0
0
0
0
0
0
0
0
0
0
0
0
0
0
0
0
0
0
0
0
0
0
0
0
0
0
0
0
0
0
0
0
0
0
0
0
0
0
0
0
0
0
0
0
0
0
0
0
0
0
0
0
0
0
0
0
0
0
0
0
0
0
0
0
0
0.004019746592348633
0.009555119426188068
0
0
0
0
0
0
0
0
0
0
0
0
0
0
0
0
0
0
0
0
0
0
0
0
0
0
0
0
0
0
0
0
0
0
0
0
0
0
0
0
0
0
0
0
0
0
0
0
0
0
0
0
0
0
0
0
0
0
0
0.00178794496488065
0
0
0
0
0
0
0
0
0
0
0
0
0
0
0
0
0
0.0034134708555508576
0
0
0
0
0
0
0
0
0
0
0
0
0
0
0.003949232145613981
0
0
0
0
0
0.003983386862130283
0
0
0
0
0
0
0
0
0.0034264226968042087
0
0
0
0
0
0
0
0
0.008039493184697266
0.0066605912899117825
0
0
0
0
0.0032294234018860404
0
0.018449690704328243
0
0
0
0
0
0.007258482277024088
0
0
0
0
0
0.003248204483726937
0
0.006287797775188415
0
0
0
0
0
0
0
0
0
0
0
0
0
0
0
0
0
0
0.0038039763093874464
0
0
0
0
0
0
0
0
0
0
0
0
0
0
0
0
0
0.0032294234018860404
0
0
0
0
0
0
0
0
0
0
0
0
0
0
0
0.003526524768487281
0
0
0
0
0
0
0
0
0
0
0
0
0
0
0
0
0
0
0
0
0
0
0
0
0
0
0
0
0
0.006387282402958192
0
0
0
0
0
0
0
0
0
0
0
0
0
0
0
0
0
0
0
0
0
0
0
0
0
0
0
0
0
0
0
0
0
0
0
0
0
0
0
0
0
0
0
0
0
0
0
0.0033644503614721926
0
0
0
0
0
0
0
0
0
0
0
0
0
0
0
0
0
0
0
0
0
0
0
0.003526524768487281
0
0
0
0
0
0.01112958399633727
0
0
0
0
0
0
0
0
0
0
0
0
0
0
0
0
0
0
0
0
0
0
0
0
0
0
0
0
0
0
0
0
0
0
0
0
0
0
0.003481430285290922
0
0
0
0
0
0
0
0
0
0
0
0
0
0
0
0
0
0
0
0
0
0
0
0
0
0
0
0
0
0
0
0.0035928814082936936
0
0
0
0
0
0
0
0
0
0
0
0
0
0
0
0
0
0
0
0
0
0.0036681103618849743
0.007100608447745779
0
0
0
0
0
0
0
0
0
0
0
0
0
0.002918119046990967
0
0
0
0
0
0
0
0
0
0
0
0
0
0
0
0
0
0
0
0
0
0
0
0
0
0
0
0
0
0
0
0
0
0
0
0
0
0
0
0.003439679315063473
0
0
0
0
0
0
0
0
0
0
0
0
0
0.013650389095089909
0
0
0
0
0
0
0
0
0
0
0
0
0
0.003453255400460127
0
0
0
0
0
0
0
0
0
0
0
0
0
0
0
0
0
0
0
0
0.0029681067177564227
0
0.0031682212379408035
0
0
0
0
0
0
0
0
0
0
0
0
0
0
0
0
0
0.003526524768487281
0
0
0
0
0
0
0
0
0
0
0
0
0
0
0
0
0
0
0
0
0
0
0
0
0
0
0
0
0
0
0
0
0
0
0
0
0
0
0
0
0
0
0
0
0
0
0
0
0
0
0
0
0
0
0
0
0
0
0
0
0
0
0
0
0
0
0
0
0
0
0
0
0
0
0
0
0
0
0
0
0
0
0
0
0
0
0
0
0.0226798336149098
0
0
0
0
0
0
0
0
0
0.003983386862130283
0
0.003731957508536807
0
0
0
0
0.0039170302223238695
0
0
0.003830184768900062
0.00702217745338232
0
0
0
0
0
0
0.00349606436213783
0
0
0
0
0
0
0
0
0
0
0
0
0
0
0
0
0.009894281164997338
0
0
0
0
0
0
0
0
0
0
0
0
0
0
0
0
0
0
0
0
0
0
0
0
0
0
0
0
0
0
0
0
0
0
0
0
0
0
0
0.003352833861639666
0
0
0
0
0
0
0
0
0
0
0
0
0
0
0
0
0
0
0
0
0
0
0
0.007660369537800124
0
0
0.003754955815308782
0
0.010488193086413489
0
0
0
0
0
0
0
0
0
0
0
0
0
0
0
0
0
0.007151090525131891
0.054392129922360165
0
0
0
0
0
0
0
0
0
0
0
0
0
0
0
0
0
0
0
0
0
0
0
0
0
0
0.003949232145613981
0
0
0
0
0
0
0
0
0
0
0
0
0
0
0
0
0
0.0034671667314969557
0
0
0
0.0038039763093874464
0
0
0
0
0
0
0
0
0
0
0.0038039763093874464
0
0
0
0
0
0
0
0
0
0
0
0
0
0
0
0
0
0
0
0
0
0
0
0
0
0
0
0
0
0
0
0
0
0
0
0
0
0
0
0
0
0
0
0
0
0
0
0
0
0
0
0
0
0
0
0
0
0
0
0
0
0
0
0
0
0
0
0
0
0
0
0
0
0
0
0
0
0
0
0
0
0
0
0
0
0
0
0.005143645907932976
0
0
0
0
0
0
0
0
0
0
0
0
0
0
0
0.0039170302223238695
0
0
0
0
0
0
0
0
0
0
0
0
0
0
0
0
0
0
0
0
0
0
0
0
0
0
0
0
0
0
0
0
0
0
0
0
0
0
0
0
0
0
0
0
0
0
0
0
0
0.003731957508536807
0
0
0
0
0
0
0
0
0
0
0
0
0
0
0
0
0
0
0
0
0
0
0
0
0
0
0
0
0
0
0
0
0
0
0
0
0
0
0
0
0
0
0
0
0
0
0
0
0
0
0
0
0
0
0
0
0
0
0
0
0
0
0
0
0
0
0
0
0
0
0.008616622435196253
0
0
0
0
0
0
0
0
0
0
0
0
0
0
0
0
0
0
0
0
0
0
0
0
0
0
0
0.003778933062868667
0
0
0
0
0
0
0
0
0
0
0
0
0
0
0
0
0
0
0
0
0
0
0
0
0
0
0
0
0
0
0
0
0
0
0
0
0
0
0
0
0
0
0
0
0
0
0
0
0
0
0
0
0
0
0
0
0
0
0
0
0
0
0
0
0
0
0
0
0
0
0
0
0
0
0
0
0
0
0
0
0
0
0
0
0
0
0
0
0
0
0
0
0
0
0
0
0
0
0
0
0
0
0
0
0
0
0
0
0
0
0
0
0
0
0
0
0
0
0
0
0
0
0
0
0
0
0
0
0
0
0
0
0
0
0
0
0
0
0
0
0
0
0
0
0
0
0
0
0
0
0
0
0
0
0
0
0
0
0
0
0
0
0
0
0
0.003886569815974418
0
0
0
0.006241166545709141
0
0
0
0
0
0
0
0
0
0
0
0
0
0
0
0
0
0
0
0
0
0
0
0
0
0
0
0
0
0
0
0
0
0
0
0
0
0
0
0
0
0.0033763114370766057
0
0
0
0
0
0
0
0
0
0
0
0
0
0
0
0
0
0
0
0
0
0
0
0
0
0
0
0
0
0
0
0
0
0
0
0
0
0
0
0
0
0
0
0
0
0
0
0
0
0
0
0
0
0
0
0
0
0
0
0
0
0
0
0
0
0
0
0
0
0
0
0
0
0
0
0
0
0
0
0
0
0
0
0
0
0
0
0
0
0
0
0
0
0
0
0
0
0
0.003857672185333545
0
0
0
0
0
0
0
0
0
0
0
0
0
0
0
0
0
0
0
0
0
0
0
0
0
0
0
0
0
0
0
0
0
0
0
0
0
0
0
0
0
0
0
0
0
0
0
0
0
0
0
0
0
0
0
0
0
0
0
0
0
0
0
0
0
0
0
0
0
0.004307535676160459
0
0
0
0
0
0
0
0
0
0
0
0
0
0
0
0
0
0
0
0
0
0
0
0
0
0
0
0
0
0
0
0
0
0
0
0
0
0.0035587266917773927
0
0.003731957508536807
0
0
0
0
0
0
0
0
0
0
0
0
0
0
0
0
0
0
0
0
0
0
0
0
0
0
0
0
0
0
0
0
0
0
0
0
0
0
0
0
0
0
0
0
0
0
0
0
0
0
0
0
0
0
0
0
0
0
0
0
0
0
0
0
0
0
0
0
0
0
0
0
0
0
0
0
0
0
0
0
0
0
0
0
0
0
0
0
0
0
0
0
0
0
0
0
0
0
0
0
0
0
0
0
0
0
0
0
0
0
0
0
0
0.003400810091690543
0
0
0
0
0
0
0
0
0
0
0
0
0
0
0
0
0
0
0
0
0
0
0
0
0
0
0
0
0
0
0
0
0
0
0
0
0
0
0
0
0
0
0
0
0
0
0
0
0
0
0
0
0
0
0
0
0
0
0
0
0
0
0
0
0
0
0
0
0
0
0
0.004100366785949012
0
0
0
0
0
0
0
0
0
0
0
0
0
0
0
0
0
0
0
0
0
0
0
0
0
0
0
0
0
0
0
0
0
0
0
0
0
0
0
0
0
0
0
0
0
0
0
0
0
0
0.0031282484289423336
0
0
0
0
0
0
0
0
0
0
0
0
0
0
0
0
0
0
0
0
0
0
0
0
0
0
0
0
0
0
0
0
0
0
0
0
0
0
0
0
0
0
0
0
0
0
0
0
0
0.005082120123104973
0
0
0
0
0
0
0
0
0
0
0
0
0
0
0
0
0
0
0
0
0
0
0
0
0
0
0
0
0
0
0
0
0
0
0
0
0
0
0
0
0
0
0
0
0
0
0
0
0
0
0
0
0
0
0
0
0
0
0
0
0
0
0
0
0
0
0
0
0
0
0
0
0
0
0
0
0
0
0
0
0
0
0
0
0
0
0
0
0
0
0
0
0
0
0
0
0
0
0
0
0
0
0
0
0
0
0
0
0
0
0
0
0
0
0
0
0
0
0
0
0
0
0
0
0
0
0
0
0
0
0
0
0
0
0
0
0
0
0
0
0
0
0
0
0
0
0
0
0
0
0
0
0
0
0
0
0
0
0
0
0
0
0
0
0
0
0
0
0
0
0
0
0
0
0
0
0
0
0
0
0
0
0
0
0
0
0
0
0
0
0
0
0
0
0
0
0
0
0
0
0
0
0
0
0
0
0
0
0
0
0
0
0
0
0
0
0
0
0
0
0
0
0
0
0
0
0
0
0
0
0
0
0
0
0
0
0
0
0
0
0
0
0
0
0
0
0
0
0
0.0039170302223238695
0
0
0
0
0
0
0
0
0
0
0
0
0
0
0
0
0
0
0
0
0
0
0
0
0
0
0
0
0
0
0
0
0
0
0
0
0
0
0
0
0
0
0
0
0
0
0
0
0
0
0
0
0
0
0
0
0
0
0
0
0
0
0
0
0
0
0
0
0
0
0
0
0
0
0
0
0
0
0
0
0
0
0
0
0
0
0
0
0
0
0
0
0
0
0
0
0
0
0
0
0
0
0
0
0
0
0
0
0
0
0
0
0
0
0
0
0
0
0
0
0
0
0
0
0
0
0
0
0
0
0
0
0
0
0
0
0
0
0
0
0
0
0
0
0
0
0
0
0
0
0
0
0
0
0
0
0
0
0
0
0
0
0
0
0
0
0
0
0
0
0
0
0
0
0
0
0
0
0
0
0
0
0
0
0
0
0
0
0
0
0
0
0
0
0
0
0
0
0
0
0
0
0
0
0
0
0
0
0
0
0
0
0.0030627499466235383
0
0
0
0
0
0
0
0.0035928814082936936
0
0
0
0
0
0
0
0
0
0
0
0
0
0
0
0
0
0
0
0
0
0
0
0
0
0
0
0
0
0
0
0
0
0
0
0
0
0
0
0
0
0
0
0
0
0
0
0
0
0
0
0
0
0
0
0
0
0
0
0
0
0
0
0
0
0
0
0
0
0
0
0
0
0
0
0
0
0
0
0
0
0
0
0
0
0
0
0
0
0
0
0
0
0
0
0
0.003830184768900062
0
0
0
0
0
0
0
0
0
0
0
0
0
0
0
0
0
0
0
0
0
0
0
0
0
0
0
0
0
0
0
0
0
0
0
0
0
0
0
0
0
0
0
0
0
0
0
0
0
0
0
0
0
0
0
0
0
0
0
0
0
0
0
0
0
0
0
0
0
0
0
0
0
0
0
0
0
0
0
0
0
0
0
0
0
0
0
0
0
0
0
0
0
0
0
0
0
0
0
0
0
0
0
0
0
0
0
0
0
0
0
0
0
0
0
0
0
0
0
0
0
0
0
0
0
0
0
0
0
0
0
0
0
0
0
0
0
0
0
0
0
0
0
0
0
0
0
0
0
0
0
0
0
0
0
0
0
0
0
0
0
0
0.007898464291227963
0
0
0
0
0
0
0
0
0
0
0
0
0
0
0
0
0
0
0
0.0031682212379408035
0
0
0
0
0
0
0
0
0
0
0
0
0
0
0
0
0
0
0
0
0
0
0
0
0
0
0
0
0
0
0
0
0
0
0
0
0
0
0
0
0
0
0
0
0
0
0
0
0
0
0
0
0
0
0
0
0
0
0
0
0
0
0
0
0
0
0
0
0
0
0
0
0
0
0
0
0
0
0
0
0
0
0
0
0
0
0
0
0
0
0
0
0
0
0
0
0
0
0
0
0
0
0
0
0
0
0
0
0
0
0
0
0
0.003453255400460127
0.00846222844321615
0
0
0
0
0
0
0
0
0
0
0
0
0
0
0
0
0
0
0
0
0
0
0
0
0
0
0
0
0
0
0
0
0
0
0
0
0
0
0
0
0
0
0
0
0
0
0
0
0
0
0
0
0
0
0
0
0
0
0
0
0
0
0
0
0
0
0
0
0
0
0
0
0
0
0
0
0
0
0
0
0
0
0
0
0
0
0
0
0
0
0
0
0
0
0
0
0
0
0
0
0
0
0
0
0
0
0
0
0
0
0
0
0
0
0
0
0
0
0
0
0
0
0
0
0
0
0
0
0
0
0
0
0
0
0
0
0
0
0
0
0
0
0
0
0
0
0
0
0
0
0
0
0
0
0
0
0
0
0
0
0
0
0
0
0
0
0
0
0
0
0
0
0
0
0
0
0
0
0
0
0
0
0
0
0
0
0
0
0
0
0
0
0
0
0
0
0
0
0
0
0
0
0
0
0
0
0
0
0
0
0
0
0
0
0
0
0
0
0
0
0
0
0
0
0
0
0
0
0
0
0
0
0
0
0
0
0
0
0
0
0
0
0
0
0
0
0
0
0
0
0
0
0
0
0
0
0
0.003648340604244822
0
0
0
0
0
0
0
0
0
0.0032294234018860404
0
0
0
0
0
0
0
0
0
0.008200733571898024
0
0
0
0
0
0
0
0
0
0
0
0
0
0
0
0
0
0
0
0
0
0
0
0
0
0
0
0
0
0
0
0
0
0
0
0
0
0
0
0
0
0
0
0
0
0
0
0
0
0
0
0
0
0
0
0
0
0
0
0
0
0
0
0
0
0
0
0
0
0
0
0
0
0
0
0
0
0
0
0
0
0
0
0
0
0
0
0
0
0
0
0
0
0
0
0
0
0
0
0
0
0
0
0
0
0
0
0
0
0
0
0
0
0
0
0
0
0
0
0
0
0
0
0
0
0
0
0
0
0
0
0
0
0
0
0
0
0
0
0
0
0
0
0
0
0
0
0
0
0
0
0
0
0
0
0
0
0
0
0
0
0
0
0
0
0
0
0
0
0
0
0
0
0
0
0
0
0
0
0
0
0
0
0
0
0
0
0
0
0
0
0
0
0
0
0
0
0
0
0
0
0
0
0
0
0
0
0
0
0
0
0
0
0
0
0
0
0
0
0
0
0
0
0
0
0
0
0
0
0
0
0
0
0
0
0
0
0
0
0
0
0
0
0
0
0
0
0
0
0
0
0
0
0
0
0
0
0
0
0
0
0
0
0
0
0
0
0
0
0
0
0
0
0
0
0
0
0
0
0
0
0
0
0
0
0
0
0
0
0
0
0
0
0
0
0
0
0
0
0
0
0
0
0
0
0
0
0
0
0
0
0
0
0
0
0
0
0
0
0
0
0
0
0
0
0
0
0
0
0
0
0
0
0
0
0
0
0
0
0
0
0
0
0
0
0
0
0
0
0
0
0
0
0
0
0
0
0
0
0
0
0
0
0
0
0
0
0
0
0
0
0
0
0
0
0
0
0
0
0
0
0
0
0
0
0
0
0
0
0
0
0
0
0
0
0
0
0
0
0
0
0
0
0
0
0
0
0
0.005734659393143289
0
0
0
0
0
0
0
0
0
0
0
0
0
0
0
0
0
0
0
0
0
0
0
0
0
0
0
0
0
0
0
0
0
0
0
0
0
0
0
0
0
0
0
0
0
0
0
0
0
0
0
0
0
0
0
0
0
0
0
0
0
0
0
0
0
0
0
0
0
0
0
0.0034264226968042087
0
0
0
0
0
0
0
0
0
0
0
0
0
0
0
0
0
0
0
0
0
0
0
0
0
0
0
0
0
0
0
0
0
0
0
0
0
0
0
0
0
0
0
0
0
0
0
0
0
0
0
0
0
0
0
0
0
0
0
0
0
0
0
0
0
0
0
0
0
0
0
0
0
0
0
0
0
0
0
0
0
0
0
0
0
0
0
0
0
0
0
0
0
0
0
0
0
0
0
0
0
0
0
0
0
0
0
0
0
0
0
0
0
0
0
0
0
0
0
0
0
0
0
0
0
0
0
0
0
0
0
0
0
0
0
0
0
0
0
0
0
0
0
0
0
0
0
0
0
0
0
0
0
0
0
0
0
0
0
0
0
0
0
0
0
0
0
0
0
0
0
0.003886569815974418
0
0
0
0
0
0
0
0
0
0
0
0
0
0
0
0
0
0
0
0
0
0
0
0
0
0
0
0
0
0
0
0
0
0
0
0
0
0
0
0
0
0
0
0
0
0
0
0
0
0
0
0
0
0
0
0
0
0
0
0
0
0
0
0
0
0
0
0
0
0
0
0.003949232145613981
0
0
0
0
0
0
0
0
0
0
0
0
0
0
0
0
0
0
0
0
0
0
0
0
0
0
0
0
0
0
0
0
0
0
0
0
0
0
0
0
0
0
0
0
0
0
0
0
0
0
0
0
0
0
0
0
0
0
0
0
0
0
0
0
0
0
0
0
0
0
0
0
0
0
0
0
0
0
0
0
0
0
0
0
0
0
0
0
0
0
0
0
0
0
0
0
0
0
0
0
0
0
0
0
0
0
0
0
0
0
0
0
0
0
0
0
0
0
0
0
0
0
0
0
0
0
0
0
0
0
0
0.0035928814082936936
0
0
0
0
0
0
0.006879358630126946
0
0
0
0
0
0
0
0
0
0
0
0
0
0
0
0
0
0
0
0
0
0
0
0
0
0.006617249001655111
0
0
0
0
0
0
0
0
0
0
0
0
0
0
0
0
0
0
0
0
0
0
0
0
0
0
0
0
0
0
0
0
0
0
0
0
0
0
0
0
0
0
0
0
0
0
0
0
0
0
0
0
0
0
0
0
0
0
0
0.0031438988875942073
0
0
0
0
0
0
0
0
0
0
0
0
0
0
0
0
0
0
0
0
0
0
0
0
0
0
0
0
0
0
0
0
0
0
0
0
0
0
0
0
0
0
0
0
0
0
0
0
0
0
0
0
0
0
0
0
0
0
0
0
0
0
0
0
0
0
0
0
0
0
0
0
0
0
0
0
0
0
0
0
0
0
0
0
0
0
0
0.003136019314650692
0
0
0
0
0
0
0
0
0
0
0
0
0
0
0
0
0
0
0
0
0
0
0
0
0
0
0
0
0
0
0
0
0
0
0
0
0
0
0
0
0
0
0
0
0
0
0
0
0
0
0
0
0
0
0
0.006906510800920254
0
0
0
0
0
0
0
0
0
0
0
0
0
0
0
0
0
0
0
0
0
0
0
0
0
0
0
0
0
0
0
0
0
0
0
0
0
0
0
0
0
0
0
0
0
0
0
0
0
0
0
0
0
0
0
0
0
0
0
0
0
0
0
0
0
0
0
0
0
0
0
0
0
0
0
0
0
0
0
0
0
0
0
0
0
0
0
0
0
0
0
0
0
0
0
0
0
0
0
0
0
0
0
0
0
0
0
0
0
0
0
0
0
0
0
0
0
0
0
0
0
0
0
0
0
0
0
0
0
0
0
0
0
0
0
0
0
0
0
0
0
0
0
0
0
0
0
0
0
0
0
0
0
0
0
0
0
0
0
0
0
0
0
0
0
0
0
0
0
0
0
0
0
0
0
0
0
0
0
0
0
0
0
0
0
0
0
0
0
0
0
0
0
0
0
0
0
0
0
0
0
0
0
0
0
0
0
0
0
0
0
0
0
0
0
0
0
0
0
0
0
0
0
0
0
0
0
0
0
0
0
0
0
0
0
0
0
0
0
0
0
0
0
0
0
0
0
0
0
0
0
0
0
0
0
0
0
0
0
0
0
0
0
0
0
0
0
0
0
0
0
0
0
0
0
0
0
0
0
0
0
0
0
0
0
0
0
0
0
0
0
0
0
0
0
0
0
0
0
0
0
0
0
0
0
0
0
0
0
0
0
0
0
0
0
0
0
0
0
0
0
0
0
0
0
0
0
0
0
0.003778933062868667
0
0
0
0
0.007557866125737334
0
0
0
0
0
0
0
0
0
0
0
0
0
0
0
0
0
0
0
0
0
0
0
0
0
0
0
0
0
0
0
0
0
0
0
0
0
0
0
0
0
0
0
0
0
0
0
0
0
0
0
0
0
0
0
0
0
0
0
0
0
0
0
0
0
0
0
0
0
0
0
0
0
0
0
0
0
0
0
0
0
0
0
0
0
0
0
0
0
0
0
0
0
0
0
0
0
0
0
0
0
0
0
0
0
0
0
0
0
0
0
0
0
0
0
0
0
0
0
0
0
0
0
0
0
0
0
0
0
0
0
0
0
0
0
0
0
0
0
0
0
0
0
0
0
0
0
0
0
0
0
0
0
0
0
0
0
0
0
0
0
0
0
0
0
0
0
0
0
0
0
0
0
0
0
0
0
0
0
0
0
0
0
0
0
0
0
0
0
0
0
0
0
0
0
0
0
0
0
0
0
0
0
0
0
0
0
0
0
0
0
0
0
0
0
0
0
0
0
0
0
0
0
0
0
0
0
0
0
0
0
0
0
0
0
0
0
0
0
0
0
0
0
0
0
0
0
0
0
0
0
0
0
0
0
0
0
0
0
0
0
0
0
0
0
0
0
0
0
0
0
0
0
0
0
0
0
0
0
0
0
0
0
0
0
0
0
0
0
0
0
0
0
0
0
0
0
0
0
0
0
0
0
0
0
0
0
0
0
0
0
0
0
0
0
0
0
0
0
0
0
0
0
0
0
0
0
0
0
0
0
0
0
0
0
0
0
0
0
0
0
0
0
0
0
0
0
0
0
0
0
0
0
0
0
0
0
0
0
0
0
0
0
0
0
0
0
0
0
0
0
0
0
0
0
0
0
0
0
0
0
0
0
0
0
0
0
0
0
0
0
0
0
0
0
0
0
0
0
0
0
0
0
0
0
0
0
0
0
0
0
0
0
0
0
0
0
0
0
0
0
0
0
0
0
0
0.003136019314650692
0
0
0
0
0
0
0
0
0
0
0
0
0
0
0
0
0
0
0
0
0
0
0
0
0
0
0
0
0
0
0
0
0
0
0
0
0
0
0
0
0
0
0
0
0
0
0
0
0
0
0
0
0
0
0
0
0
0
0
0
0
0
0
0
0
0
0
0
0
0
0
0
0
0
0
0
0
0
0
0
0
0
0
0
0
0
0
0
0
0
0
0
0
0
0
0
0
0
0
0
0
0
0
0
0
0
0
0
0
0
0
0
0
0
0
0
0
0
0
0
0
0
0
0
0
0
0
0
0
0
0
0
0
0
0
0
0
0
0
0
0
0
0
0
0
0
0
0
0
0
0
0
0
0
0
0
0
0
0
0
0
0
0
0
0
0
0
0
0
0
0
0
0
0
0
0
0
0
0
0
0
0
0
0
0
0
0
0
0
0
0
0
0
0
0
0
0
0
0
0
0
0
0
0
0
0
0
0
0
0
0
0
0
0
0
0
0
0
0
0
0
0
0
0
0
0
0
0
0
0
0
0
0
0
0
0
0
0
0
0
0
0
0
0
0
0
0
0
0
0
0
0
0
0
0
0
0
0
0
0
0
0
0
0
0
0
0
0
0
0
0
0
0
0
0
0
0
0
0
0
0
0
0
0
0
0
0
0
0
0
0
0
0
0
0
0
0
0
0
0
0
0
0
0
0
0
0
0
0
0
0
0
0
0
0
0
0
0
0
0
0
0
0
0
0
0
0
0
0
0
0
0
0
0
0
0
0
0
0
0
0
0
0
0
0
0
0
0
0
0
0
0
0
0
0
0
0
0
0
0
0
0
0
0
0
0
0
0
0
0
0
0
0
0
0
0
0
0
0
0
0
0
0
0
0
0
0
0
0
0
0
0
0
0
0
0
0
0
0
0
0
0
0
0
0
0
0
0
0
0
0
0
0
0
0
0
0
0
0
0
0
0
0
0
0
0
0
0
0
0
0
0
0
0
0
0
0
0
0
0
0
0
0
0
0
0
0
0
0
0
0
0
0
0
0
0
0
0
0
0
0
0
0
0
0
0
0
0
0
0
0
0
0
0
0
0
0
0
0
0
0
0
0
0
0
0
0
0
0
0
0
0
0
0
0
0
0
0
0
0
0
0
0
0
0
0
0
0
0
0
0
0
0
0
0
0
0
0
0
0
0
0
0
0
0
0
0
0
0
0
0
0
0
0
0
0
0
0
0
0
0
0
0
0
0
0
0
0
0
0
0
0
0
0
0
0
0
0
0
0
0
0
0
0
0
0
0
0
0
0
0
0
0
0
0
0
0
0
0
0
0
0
0
0
0
0
0
0
0
0
0
0
0
0
0
0
0
0
0
0
0
0
0
0
0
0
0
0
0
0
0
0
0
0
0
0
0
0
0
0
0
0
0
0
0
0
0
0
0
0
0
0
0
0
0
0
0
0
0
0
0
0
0
0
0
0
0
0
0
0
0
0
0
0
0
0
0
0
0
0
0
0
0
0
0
0
0
0
0
0
0
0
0
0
0
0
0
0
0
0
0
0
0
0
0
0
0
0
0
0
0
0
0
0
0
0
0
0
0
0
0
0
0
0
0
0
0
0
0
0
0
0
0
0
0
0
0
0
0
0
0
0
0
0
0
0
0
0
0
0
0
0
0
0
0
0.003778933062868667
0
0
0
0
0
0
0
0
0
0
0
0
0
0
0
0
0
0
0
0
0
0
0
0
0
0
0
0
0
0
0
0
0
0
0
0
0
0
0
0
0
0
0
0
0
0
0
0
0
0
0
0
0
0
0
0
0
0
0
0
0
0
0
0
0.003648340604244822
0
0
0
0
0
0
0
0
0
0
0
0
0
0
0
0
0
0
0
0
0
0
0
0
0
0
0
0
0
0
0
0
0
0
0
0
0
0
0
0
0
0
0
0
0
0
0
0.003481430285290922
0
0
0
0
0
0
0
0
0
0
0
0
0
0
0
0
0
0
0
0
0
0
0
0
0
0
0
0
0
0
0
0
0
0
0
0
0
0
0
0
0
0
0
0
0
0
0
0
0
0
0
0
0
0
0
0
0
0
0
0
0
0
0
0
0
0
0
0
0
0
0
0
0
0
0
0
0
0
0
0
0
0
0
0
0
0
0
0
0
0
0
0
0
0
0
0
0
0
0
0
0
0
0
0
0
0
0
0
0
0
0
0
0
0
0
0
0
0
0
0
0
0
0
0
0
0
0
0
0
0
0
0
0
0
0
0
0
0
0
0
0
0
0
0
0
0
0
0
0
0
0
0
0
0
0
0
0
0
0
0
0
0
0
0
0
0
0
0
0
0
0
0
0
0
0
0
0
0
0
0
0
0
0
0
0
0
0
0
0
0
0
0
0
0
0
0
0
0
0
0
0
0
0
0
0
0
0
0
0
0
0
0
0
0
0
0
0
0
0
0
0
0
0
0
0
0
0
0
0
0
0
0
0
0
0
0
0
0
0
0
0
0
0
0
0
0
0
0
0
0
0
0
0
0
0
0
0
0
0
0
0
0
0
0
0
0
0
0
0
0
0
0
0
0
0
0
0
0
0
0
0
0
0
0
0
0
0
0
0
0
0
0
0
0
0
0
0
0
0
0
0
0
0
0
0
0
0
0
0
0
0
0
0
0
0
0
0
0
0
0
0
0
0
0
0
0
0
0
0
0
0
0
0
0
0
0
0
0
0
0
0
0
0
0
0
0
0
0
0
0
0
0
0
0
0
0
0
0
0
0
0
0
0
0
0
0
0
0
0.0039170302223238695
0
0
0
0
0
0
0
0
0
0
0
0
0
0
0
0
0
0
0
0
0
0
0
0
0
0
0
0
0
0
0
0
0
0
0
0
0
0
0
0
0
0
0
0
0
0
0
0
0
0
0
0
0
0
0
0
0
0
0
0
0
0
0
0
0
0
0
0
0
0.007607952618774893
0
0
0
0
0
0
0
0
0
0
0
0
0
0
0
0
0
0
0
0
0
0
0
0
0
0
0
0
0
0
0
0
0
0
0
0
0
0
0
0
0
0
0
0
0
0
0
0
0
0
0
0
0
0
0
0
0
0
0
0
0
0
0
0
0
0
0
0
0
0
0
0
0
0
0
0
0
0
0
0
0
0
0
0
0
0
0
0
0
0
0
0
0
0
0
0
0
0
0
0
0
0
0
0
0
0
0
0
0
0
0
0
0
0
0
0
0
0
0
0
0
0
0
0
0
0
0
0
0
0
0
0
0
0
0
0
0
0
0
0
0
0
0
0
0
0
0
0
0
0
0
0
0
0
0
0
0
0
0
0
0
0
0
0
0
0
0
0
0
0
0
0
0
0
0
0
0
0
0
0
0
0
0
0
0
0
0
0
0
0
0
0
0
0
0
0
0
0
0
0
0
0
0
0
0
0
0
0
0
0
0
0
0
0
0
0
0
0
0
0
0
0
0
0
0
0
0
0
0
0
0
0
0
0
0
0
0
0
0
0
0
0
0
0
0
0
0
0
0
0
0
0
0
0
0
0
0
0
0.01901988154693723
0
0
0
0
0
0
0
0
0
0
0
0
0
0
0
0
0
0
0
0
0
0
0
0
0
0
0
0
0
0
0
0
0
0
0
0
0
0
0
0
0
0
0
0
0
0
0
0
0
0
0
0
0
0
0
0
0
0
0
0
0
0
0
0
0
0
0
0
0
0
0
0
0
0
0
0
0
0
0
0
0
0
0
0
0
0
0
0
0
0
0
0
0
0
0
0
0
0
0
0
0
0
0
0
0
0
0
0
0
0
0
0
0
0
0
0
0
0
0
0
0
0
0
0
0
0
0
0
0
0
0
0
0
0
0
0
0
0
0
0
0
0
0
0
0
0
0
0
0
0
0
0
0
0
0
0
0
0
0
0
0
0
0
0
0
0
0
0
0
0
0
0
0
0
0.004019746592348633
0
0
0
0
0
0
0
0
0
0
0
0
0
0
0
0
0
0
0
0
0
0
0
0
0
0
0
0
0
0
0
0
0
0
0
0
0
0
0
0
0
0
0
0
0
0
0
0
0
0
0
0
0
0
0
0
0
0
0
0
0
0
0
0
0
0
0
0
0
0
0
0
0
0
0
0
0
0
0
0
0
0
0
0
0
0
0
0
0
0
0
0
0
0
0
0
0
0
0
0
0
0
0
0
0
0
0
0
0
0
0
0
0
0
0
0
0
0
0
0
0
0
0
0
0
0
0
0
0
0
0
0
0
0
0
0
0
0
0
0
0
0
0
0
0
0
0
0
0
0
0
0
0
0
0
0
0
0
0
0
0
0
0
0
0
0
0
0
0
0
0
0
0
0
0
0
0
0
0
0
0
0
0
0
0
0
0
0
0
0
0
0
0
0
0
0
0
0
0
0
0
0
0
0
0
0
0
0
0
0
0
0
0
0
0
0
0
0
0
0
0
0
0
0
0
0
0
0
0
0
0
0
0
0
0
0
0
0
0
0
0
0
0
0
0
0
0
0
0
0
0
0
0
0
0
0
0
0
0
0
0
0
0
0
0
0
0
0
0
0
0
0
0
0
0
0
0
0
0
0
0
0
0
0
0
0
0
0
0
0
0
0
0
0
0
0
0
0
0
0
0
0
0
0
0
0
0
0
0
0
0
0
0
0
0
0
0
0
0
0
0
0
0
0
0
0
0
0
0
0
0
0
0
0
0
0
0
0
0
0
0
0
0
0
0
0
0
0
0
0
0
0
0
0
0
0
0
0
0
0
0
0
0
0
0
0
0
0
0
0
0
0
0
0
0
0
0
0
0
0
0
0
0
0
0
0
0
0
0
0
0
0
0
0
0
0
0
0
0
0
0
0
0
0
0
0
0
0
0
0
0
0
0
0
0
0
0
0
0
0
0
0
0
0
0
0
0
0
0
0
0
0
0
0
0
0
0
0
0
0
0
0
0
0
0
0
0
0
0
0
0
0
0
0
0
0
0
0
0
0
0
0
0
0
0
0
0
0
0
0
0
0
0
0
0
0
0
0
0
0
0
0
0
0
0
0
0
0
0
0
0
0
0
0
0.003629241138512044
0
0
0
0
0
0
0
0
0
0
0
0
0
0
0
0
0
0
0
0
0
0
0
0
0
0
0
0
0
0
0
0
0
0
0
0
0
0
0
0
0
0
0
0
0
0
0
0
0
0
0
0
0
0
0
0
0
0
0
0
0
0
0
0
0
0
0
0
0
0
0
0
0
0
0
0
0
0
0
0
0
0
0
0
0
0
0
0
0
0
0
0
0
0
0
0
0
0
0
0
0
0
0
0
0
0
0
0
0
0
0
0
0
0
0
0
0
0
0
0
0
0
0
0
0
0
0
0
0
0
0
0
0.004019746592348633
0
0
0
0
0
0
0
0.0030229654017142685
0
0
0
0
0
0
0
0
0
0
0
0
0
0
0
0
0
0
0
0
0.006852845393608417
0
0
0
0
0
0
0
0
0
0
0
0
0
0
0
0
0
0
0
0
0
0
0
0
0
0
0
0
0
0
0
0
0
0
0
0
0
0
0
0
0
0
0
0
0
0
0
0
0
0
0
0
0
0
0
0
0
0
0
0
0
0
0
0
0
0
0
0
0
0
0
0
0
0
0
0
0
0
0
0
0
0
0
0
0
0
0
0
0
0
0
0
0
0
0
0
0
0
0
0
0
0
0
0
0
0
0
0
0
0
0
0
0
0.029855660068294456
0
0
0
0
0
0
0
0
0
0
0
0
0
0
0
0
0
0
0
0
0
0
0
0
0
0
0
0
0
0
0
0
0
0
0
0
0
0
0
0
0
0
0
0
0
0
0
0
0
0
0
0
0
0
0
0
0
0
0
0
0
0
0
0
0
0
0
0
0
0
0
0
0
0
0
0
0
0
0
0
0
0
0
0
0
0
0
0
0
0
0
0
0
0
0
0
0
0
0
0
0
0
0
0
0
0
0
0
0
0
0
0
0
0
0
0
0
0
0
0
0
0
0
0
0
0
0
0
0
0
0
0
0
0
0
0
0
0
0
0
0
0
0
0
0
0
0
0
0
0
0
0
0
0
0
0
0
0
0
0
0
0
0
0
0
0
0
0
0
0
0
0
0
0
0
0
0
0
0
0
0
0
0
0
0
0
0
0
0
0
0
0.007773139631948836
0
0
0
0
0
0
0
0
0
0
0
0
0
0
0
0
0
0
0
0
0
0
0
0
0
0
0
0
0
0
0
0
0
0
0
0
0
0
0
0
0
0
0
0
0
0
0
0
0
0
0
0
0
0
0
0
0
0
0
0
0
0
0
0
0
0
0
0
0
0
0
0
0
0
0
0
0
0
0
0
0
0
0
0
0
0
0
0
0
0
0
0
0
0
0
0
0
0
0
0
0
0
0
0
0
0
0
0
0
0
0
0
0
0
0
0
0
0
0
0
0
0
0
0
0
0
0
0
0
0
0
0
0
0
0
0
0
0
0
0
0
0
0
0
0
0
0
0
0
0
0
0
0
0
0
0
0
0
0
0
0
0
0
0
0
0
0
0
0
0
0
0
0
0
0
0
0
0
0
0
0
0
0
0
0
0
0
0
0
0
0
0
0
0
0
0
0
0
0
0
0
0
0
0
0
0
0
0
0
0
0
0
0
0
0
0
0
0
0
0
0
0
0
0
0
0
0
0
0
0
0
0
0.003778933062868667
0
0
0
0
0
0
0
0
0
0
0
0
0
0
0
0
0
0
0
0
0
0
0
0
0
0
0
0
0
0
0
0
0
0
0
0
0
0
0
0
0
0
0
0
0
0
0
0
0
0
0
0.00329809372166578
0
0
0
0
0
0
0
0
0
0
0
0
0
0.0039170302223238695
0
0
0
0
0
0
0
0
0
0
0
0
0
0
0
0
0
0
0
0
0
0
0
0
0
0
0
0
0
0
0
0
0
0
0
0
0
0
0
0
0
0
0
0
0
0
0
0
0
0
0
0
0
0
0
0
0
0
0
0
0
0
0
0
0
0
0
0
0
0
0
0
0
0
0
0
0
0
0
0
0
0
0
0
0
0
0
0
0
0
0
0
0
0
0
0
0
0
0
0.003709861332112423
0
0
0
0
0
0
0
0
0
0
0
0
0
0
0
0
0
0
0
0
0
0
0
0
0
0
0
0.004019746592348633
0
0
0
0
0
0
0
0
0
0
0
0
0
0
0
0
0
0
0
0
0
0
0
0
0
0
0
0
0
0
0
0
0
0
0
0
0
0
0
0
0
0
0
0
0
0
0
0
0
0
0
0
0
0
0
0
0
0
0
0
0
0
0
0
0
0
0
0
0
0
0
0
0
0
0
0
0
0
0
0
0
0
0
0
0
0
0
0
0
0
0
0
0
0
0
0
0
0
0
0
0
0
0
0
0
0
0
0
0
0
0
0
0
0
0
0
0
0
0
0
0
0
0
0
0
0
0
0
0
0
0
0
0
0
0
0
0
0
0
0
0
0
0
0
0
0
0
0
0
0
0
0
0
0
0
0
0
0
0
0
0
0
0
0
0
0
0
0
0
0
0
0
0
0
0
0
0
0
0
0
0
0
0
0
0
0
0
0
0
0
0
0
0
0
0
0
0
0
0
0
0
0
0
0
0
0
0
0
0
0
0
0
0
0
0
0
0
0
0
0
0
0
0
0
0
0
0
0
0
0
0
0
0
0
0
0
0
0
0
0
0
0
0
0
0
0
0
0
0
0
0
0
0
0
0
0
0
0
0
0
0
0
0
0
0
0
0
0
0
0
0
0
0
0
0
0
0
0
0
0
0
0
0
0
0
0
0
0
0
0
0
0
0
0
0
0
0
0
0
0
0
0
0
0
0
0
0
0
0
0
0
0
0
0
0
0
0
0
0
0
0
0
0
0
0
0
0
0
0
0
0
0
0
0
0
0
0
0
0
0
0
0
0
0
0
0
0
0
0
0
0
0
0
0
0
0
0
0
0
0
0
0
0
0
0
0
0
0
0
0
0
0
0
0
0
0
0
0
0
0
0
0
0
0
0
0
0
0
0
0
0
0
0
0
0
0
0
0
0
0
0
0
0
0
0
0
0
0
0
0
0
0
0
0
0
0
0
0
0
0
0
0
0
0
0
0
0
0
0
0
0
0
0
0
0
0
0
0
0
0
0
0
0
0
0
0
0
0
0
0
0
0
0
0
0
0
0
0
0
0
0
0
0
0
0
0
0.003886569815974418
0
0
0
0
0
0
0
0
0
0
0
0
0
0
0
0
0
0
0
0
0
0
0
0
0
0
0
0
0
0
0
0
0
0
0
0
0
0
0
0
0
0
0
0
0
0
0
0
0
0
0
0
0
0
0
0
0
0
0
0
0
0
0
0
0
0
0
0
0
0
0
0
0
0.004058615815721563
0
0
0
0
0
0
0
0
0
0
0
0
0
0
0
0
0
0
0
0
0
0
0
0
0
0
0
0
0
0
0
0
0
0
0
0
0
0
0
0
0
0
0
0
0
0
0
0
0.008290922538290741
0
0.003481430285290922
0
0
0
0
0
0
0.004100366785949012
0
0
0
0
0
0
0
0
0
0
0
0
0
0
0
0
0
0
0
0
0
0
0
0
0
0
0
0
0
0
0
0
0
0
0
0
0
0
0
0
0
0
0
0
0
0
0
0
0
0
0
0
0
0
0
0
0
0
0
0
0
0
0
0
0
0
0
0
0
0
0
0
0
0
0
0
0
0
0
0
0
0
0
0
0
0
0
0
0
0
0
0
0
0
0
0
0
0
0
0
0
0
0
0
0
0
0
0
0
0
0
0
0
0
0
0
0
0
0
0
0
0
0
0
0
0
0
0
0
0
0
0
0
0
0
0
0
0
0
0
0
0
0
0
0
0
0
0
0
0
0
0
0
0
0
0
0
0
0
0
0
0
0
0
0
0
0
0
0
0
0
0
0
0
0
0
0
0
0
0
0
0
0
0
0
0
0
0
0
0
0
0
0
0
0
0
0
0
0
0
0
0
0
0
0
0
0
0
0
0
0
0
0
0
0
0
0
0
0
0
0
0
0
0
0
0
0
0
0
0
0
0
0
0
0
0
0
0
0
0
0
0
0
0
0
0
0
0
0
0
0
0
0
0
0
0
0
0
0
0
0
0
0
0
0
0
0
0
0
0
0
0
0
0
0
0
0
0
0
0
0
0
0
0
0
0
0
0
0
0
0
0
0
0
0
0
0
0
0
0
0
0
0
0
0
0
0
0
0
0
0
0
0
0
0
0
0
0
0
0
0
0
0
0
0
0
0
0
0
0
0
0
0
0
0
0
0
0
0
0
0
0
0
0
0
0
0
0
0
0
0
0
0
0
0
0
0
0.003983386862130283
0
0
0
0
0
0
0
0
0
0
0
0
0
0
0
0
0
0
0
0
0
0
0
0
0
0
0
0
0
0
0
0
0
0
0
0
0
0
0
0
0
0
0
0
0
0
0
0
0
0
0
0
0
0
0
0
0
0
0
0
0
0
0
0
0
0
0
0
0
0
0
0
0
0
0
0
0
0
0
0
0
0
0
0
0
0
0
0
0
0
0
0
0
0
0
0
0
0.0039170302223238695
0
0
0
0
0
0
0
0
0
0
0
0
0
0
0
0
0
0
0
0
0
0
0
0
0
0
0
0
0
0
0
0
0
0
0
0
0
0
0
0
0
0
0
0
0
0
0
0
0
0
0
0
0
0
0
0
0
0
0
0
0
0
0
0
0
0
0
0
0
0
0
0
0
0
0
0
0
0
0
0
0
0
0
0
0
0
0
0
0
0
0
0
0
0
0
0
0
0
0
0
0
0
0
0
0
0
0
0
0
0
0
0
0
0
0
0
0
0
0
0
0
0
0
0
0
0
0
0
0
0
0
0
0
0
0
0
0
0
0
0
0
0
0
0
0
0
0
0
0
0
0
0
0
0
0
0
0
0
0
0
0
0
0
0
0
0
0
0
0
0
0
0
0
0
0
0
0
0
0
0
0
0
0
0
0
0
0
0
0
0
0
0
0
0
0
0
0
0
0
0
0
0
0
0
0
0
0
0
0
0
0
0
0
0
0
0
0
0
0
0
0
0
0
0
0
0
0
0
0
0
0
0
0
0
0
0
0
0
0
0
0
0
0
0
0
0
0
0
0
0
0
0
0
0
0
0
0
0
0
0
0
0
0
0
0
0
0
0
0
0
0
0
0
0
0
0
0
0
0
0
0
0
0
0
0
0
0
0
0
0
0
0
0
0
0
0
0
0
0
0
0
0
0.0035928814082936936
0
0
0
0
0
0
0
0
0
0
0
0
0
0
0
0
0
0
0
0
0
0
0
0
0
0
0
0
0
0
0
0
0
0
0
0
0
0
0
0
0
0
0
0
0
0
0
0
0
0
0
0
0
0
0
0
0
0
0
0
0
0
0
0
0
0
0
0
0
0
0
0
0
0
0
0
0
0
0
0
0
0
0
0
0
0
0
0
0
0
0
0
0
0
0
0
0
0
0
0
0
0
0
0
0
0
0
0
0
0
0
0
0
0
0
0
0
0
0
0
0
0
0
0
0
0
0
0
0
0
0
0
0
0
0
0
0
0
0
0
0
0
0
0
0
0
0
0
0
0
0
0
0
0
0.0041454612691453705
0
0
0
0
0
0
0
0
0
0
0
0
0
0
0
0
0
0
0
0
0
0
0
0
0
0
0
0
0
0
0
0
0
0
0
0
0
0
0
0
0
0
0
0
0
0
0
0
0
0
0
0
0
0
0
0
0
0
0
0
0
0
0
0
0
0
0
0
0
0
0
0
0
0
0
0
0
0
0
0
0
0
0
0
0
0
0
0
0
0
0
0
0
0
0
0
0
0
0
0
0
0
0
0
0
0
0
0
0
0
0
0
0.0030229654017142685
0
0
0
0
0
0
0
0
0
0
0
0
0
0
0
0
0
0
0
0
0
0
0
0
0
0
0
0
0
0
0
0
0
0
0
0
0
0
0
0
0
0
0
0
0
0
0
0
0
0
0
0
0
0
0
0
0
0
0
0
0
0
0
0
0
0
0
0
0
0
0
0
0
0
0
0
0
0
0
0
0
0
0
0
0
0
0
0
0
0
0
0
0
0
0
0
0
0
0
0
0
0
0
0
0.004058615815721563
0
0
0
0
0
0
0
0
0
0
0
0
0
0
0
0
0
0
0
0
0
0
0
0
0
0
0
0
0
0
0
0
0
0
0
0
0
0
0
0
0
0
0
0
0
0
0
0
0
0
0
0
0
0
0
0.0035755452625659454
0.0035755452625659454
0
0
0
0.003830184768900062
0
0
0
0
0
0
0
0
0
0
0
0
0
0
0
0
0
0
0
0
0
0
0
0
0
0
0
0
0
0
0
0
0
0
0
0
0
0
0
0
0
0
0
0
0
0
0
0
0
0
0
0
0
0
0.012922607028481374
0
0
0
0
0
0
0
0
0
0
0
0
0
0
0
0
0
0
0
0
0
0
0
0
0
0
0
0
0
0
0
0
0
0
0
0
0
0
0
0
0
0
0
0
0
0
0
0
0
0
0
0
0
0
0
0
0
0
0
0
0
0
0
0
0
0
0
0
0
0
0
0
0
0
0
0
0
0
0
0
0
0
0
0
0
0
0
0
0
0
0
0
0
0
0
0
0
0
0
0
0
0
0
0.0038039763093874464
0
0
0
0
0
0
0
0
0
0
0
0
0
0
0
0
0
0
0
0
0
0
0
0
0
0
0
0
0
0
0
0
0
0
0
0
0
0
0
0
0
0
0
0
0
0
0
0
0.0031850398087293562
0
0
0
0
0
0
0
0
0
0
0
0
0
0
0
0
0
0
0
0
0
0
0
0
0
0
0
0
0
0
0
0
0
0
0
0
0
0
0
0
0
0
0
0
0
0
0
0
0
0
0
0
0
0
0
0
0
0
0
0
0
0
0
0
0
0
0
0
0
0
0
0
0
0
0
0
0
0
0
0
0
0
0
0
0
0
0
0
0
0
0
0
0
0
0
0
0
0
0
0
0
0
0
0
0
0
0
0
0
0
0
0
0
0
0
0
0
0
0
0
0
0
0
0
0
0
0
0
0
0
0
0
0
0
0
0
0
0
0
0
0
0
0
0
0
0
0
0
0
0
0
0
0
0
0
0
0
0
0
0
0
0
0
0
0
0
0
0
0
0
0
0
0
0
0
0
0
0
0
0
0
0
0
0
0
0
0
0
0
0
0
0
0
0
0
0
0
0
0
0
0
0
0
0
0
0
0
0
0
0
0
0
0
0
0
0
0
0
0
0
0
0
0
0
0
0
0
0
0
0
0
0
0
0
0
0
0
0
0
0
0
0
0
0
0
0
0
0
0
0
0
0
0
0
0
0
0
0
0
0
0
0
0
0
0
0
0
0
0
0
0
0
0
0
0
0
0
0
0
0
0
0
0.023821988849017303
0.01855473237202689
0.014293193309410382
0
0
0
0
0
0
0
0
0
0
0
0
0
0
0
0
0
0
0
0
0
0
0
0
0
0
0.12316180442046372
0
0
0
